"","year","state","state_po","county_name","county_fips","office","candidate","party","candidatevotes","totalvotes","version","mode","pct_vote","Date","MMWR_week","Recip_County","Recip_State","Series_Complete_Pop_Pct","Series_Complete_Yes","Series_Complete_12Plus","Series_Complete_12PlusPop_Pct","Series_Complete_18Plus","Series_Complete_18PlusPop_Pct","Series_Complete_65Plus","Series_Complete_65PlusPop_Pct","Completeness_pct","Administered_Dose1_Recip","Administered_Dose1_Pop_Pct","Administered_Dose1_Recip_12Plus","Administered_Dose1_Recip_12PlusPop_Pct","Administered_Dose1_Recip_18Plus","Administered_Dose1_Recip_18PlusPop_Pct","Administered_Dose1_Recip_65Plus","Administered_Dose1_Recip_65PlusPop_Pct","SVI_CTGY","Series_Complete_Pop_Pct_SVI","Series_Complete_12PlusPop_Pct_SVI","Series_Complete_18PlusPop_Pct_SVI","Series_Complete_65PlusPop_Pct_SVI","Metro_status","Series_Complete_Pop_Pct_UR_Equity","Series_Complete_12PlusPop_Pct_UR_Equity","Series_Complete_18PlusPop_Pct_UR_Equity","Series_Complete_65PlusPop_Pct_UR_Equity"
"1",2020,"ALABAMA","AL","AUTAUGA",1001,"PRESIDENT","DONALD J TRUMP","REPUBLICAN",19838,27770,20210622,"TOTAL",0.714368023046453,"11/30/2021",48,"Autauga County","AL",37,20677,20676,43.5,19438,45.3,5822,65.2,92.6,25789,46.2,25633,53.9,24053,56.1,6998,78.4,"B",6,7,7,7,"Metro",2,3,3,3
"2",2020,"ALABAMA","AL","BALDWIN",1003,"PRESIDENT","DONALD J TRUMP","REPUBLICAN",83544,109679,20210622,"TOTAL",0.761713728243328,"11/30/2021",48,"Baldwin County","AL",46.1,102932,102930,53.4,98166,55.9,37034,79.1,92.6,130368,58.4,129769,67.4,123466,70.3,45760,97.7,"A",3,4,4,4,"Metro",3,4,4,4
"3",2020,"ALABAMA","AL","BARBOUR",1005,"PRESIDENT","DONALD J TRUMP","REPUBLICAN",5622,10518,20210622,"TOTAL",0.534512264689104,"11/30/2021",48,"Barbour County","AL",40.8,10062,10061,47,9611,49,3366,69.2,92.6,12307,49.9,12270,57.3,11690,59.6,3873,79.7,"D",15,15,15,15,"Non-metro",7,7,7,7
"4",2020,"ALABAMA","AL","BIBB",1007,"PRESIDENT","DONALD J TRUMP","REPUBLICAN",7525,9595,20210622,"TOTAL",0.784262636789995,"11/30/2021",48,"Bibb County","AL",31.9,7145,7144,36.7,6809,38.2,2216,59.4,92.6,8753,39.1,8735,44.8,8331,46.7,2489,66.7,"C",10,10,10,11,"Metro",2,2,2,3
"5",2020,"ALABAMA","AL","BLOUNT",1009,"PRESIDENT","DONALD J TRUMP","REPUBLICAN",24711,27588,20210622,"TOTAL",0.895715528490648,"11/30/2021",48,"Blount County","AL",28.8,16677,16677,33.9,15971,35.8,5615,51.9,92.6,20136,34.8,20084,40.8,19180,43,6462,59.8,"B",5,6,6,7,"Metro",1,2,2,3
"6",2020,"ALABAMA","AL","BULLOCK",1011,"PRESIDENT","DONALD J TRUMP","REPUBLICAN",1146,4613,20210622,"TOTAL",0.248428354649902,"11/30/2021",48,"Bullock County","AL",46,4644,4644,53.5,4365,54.6,1291,75.5,92.6,5748,56.9,5736,66.1,5397,67.5,1553,90.8,"D",15,16,16,16,"Non-metro",7,8,8,8
"7",2020,"ALABAMA","AL","BUTLER",1013,"PRESIDENT","DONALD J TRUMP","REPUBLICAN",5458,9488,20210622,"TOTAL",0.575252951096121,"11/30/2021",48,"Butler County","AL",36,7008,7008,42,6678,44,2521,62.3,92.6,8883,45.7,8867,53.2,8446,55.7,3061,75.6,"D",14,15,15,15,"Non-metro",6,7,7,7
"8",2020,"ALABAMA","AL","CALHOUN",1015,"PRESIDENT","DONALD J TRUMP","REPUBLICAN",35101,50983,20210622,"TOTAL",0.688484396759704,"11/30/2021",48,"Calhoun County","AL",43.3,49219,49219,50.3,47157,52.9,15983,77.8,92.6,60579,53.3,59949,61.3,57158,64.1,18438,89.7,"D",15,16,16,16,"Metro",3,4,4,4
"9",2020,"ALABAMA","AL","CHAMBERS",1017,"PRESIDENT","DONALD J TRUMP","REPUBLICAN",8753,15284,20210622,"TOTAL",0.572690395184507,"11/30/2021",48,"Chambers County","AL",28.8,9575,9575,33.5,9211,35,3362,50.1,92.6,11437,34.4,11409,39.9,10953,41.6,3849,57.3,"C",9,10,10,11,"Non-metro",5,6,6,7
"10",2020,"ALABAMA","AL","CHEROKEE",1019,"PRESIDENT","DONALD J TRUMP","REPUBLICAN",10583,12301,20210622,"TOTAL",0.860336558003414,"11/30/2021",48,"Cherokee County","AL",29.5,7735,7735,33.5,7530,35.4,3252,52.8,92.6,9381,35.8,9369,40.6,9114,42.9,3885,63,"B",5,6,6,7,"Non-metro",5,6,6,7
"11",2020,"ALABAMA","AL","CHILTON",1021,"PRESIDENT","DONALD J TRUMP","REPUBLICAN",16085,19310,20210622,"TOTAL",0.832988089073019,"11/30/2021",48,"Chilton County","AL",33.2,14765,14764,39.4,14022,41.4,4836,63.6,92.6,18008,40.5,17924,47.8,17027,50.3,5596,73.6,"D",14,14,15,15,"Metro",2,2,3,3
"12",2020,"ALABAMA","AL","CHOCTAW",1023,"PRESIDENT","DONALD J TRUMP","REPUBLICAN",4296,7464,20210622,"TOTAL",0.57556270096463,"11/30/2021",48,"Choctaw County","AL",60.5,7620,7620,69.1,7361,72.8,2783,93.7,92.6,9424,74.9,9413,85.3,9055,89.6,3360,99.9,"D",16,16,16,16,"Non-metro",8,8,8,8
"13",2020,"ALABAMA","AL","CLARKE",1025,"PRESIDENT","DONALD J TRUMP","REPUBLICAN",7324,13135,20210622,"TOTAL",0.557594213932242,"11/30/2021",48,"Clarke County","AL",47.2,11156,11156,54.7,10629,57.2,3705,76.5,92.6,13892,58.8,13854,68,13184,70.9,4388,90.6,"D",15,16,16,16,"Non-metro",7,8,8,8
"14",2020,"ALABAMA","AL","CLAY",1027,"PRESIDENT","DONALD J TRUMP","REPUBLICAN",5601,6930,20210622,"TOTAL",0.808225108225108,"11/30/2021",48,"Clay County","AL",39.5,5233,5232,45.6,5060,47.9,1802,64.7,92.6,6366,48.1,6355,55.4,6143,58.1,2209,79.3,"C",10,11,11,11,"Non-metro",6,7,7,7
"15",2020,"ALABAMA","AL","CLEBURNE",1029,"PRESIDENT","DONALD J TRUMP","REPUBLICAN",6484,7227,20210622,"TOTAL",0.897191088971911,"11/30/2021",48,"Cleburne County","AL",29.2,4350,4350,34.3,4217,36.5,1684,56,92.6,5259,35.3,5234,41.2,5065,43.9,1957,65.1,"C",9,10,10,11,"Non-metro",5,6,6,7
"16",2020,"ALABAMA","AL","COFFEE",1031,"PRESIDENT","DONALD J TRUMP","REPUBLICAN",16899,22275,20210622,"TOTAL",0.758653198653199,"11/30/2021",48,"Coffee County","AL",36.4,19057,19056,43,18214,45.6,6449,71.4,92.6,23237,44.4,23123,52.2,22004,55.1,7322,81.1,"C",10,11,11,12,"Non-metro",6,7,7,8
"17",2020,"ALABAMA","AL","COLBERT",1033,"PRESIDENT","DONALD J TRUMP","REPUBLICAN",19203,27886,20210622,"TOTAL",0.688625116545937,"11/30/2021",48,"Colbert County","AL",44.6,24627,24627,51.8,23466,53.7,8398,75.9,92.6,29295,53,29175,61.3,27746,63.5,9529,86.1,"B",7,8,8,8,"Metro",3,4,4,4
"18",2020,"ALABAMA","AL","CONECUH",1035,"PRESIDENT","DONALD J TRUMP","REPUBLICAN",3442,6441,20210622,"TOTAL",0.534389070020183,"11/30/2021",48,"Conecuh County","AL",38.9,4695,4695,44.9,4515,47.1,1750,61.8,92.6,6186,51.3,6172,59,5900,61.5,2223,78.5,"D",14,15,15,15,"Non-metro",6,7,7,7
"19",2020,"ALABAMA","AL","COOSA",1037,"PRESIDENT","DONALD J TRUMP","REPUBLICAN",3631,5479,20210622,"TOTAL",0.662712173754335,"11/30/2021",48,"Coosa County","AL",37.4,3986,3986,41.8,3867,43.4,1608,62.6,92.6,4739,44.4,4734,49.6,4586,51.4,1855,72.2,"C",10,11,11,11,"Non-metro",6,7,7,7
"20",2020,"ALABAMA","AL","COVINGTON",1039,"PRESIDENT","DONALD J TRUMP","REPUBLICAN",14586,17430,20210622,"TOTAL",0.836833046471601,"11/30/2021",48,"Covington County","AL",35.3,13066,13066,41.2,12580,43.5,5071,64,92.6,16026,43.3,16008,50.5,15410,53.3,6018,76,"D",14,15,15,15,"Non-metro",6,7,7,7
"21",2020,"ALABAMA","AL","CRENSHAW",1041,"PRESIDENT","DONALD J TRUMP","REPUBLICAN",4864,6617,20210622,"TOTAL",0.735076318573372,"11/30/2021",48,"Crenshaw County","AL",31.5,4342,4342,37,4184,39.3,1644,61.5,92.6,5299,38.5,5282,45,5074,47.7,1936,72.5,"C",10,10,10,11,"Non-metro",6,6,6,7
"22",2020,"ALABAMA","AL","CULLMAN",1043,"PRESIDENT","DONALD J TRUMP","REPUBLICAN",36880,41851,20210622,"TOTAL",0.881221476189338,"11/30/2021",48,"Cullman County","AL",35.7,29888,29887,41.9,28861,44.4,10756,68.4,92.6,35235,42.1,35142,49.3,33837,52.1,12030,76.5,"C",10,11,11,11,"Non-metro",6,7,7,7
"23",2020,"ALABAMA","AL","DALE",1045,"PRESIDENT","DONALD J TRUMP","REPUBLICAN",14303,19738,20210622,"TOTAL",0.724642820954504,"11/30/2021",48,"Dale County","AL",49.4,24297,24297,58.5,23553,62,6390,75.2,92.6,28095,57.1,28011,67.4,27057,71.2,7091,83.4,"D",15,16,16,16,"Non-metro",7,8,8,8
"24",2020,"ALABAMA","AL","DALLAS",1047,"PRESIDENT","DONALD J TRUMP","REPUBLICAN",5524,17864,20210622,"TOTAL",0.30922525750112,"11/30/2021",48,"Dallas County","AL",40.8,15160,15160,48,14374,50.4,4801,68.4,92.6,19880,53.4,19833,62.8,18749,65.7,6211,88.5,"D",15,15,16,15,"Non-metro",7,7,8,7
"25",2020,"ALABAMA","AL","DEKALB",1049,"PRESIDENT","DONALD J TRUMP","REPUBLICAN",24767,29356,20210622,"TOTAL",0.843677612753781,"11/30/2021",48,"DeKalb County","AL",30.9,22112,22111,36.5,21169,38.9,7259,57.6,92.6,27278,38.1,27230,44.9,25948,47.7,8621,68.4,"D",14,14,14,15,"Non-metro",6,6,6,7
"26",2020,"ALABAMA","AL","ELMORE",1051,"PRESIDENT","DONALD J TRUMP","REPUBLICAN",30164,41030,20210622,"TOTAL",0.735169388252498,"11/30/2021",48,"Elmore County","AL",40.9,33192,33192,47.8,31716,50.3,10159,80.3,92.6,41208,50.7,41099,59.2,39130,62,12113,95.7,"C",11,11,12,12,"Metro",3,3,4,4
"27",2020,"ALABAMA","AL","ESCAMBIA",1053,"PRESIDENT","DONALD J TRUMP","REPUBLICAN",10869,15910,20210622,"TOTAL",0.683155248271527,"11/30/2021",48,"Escambia County","AL",33.4,12221,12221,39.2,11784,41.5,4601,68.8,92.6,15705,42.9,15686,50.3,15131,53.3,5875,87.8,"D",14,14,15,15,"Non-metro",6,6,7,7
"28",2020,"ALABAMA","AL","ETOWAH",1055,"PRESIDENT","DONALD J TRUMP","REPUBLICAN",35528,47728,20210622,"TOTAL",0.744384847468991,"11/30/2021",48,"Etowah County","AL",38.1,38926,38922,44.2,37408,46.5,13633,68.9,92.6,47082,46,46913,53.3,44851,55.7,15611,78.9,"C",10,11,11,11,"Metro",2,3,3,3
"29",2020,"ALABAMA","AL","FAYETTE",1057,"PRESIDENT","DONALD J TRUMP","REPUBLICAN",7300,8766,20210622,"TOTAL",0.832762947752681,"11/30/2021",48,"Fayette County","AL",32.1,5237,5236,37.3,5037,39.1,2077,58.6,92.6,6124,37.6,6099,43.4,5866,45.6,2365,66.7,"C",10,10,10,11,"Non-metro",6,6,6,7
"30",2020,"ALABAMA","AL","FRANKLIN",1059,"PRESIDENT","DONALD J TRUMP","REPUBLICAN",10376,12578,20210622,"TOTAL",0.824932421688663,"11/30/2021",48,"Franklin County","AL",40.3,12653,12653,48.3,12114,51.4,4157,77.4,92.6,15411,49.1,15362,58.6,14622,62,4788,89.1,"D",15,15,16,16,"Non-metro",7,7,8,8
"31",2020,"ALABAMA","AL","GENEVA",1061,"PRESIDENT","DONALD J TRUMP","REPUBLICAN",10848,12545,20210622,"TOTAL",0.864726982861698,"11/30/2021",48,"Geneva County","AL",35.5,9339,9338,41.3,9090,44.3,3798,70.1,92.6,11132,42.4,11116,49.1,10805,52.7,4328,79.9,"D",14,15,15,16,"Metro",2,3,3,4
"32",2020,"ALABAMA","AL","GREENE",1063,"PRESIDENT","DONALD J TRUMP","REPUBLICAN",875,4775,20210622,"TOTAL",0.183246073298429,"11/30/2021",48,"Greene County","AL",46.4,3761,3761,54.1,3550,56,1359,71.9,92.6,4819,59.4,4784,68.8,4520,71.3,1673,88.5,"D",15,16,16,16,"Non-metro",7,8,8,8
"33",2020,"ALABAMA","AL","HALE",1065,"PRESIDENT","DONALD J TRUMP","REPUBLICAN",3192,7900,20210622,"TOTAL",0.404050632911392,"11/30/2021",48,"Hale County","AL",56.3,8254,8254,66.7,7762,68.8,2367,82,92.6,9770,66.7,9709,78.5,9079,80.5,2695,93.4,"D",16,16,16,16,"Metro",4,4,4,4
"34",2020,"ALABAMA","AL","HENRY",1067,"PRESIDENT","DONALD J TRUMP","REPUBLICAN",6607,9298,20210622,"TOTAL",0.710582921058292,"11/30/2021",48,"Henry County","AL",41.6,7151,7151,47.7,6932,50.6,2845,70.6,92.6,8702,50.6,8687,58,8405,61.4,3261,80.9,"C",11,11,12,12,"Metro",3,3,4,4
"35",2020,"ALABAMA","AL","HOUSTON",1069,"PRESIDENT","DONALD J TRUMP","REPUBLICAN",32618,46173,20210622,"TOTAL",0.706430164814935,"11/30/2021",48,"Houston County","AL",39.6,41922,41922,46.6,40135,49.2,13916,72.5,92.6,50121,47.3,49910,55.5,47667,58.4,15909,82.9,"C",10,11,11,12,"Metro",2,3,3,4
"36",2020,"ALABAMA","AL","JACKSON",1071,"PRESIDENT","DONALD J TRUMP","REPUBLICAN",19670,23636,20210622,"TOTAL",0.832205110847859,"11/30/2021",48,"Jackson County","AL",44.9,23197,23197,51.8,22383,54.7,8652,81.7,92.6,28069,54.4,27945,62.4,26906,65.7,10023,94.6,"C",11,12,12,12,"Non-metro",7,8,8,8
"37",2020,"ALABAMA","AL","JEFFERSON",1073,"PRESIDENT","DONALD J TRUMP","REPUBLICAN",138843,325848,20210622,"TOTAL",0.426097444207115,"11/30/2021",48,"Jefferson County","AL",52.6,346183,346115,62.1,325723,64,93601,87.2,92.6,428960,65.1,425113,76.2,398039,78.2,107170,99.9,"C",12,12,12,12,"Metro",4,4,4,4
"38",2020,"ALABAMA","AL","LAMAR",1075,"PRESIDENT","DONALD J TRUMP","REPUBLICAN",6174,7193,20210622,"TOTAL",0.858334491867093,"11/30/2021",48,"Lamar County","AL",40.3,5563,5563,46.6,5409,49.8,2254,73.7,92.6,6429,46.6,6423,53.8,6244,57.5,2543,83.1,"C",11,11,11,12,"Non-metro",7,7,7,8
"39",2020,"ALABAMA","AL","LAUDERDALE",1077,"PRESIDENT","DONALD J TRUMP","REPUBLICAN",31721,44339,20210622,"TOTAL",0.71541983355511,"11/30/2021",48,"Lauderdale County","AL",42.7,39636,39635,48.9,38273,51.2,14038,73.9,92.6,49427,53.3,49184,60.6,47229,63.2,16616,87.4,"B",7,7,8,8,"Metro",3,3,4,4
"40",2020,"ALABAMA","AL","LAWRENCE",1079,"PRESIDENT","DONALD J TRUMP","REPUBLICAN",12322,16031,20210622,"TOTAL",0.768635768199114,"11/30/2021",48,"Lawrence County","AL",43.7,14376,14376,50.7,13911,53.9,5098,81.1,92.6,16887,51.3,16854,59.5,16291,63.1,5758,91.6,"B",7,8,8,8,"Metro",3,4,4,4
"41",2020,"ALABAMA","AL","LEE",1081,"PRESIDENT","DONALD J TRUMP","REPUBLICAN",42221,71449,20210622,"TOTAL",0.590924995451301,"11/30/2021",48,"Lee County","AL",35.6,58562,58560,41.4,55547,42.8,12761,62.5,92.6,69037,42,68555,48.4,64757,49.9,14679,71.9,"C",10,11,11,11,"Metro",2,3,3,3
"42",2020,"ALABAMA","AL","LIMESTONE",1083,"PRESIDENT","DONALD J TRUMP","REPUBLICAN",34640,49235,20210622,"TOTAL",0.703564537422565,"11/30/2021",48,"Limestone County","AL",33.8,33482,33482,39.5,32103,41.8,10099,67,92.6,38834,39.3,38662,45.6,37002,48.2,11094,73.6,"C",10,10,11,11,"Metro",2,2,3,3
"43",2020,"ALABAMA","AL","LOWNDES",1085,"PRESIDENT","DONALD J TRUMP","REPUBLICAN",1836,6835,20210622,"TOTAL",0.26861741038771,"11/30/2021",48,"Lowndes County","AL",44.1,4285,4285,51.9,4075,53.7,1424,74.1,92.6,5571,57.3,5554,67.2,5229,68.9,1763,91.8,"D",15,16,16,16,"Metro",3,4,4,4
"44",2020,"ALABAMA","AL","MACON",1087,"PRESIDENT","DONALD J TRUMP","REPUBLICAN",1541,8723,20210622,"TOTAL",0.176659406167603,"11/30/2021",48,"Macon County","AL",43.3,7826,7826,48.8,7424,49.6,2609,68.9,92.6,9861,54.6,9830,61.3,9309,62.2,3183,84.1,"D",15,15,15,15,"Non-metro",7,7,7,7
"45",2020,"ALABAMA","AL","MADISON",1089,"PRESIDENT","DONALD J TRUMP","REPUBLICAN",102780,194767,20210622,"TOTAL",0.527707465843803,"11/30/2021",48,"Madison County","AL",55.3,206319,206312,64.5,193794,66.3,49781,87.1,92.6,251846,67.5,248617,77.7,232821,79.7,56444,98.8,"B",8,8,8,8,"Metro",4,4,4,4
"46",2020,"ALABAMA","AL","MARENGO",1091,"PRESIDENT","DONALD J TRUMP","REPUBLICAN",5343,10900,20210622,"TOTAL",0.490183486238532,"11/30/2021",48,"Marengo County","AL",50.5,9519,9519,59.2,9021,61.7,2997,79.9,92.6,11747,62.3,11720,72.9,11035,75.5,3483,92.9,"D",16,16,16,16,"Non-metro",8,8,8,8
"47",2020,"ALABAMA","AL","MARION",1093,"PRESIDENT","DONALD J TRUMP","REPUBLICAN",12205,13807,20210622,"TOTAL",0.88397189831245,"11/30/2021",48,"Marion County","AL",33.8,10053,10052,39,9751,41.4,3915,61.3,92.6,11853,39.9,11828,45.9,11451,48.6,4373,68.4,"C",10,10,11,11,"Non-metro",6,6,7,7
"48",2020,"ALABAMA","AL","MARSHALL",1095,"PRESIDENT","DONALD J TRUMP","REPUBLICAN",33191,39655,20210622,"TOTAL",0.836994073887278,"11/30/2021",48,"Marshall County","AL",41.6,40275,40275,50,38436,53.1,13107,78.3,92.6,49095,50.7,48879,60.6,46379,64,14982,89.4,"C",11,12,12,12,"Non-metro",7,8,8,8
"49",2020,"ALABAMA","AL","MOBILE",1097,"PRESIDENT","DONALD J TRUMP","REPUBLICAN",101243,183164,20210622,"TOTAL",0.552745080911096,"11/30/2021",48,"Mobile County","AL",45.1,186343,186336,53.4,176581,55.7,52872,76.9,92.6,225920,54.7,224709,64.4,212329,67,60841,88.5,"D",15,16,16,16,"Metro",3,4,4,4
"50",2020,"ALABAMA","AL","MONROE",1099,"PRESIDENT","DONALD J TRUMP","REPUBLICAN",6147,10668,20210622,"TOTAL",0.576209223847019,"11/30/2021",48,"Monroe County","AL",40.3,8357,8356,46.4,7947,48.6,2760,62.9,92.6,10535,50.8,10510,58.4,9999,61.1,3501,79.8,"C",11,11,11,11,"Non-metro",7,7,7,7
"51",2020,"ALABAMA","AL","MONTGOMERY",1101,"PRESIDENT","DONALD J TRUMP","REPUBLICAN",33311,99139,20210622,"TOTAL",0.336002985706937,"11/30/2021",48,"Montgomery County","AL",48.1,109032,109027,57.2,102633,59.1,27481,77.9,92.6,137263,60.6,136402,71.6,127954,73.7,33596,95.2,"D",15,16,16,16,"Metro",3,4,4,4
"52",2020,"ALABAMA","AL","MORGAN",1103,"PRESIDENT","DONALD J TRUMP","REPUBLICAN",39664,53722,20210622,"TOTAL",0.738319496668032,"11/30/2021",48,"Morgan County","AL",40.1,47985,47984,47.1,45994,49.8,15956,74.8,92.6,56798,47.5,56596,55.6,54153,58.6,17832,83.6,"C",11,11,11,12,"Metro",3,3,3,4
"53",2020,"ALABAMA","AL","PERRY",1105,"PRESIDENT","DONALD J TRUMP","REPUBLICAN",1339,5230,20210622,"TOTAL",0.256022944550669,"11/30/2021",48,"Perry County","AL",44.6,3981,3981,51.7,3743,53,1250,69.6,92.6,4776,53.5,4766,61.9,4484,63.5,1483,82.6,"D",15,16,16,15,"Non-metro",7,8,8,7
"54",2020,"ALABAMA","AL","PICKENS",1107,"PRESIDENT","DONALD J TRUMP","REPUBLICAN",5594,9668,20210622,"TOTAL",0.578609846917666,"11/30/2021",48,"Pickens County","AL",45.1,8995,8995,51.7,8611,53.6,2740,70.5,92.6,11004,55.2,10992,63.1,10502,65.4,3389,87.2,"D",15,16,16,16,"Metro",3,4,4,4
"55",2020,"ALABAMA","AL","PIKE",1109,"PRESIDENT","DONALD J TRUMP","REPUBLICAN",8042,13841,20210622,"TOTAL",0.581027382414565,"11/30/2021",48,"Pike County","AL",38.3,12689,12689,43.9,12035,44.9,3942,78.4,92.6,15290,46.2,15232,52.7,14417,53.8,4525,89.9,"D",14,15,15,16,"Non-metro",6,7,7,8
"56",2020,"ALABAMA","AL","RANDOLPH",1111,"PRESIDENT","DONALD J TRUMP","REPUBLICAN",8559,10837,20210622,"TOTAL",0.789794223493587,"11/30/2021",48,"Randolph County","AL",31.2,7087,7086,36.2,6937,38.7,2878,60.7,92.6,8543,37.6,8529,43.6,8321,46.4,3377,71.2,"C",10,10,10,11,"Non-metro",6,6,6,7
"57",2020,"ALABAMA","AL","RUSSELL",1113,"PRESIDENT","DONALD J TRUMP","REPUBLICAN",9864,21329,20210622,"TOTAL",0.462468939003235,"11/30/2021",48,"Russell County","AL",36.2,20996,20994,43.4,19786,45,6405,74.6,92.6,27553,47.5,27406,56.6,25803,58.7,8101,94.3,"D",14,15,15,16,"Metro",2,3,3,4
"58",2020,"ALABAMA","AL","ST. CLAIR",1115,"PRESIDENT","DONALD J TRUMP","REPUBLICAN",36166,44441,20210622,"TOTAL",0.813798069350375,"11/30/2021",48,"St. Clair County","AL",36.1,32310,32309,42.4,30943,44.6,10277,68.1,92.6,38803,43.3,38634,50.6,36873,53.2,11650,77.2,"B",6,7,7,7,"Metro",2,3,3,3
"59",2020,"ALABAMA","AL","SHELBY",1117,"PRESIDENT","DONALD J TRUMP","REPUBLICAN",79700,114950,20210622,"TOTAL",0.693344932579382,"11/30/2021",48,"Shelby County","AL",33.1,71978,71973,38.7,66935,40,17293,49.8,92.6,89399,41.1,88639,47.7,82262,49.2,20484,59,"A",2,2,3,2,"Metro",2,2,3,2
"60",2020,"ALABAMA","AL","SUMTER",1119,"PRESIDENT","DONALD J TRUMP","REPUBLICAN",1598,6291,20210622,"TOTAL",0.254013670322683,"11/30/2021",48,"Sumter County","AL",46.1,5724,5724,52.8,5395,53.6,1823,78.4,92.6,7511,60.4,7493,69.1,7037,69.9,2289,98.5,"D",15,16,16,16,"Non-metro",7,8,8,8
"61",2020,"ALABAMA","AL","TALLADEGA",1121,"PRESIDENT","DONALD J TRUMP","REPUBLICAN",22235,35663,20210622,"TOTAL",0.623475310545944,"11/30/2021",48,"Talladega County","AL",33.9,27080,27080,39.1,25992,41.1,9228,62.5,92.6,33116,41.4,33029,47.7,31592,49.9,10576,71.6,"D",14,14,15,15,"Non-metro",6,6,7,7
"62",2020,"ALABAMA","AL","TALLAPOOSA",1123,"PRESIDENT","DONALD J TRUMP","REPUBLICAN",14963,20991,20210622,"TOTAL",0.71282930779858,"11/30/2021",48,"Tallapoosa County","AL",36.3,14635,14635,41.9,14078,43.8,5771,64.2,92.6,17302,42.9,17256,49.5,16607,51.7,6550,72.9,"D",14,15,15,15,"Non-metro",6,7,7,7
"63",2020,"ALABAMA","AL","TUSCALOOSA",1125,"PRESIDENT","DONALD J TRUMP","REPUBLICAN",51117,90172,20210622,"TOTAL",0.566883289712993,"11/30/2021",48,"Tuscaloosa County","AL",40.2,84062,84060,46.8,79430,48,21341,74.1,92.6,100826,48.2,100129,55.8,94527,57.2,24492,85.1,"C",11,11,11,12,"Metro",3,3,3,4
"64",2020,"ALABAMA","AL","WALKER",1127,"PRESIDENT","DONALD J TRUMP","REPUBLICAN",26002,31170,20210622,"TOTAL",0.834199550850176,"11/30/2021",48,"Walker County","AL",43.8,27851,27851,51.4,26810,54.3,9949,80.2,92.6,33343,52.5,33241,61.4,31890,64.6,11382,91.7,"C",11,12,12,12,"Metro",3,4,4,4
"65",2020,"ALABAMA","AL","WASHINGTON",1129,"PRESIDENT","DONALD J TRUMP","REPUBLICAN",6564,8876,20210622,"TOTAL",0.739522307345651,"11/30/2021",48,"Washington County","AL",43,7013,7012,49.8,6741,53,2527,78.5,92.6,8501,52.1,8487,60.2,8155,64.1,2924,90.8,"C",11,11,12,12,"Non-metro",7,7,8,8
"66",2020,"ALABAMA","AL","WILCOX",1131,"PRESIDENT","DONALD J TRUMP","REPUBLICAN",1833,5903,20210622,"TOTAL",0.31052007453837,"11/30/2021",48,"Wilcox County","AL",48.6,5041,5041,57.1,4732,59.5,1639,77.9,92.6,6418,61.9,6408,72.6,5961,74.9,2058,97.8,"D",15,16,16,16,"Non-metro",7,8,8,8
"67",2020,"ALABAMA","AL","WINSTON",1133,"PRESIDENT","DONALD J TRUMP","REPUBLICAN",10195,11284,20210622,"TOTAL",0.903491669620702,"11/30/2021",48,"Winston County","AL",20.4,4824,4824,23.4,4696,24.9,1981,38.3,92.6,5847,24.7,5835,28.4,5695,30.2,2353,45.5,"C",9,9,9,10,"Non-metro",5,5,5,6
"68",2020,"ALASKA","AK","DISTRICT 1",2001,"PRESIDENT","DONALD J TRUMP","REPUBLICAN",3511,7314,20210622,"TOTAL",0.48003828274542,NA,NA,NA,NA,NA,NA,NA,NA,NA,NA,NA,NA,NA,NA,NA,NA,NA,NA,NA,NA,NA,NA,NA,NA,NA,NA,NA,NA,NA,NA,NA
"69",2020,"ALASKA","AK","DISTRICT 2",2002,"PRESIDENT","DONALD J TRUMP","REPUBLICAN",3674,6136,20210622,"TOTAL",0.598761408083442,NA,NA,NA,NA,NA,NA,NA,NA,NA,NA,NA,NA,NA,NA,NA,NA,NA,NA,NA,NA,NA,NA,NA,NA,NA,NA,NA,NA,NA,NA,NA
"70",2020,"ALASKA","AK","DISTRICT 3",2003,"PRESIDENT","DONALD J TRUMP","REPUBLICAN",6076,8385,20210622,"TOTAL",0.724627310673822,NA,NA,NA,NA,NA,NA,NA,NA,NA,NA,NA,NA,NA,NA,NA,NA,NA,NA,NA,NA,NA,NA,NA,NA,NA,NA,NA,NA,NA,NA,NA
"71",2020,"ALASKA","AK","DISTRICT 4",2004,"PRESIDENT","DONALD J TRUMP","REPUBLICAN",4690,10511,20210622,"TOTAL",0.446199219864903,NA,NA,NA,NA,NA,NA,NA,NA,NA,NA,NA,NA,NA,NA,NA,NA,NA,NA,NA,NA,NA,NA,NA,NA,NA,NA,NA,NA,NA,NA,NA
"72",2020,"ALASKA","AK","DISTRICT 5",2005,"PRESIDENT","DONALD J TRUMP","REPUBLICAN",4077,8654,20210622,"TOTAL",0.471111624682228,NA,NA,NA,NA,NA,NA,NA,NA,NA,NA,NA,NA,NA,NA,NA,NA,NA,NA,NA,NA,NA,NA,NA,NA,NA,NA,NA,NA,NA,NA,NA
"73",2020,"ALASKA","AK","DISTRICT 6",2006,"PRESIDENT","DONALD J TRUMP","REPUBLICAN",5770,9460,20210622,"TOTAL",0.609936575052854,NA,NA,NA,NA,NA,NA,NA,NA,NA,NA,NA,NA,NA,NA,NA,NA,NA,NA,NA,NA,NA,NA,NA,NA,NA,NA,NA,NA,NA,NA,NA
"74",2020,"ALASKA","AK","DISTRICT 7",2007,"PRESIDENT","DONALD J TRUMP","REPUBLICAN",7027,9622,20210622,"TOTAL",0.73030554978175,NA,NA,NA,NA,NA,NA,NA,NA,NA,NA,NA,NA,NA,NA,NA,NA,NA,NA,NA,NA,NA,NA,NA,NA,NA,NA,NA,NA,NA,NA,NA
"75",2020,"ALASKA","AK","DISTRICT 8",2008,"PRESIDENT","DONALD J TRUMP","REPUBLICAN",7618,9912,20210622,"TOTAL",0.768563357546408,NA,NA,NA,NA,NA,NA,NA,NA,NA,NA,NA,NA,NA,NA,NA,NA,NA,NA,NA,NA,NA,NA,NA,NA,NA,NA,NA,NA,NA,NA,NA
"76",2020,"ALASKA","AK","DISTRICT 9",2009,"PRESIDENT","DONALD J TRUMP","REPUBLICAN",7787,10993,20210622,"TOTAL",0.708359865368871,NA,NA,NA,NA,NA,NA,NA,NA,NA,NA,NA,NA,NA,NA,NA,NA,NA,NA,NA,NA,NA,NA,NA,NA,NA,NA,NA,NA,NA,NA,NA
"77",2020,"ALASKA","AK","DISTRICT 10",2010,"PRESIDENT","DONALD J TRUMP","REPUBLICAN",8081,11205,20210622,"TOTAL",0.721195894689871,NA,NA,NA,NA,NA,NA,NA,NA,NA,NA,NA,NA,NA,NA,NA,NA,NA,NA,NA,NA,NA,NA,NA,NA,NA,NA,NA,NA,NA,NA,NA
"78",2020,"ALASKA","AK","DISTRICT 11",2011,"PRESIDENT","DONALD J TRUMP","REPUBLICAN",7096,10628,20210622,"TOTAL",0.6676703048551,NA,NA,NA,NA,NA,NA,NA,NA,NA,NA,NA,NA,NA,NA,NA,NA,NA,NA,NA,NA,NA,NA,NA,NA,NA,NA,NA,NA,NA,NA,NA
"79",2020,"ALASKA","AK","DISTRICT 12",2012,"PRESIDENT","DONALD J TRUMP","REPUBLICAN",7893,11238,20210622,"TOTAL",0.702349172450614,NA,NA,NA,NA,NA,NA,NA,NA,NA,NA,NA,NA,NA,NA,NA,NA,NA,NA,NA,NA,NA,NA,NA,NA,NA,NA,NA,NA,NA,NA,NA
"80",2020,"ALASKA","AK","DISTRICT 13",2013,"PRESIDENT","DONALD J TRUMP","REPUBLICAN",4652,7713,20210622,"TOTAL",0.603137559963698,"11/30/2021",48,"Aleutians East Borough","AK",69.8,2329,2321,73.5,2228,72.2,161,45.9,96.7,2656,79.6,2612,82.8,2513,81.5,177,50.4,"C",12,12,12,10,"Non-metro",8,8,8,6
"81",2020,"ALASKA","AK","DISTRICT 14",2014,"PRESIDENT","DONALD J TRUMP","REPUBLICAN",6714,11443,20210622,"TOTAL",0.586734248011885,NA,NA,NA,NA,NA,NA,NA,NA,NA,NA,NA,NA,NA,NA,NA,NA,NA,NA,NA,NA,NA,NA,NA,NA,NA,NA,NA,NA,NA,NA,NA
"82",2020,"ALASKA","AK","DISTRICT 15",2015,"PRESIDENT","DONALD J TRUMP","REPUBLICAN",2671,5559,20210622,"TOTAL",0.48048210109732,NA,NA,NA,NA,NA,NA,NA,NA,NA,NA,NA,NA,NA,NA,NA,NA,NA,NA,NA,NA,NA,NA,NA,NA,NA,NA,NA,NA,NA,NA,NA
"83",2020,"ALASKA","AK","DISTRICT 16",2016,"PRESIDENT","DONALD J TRUMP","REPUBLICAN",3516,8118,20210622,"TOTAL",0.433111603843311,"11/30/2021",48,"Aleutians West Census Area","AK",56.7,3194,3189,61.5,3056,61.2,246,58.7,96.7,3801,67.5,3767,72.6,3596,72,280,66.8,"B",8,8,8,7,"Non-metro",8,8,8,7
"84",2020,"ALASKA","AK","DISTRICT 17",2017,"PRESIDENT","DONALD J TRUMP","REPUBLICAN",2810,7239,20210622,"TOTAL",0.388175162315237,NA,NA,NA,NA,NA,NA,NA,NA,NA,NA,NA,NA,NA,NA,NA,NA,NA,NA,NA,NA,NA,NA,NA,NA,NA,NA,NA,NA,NA,NA,NA
"85",2020,"ALASKA","AK","DISTRICT 18",2018,"PRESIDENT","DONALD J TRUMP","REPUBLICAN",2760,7720,20210622,"TOTAL",0.357512953367876,NA,NA,NA,NA,NA,NA,NA,NA,NA,NA,NA,NA,NA,NA,NA,NA,NA,NA,NA,NA,NA,NA,NA,NA,NA,NA,NA,NA,NA,NA,NA
"86",2020,"ALASKA","AK","DISTRICT 19",2019,"PRESIDENT","DONALD J TRUMP","REPUBLICAN",1975,5301,20210622,"TOTAL",0.372571212978683,NA,NA,NA,NA,NA,NA,NA,NA,NA,NA,NA,NA,NA,NA,NA,NA,NA,NA,NA,NA,NA,NA,NA,NA,NA,NA,NA,NA,NA,NA,NA
"87",2020,"ALASKA","AK","DISTRICT 20",2020,"PRESIDENT","DONALD J TRUMP","REPUBLICAN",2383,7497,20210622,"TOTAL",0.317860477524343,"11/30/2021",48,"Anchorage Municipality","AK",57.9,166764,165990,68.9,154709,70.7,30372,90,96.7,194746,67.6,190089,78.9,176955,80.9,33188,98.3,"B",8,8,8,8,"Metro",4,4,4,4
"88",2020,"ALASKA","AK","DISTRICT 21",2021,"PRESIDENT","DONALD J TRUMP","REPUBLICAN",3690,9429,20210622,"TOTAL",0.391345847916004,NA,NA,NA,NA,NA,NA,NA,NA,NA,NA,NA,NA,NA,NA,NA,NA,NA,NA,NA,NA,NA,NA,NA,NA,NA,NA,NA,NA,NA,NA,NA
"89",2020,"ALASKA","AK","DISTRICT 22",2022,"PRESIDENT","DONALD J TRUMP","REPUBLICAN",4684,9520,20210622,"TOTAL",0.492016806722689,NA,NA,NA,NA,NA,NA,NA,NA,NA,NA,NA,NA,NA,NA,NA,NA,NA,NA,NA,NA,NA,NA,NA,NA,NA,NA,NA,NA,NA,NA,NA
"90",2020,"ALASKA","AK","DISTRICT 23",2023,"PRESIDENT","DONALD J TRUMP","REPUBLICAN",3655,7739,20210622,"TOTAL",0.472283240728776,NA,NA,NA,NA,NA,NA,NA,NA,NA,NA,NA,NA,NA,NA,NA,NA,NA,NA,NA,NA,NA,NA,NA,NA,NA,NA,NA,NA,NA,NA,NA
"91",2020,"ALASKA","AK","DISTRICT 24",2024,"PRESIDENT","DONALD J TRUMP","REPUBLICAN",5378,10428,20210622,"TOTAL",0.515726889144611,NA,NA,NA,NA,NA,NA,NA,NA,NA,NA,NA,NA,NA,NA,NA,NA,NA,NA,NA,NA,NA,NA,NA,NA,NA,NA,NA,NA,NA,NA,NA
"92",2020,"ALASKA","AK","DISTRICT 25",2025,"PRESIDENT","DONALD J TRUMP","REPUBLICAN",4407,9325,20210622,"TOTAL",0.472600536193029,NA,NA,NA,NA,NA,NA,NA,NA,NA,NA,NA,NA,NA,NA,NA,NA,NA,NA,NA,NA,NA,NA,NA,NA,NA,NA,NA,NA,NA,NA,NA
"93",2020,"ALASKA","AK","DISTRICT 26",2026,"PRESIDENT","DONALD J TRUMP","REPUBLICAN",5243,10111,20210622,"TOTAL",0.518544159825932,NA,NA,NA,NA,NA,NA,NA,NA,NA,NA,NA,NA,NA,NA,NA,NA,NA,NA,NA,NA,NA,NA,NA,NA,NA,NA,NA,NA,NA,NA,NA
"94",2020,"ALASKA","AK","DISTRICT 27",2027,"PRESIDENT","DONALD J TRUMP","REPUBLICAN",4324,9506,20210622,"TOTAL",0.454870608037029,NA,NA,NA,NA,NA,NA,NA,NA,NA,NA,NA,NA,NA,NA,NA,NA,NA,NA,NA,NA,NA,NA,NA,NA,NA,NA,NA,NA,NA,NA,NA
"95",2020,"ALASKA","AK","DISTRICT 28",2028,"PRESIDENT","DONALD J TRUMP","REPUBLICAN",6162,12749,20210622,"TOTAL",0.483332026041258,NA,NA,NA,NA,NA,NA,NA,NA,NA,NA,NA,NA,NA,NA,NA,NA,NA,NA,NA,NA,NA,NA,NA,NA,NA,NA,NA,NA,NA,NA,NA
"96",2020,"ALASKA","AK","DISTRICT 29",2029,"PRESIDENT","DONALD J TRUMP","REPUBLICAN",7464,10747,20210622,"TOTAL",0.694519400763004,NA,NA,NA,NA,NA,NA,NA,NA,NA,NA,NA,NA,NA,NA,NA,NA,NA,NA,NA,NA,NA,NA,NA,NA,NA,NA,NA,NA,NA,NA,NA
"97",2020,"ALASKA","AK","DISTRICT 30",2030,"PRESIDENT","DONALD J TRUMP","REPUBLICAN",7180,10176,20210622,"TOTAL",0.705581761006289,NA,NA,NA,NA,NA,NA,NA,NA,NA,NA,NA,NA,NA,NA,NA,NA,NA,NA,NA,NA,NA,NA,NA,NA,NA,NA,NA,NA,NA,NA,NA
"98",2020,"ALASKA","AK","DISTRICT 31",2031,"PRESIDENT","DONALD J TRUMP","REPUBLICAN",6971,12410,20210622,"TOTAL",0.561724415793715,NA,NA,NA,NA,NA,NA,NA,NA,NA,NA,NA,NA,NA,NA,NA,NA,NA,NA,NA,NA,NA,NA,NA,NA,NA,NA,NA,NA,NA,NA,NA
"99",2020,"ALASKA","AK","DISTRICT 32",2032,"PRESIDENT","DONALD J TRUMP","REPUBLICAN",4440,8335,20210622,"TOTAL",0.532693461307738,NA,NA,NA,NA,NA,NA,NA,NA,NA,NA,NA,NA,NA,NA,NA,NA,NA,NA,NA,NA,NA,NA,NA,NA,NA,NA,NA,NA,NA,NA,NA
"100",2020,"ALASKA","AK","DISTRICT 33",2033,"PRESIDENT","DONALD J TRUMP","REPUBLICAN",3059,10955,20210622,"TOTAL",0.279233226837061,NA,NA,NA,NA,NA,NA,NA,NA,NA,NA,NA,NA,NA,NA,NA,NA,NA,NA,NA,NA,NA,NA,NA,NA,NA,NA,NA,NA,NA,NA,NA
"101",2020,"ALASKA","AK","DISTRICT 34",2034,"PRESIDENT","DONALD J TRUMP","REPUBLICAN",4543,10729,20210622,"TOTAL",0.423431820300121,NA,NA,NA,NA,NA,NA,NA,NA,NA,NA,NA,NA,NA,NA,NA,NA,NA,NA,NA,NA,NA,NA,NA,NA,NA,NA,NA,NA,NA,NA,NA
"102",2020,"ALASKA","AK","DISTRICT 35",2035,"PRESIDENT","DONALD J TRUMP","REPUBLICAN",4769,10102,20210622,"TOTAL",0.472084735695902,NA,NA,NA,NA,NA,NA,NA,NA,NA,NA,NA,NA,NA,NA,NA,NA,NA,NA,NA,NA,NA,NA,NA,NA,NA,NA,NA,NA,NA,NA,NA
"103",2020,"ALASKA","AK","DISTRICT 36",2036,"PRESIDENT","DONALD J TRUMP","REPUBLICAN",5114,9292,20210622,"TOTAL",0.550365906155833,NA,NA,NA,NA,NA,NA,NA,NA,NA,NA,NA,NA,NA,NA,NA,NA,NA,NA,NA,NA,NA,NA,NA,NA,NA,NA,NA,NA,NA,NA,NA
"104",2020,"ALASKA","AK","DISTRICT 37",2037,"PRESIDENT","DONALD J TRUMP","REPUBLICAN",2358,5142,20210622,"TOTAL",0.458576429404901,NA,NA,NA,NA,NA,NA,NA,NA,NA,NA,NA,NA,NA,NA,NA,NA,NA,NA,NA,NA,NA,NA,NA,NA,NA,NA,NA,NA,NA,NA,NA
"105",2020,"ALASKA","AK","DISTRICT 38",2038,"PRESIDENT","DONALD J TRUMP","REPUBLICAN",1737,5299,20210622,"TOTAL",0.327797697678807,NA,NA,NA,NA,NA,NA,NA,NA,NA,NA,NA,NA,NA,NA,NA,NA,NA,NA,NA,NA,NA,NA,NA,NA,NA,NA,NA,NA,NA,NA,NA
"106",2020,"ALASKA","AK","DISTRICT 39",2039,"PRESIDENT","DONALD J TRUMP","REPUBLICAN",1939,5891,20210622,"TOTAL",0.329146155151927,NA,NA,NA,NA,NA,NA,NA,NA,NA,NA,NA,NA,NA,NA,NA,NA,NA,NA,NA,NA,NA,NA,NA,NA,NA,NA,NA,NA,NA,NA,NA
"107",2020,"ALASKA","AK","DISTRICT 40",2040,"PRESIDENT","DONALD J TRUMP","REPUBLICAN",1994,4603,20210622,"TOTAL",0.433195741907452,NA,NA,NA,NA,NA,NA,NA,NA,NA,NA,NA,NA,NA,NA,NA,NA,NA,NA,NA,NA,NA,NA,NA,NA,NA,NA,NA,NA,NA,NA,NA
"108",2020,"ALASKA","AK","DISTRICT 99",2099,"PRESIDENT","DONALD J TRUMP","REPUBLICAN",59,433,20210622,"TOTAL",0.136258660508083,NA,NA,NA,NA,NA,NA,NA,NA,NA,NA,NA,NA,NA,NA,NA,NA,NA,NA,NA,NA,NA,NA,NA,NA,NA,NA,NA,NA,NA,NA,NA
"109",2020,"CALIFORNIA","CA","ALAMEDA",6001,"PRESIDENT","DONALD J TRUMP","REPUBLICAN",136309,770070,20210622,"TOTAL",0.177008583635254,"11/30/2021",48,"Alameda County","CA",72.7,1215197,1210040,83.8,1116515,83.9,217378,91,97.4,1408438,84.3,1356058,94,1249428,93.9,241538,99.9,"B",8,8,8,8,"Metro",4,4,4,4
"110",2020,"CALIFORNIA","CA","ALPINE",6003,"PRESIDENT","DONALD J TRUMP","REPUBLICAN",244,741,20210622,"TOTAL",0.329284750337382,"11/30/2021",48,"Alpine County","CA",0,0,0,0,0,0,0,0,0,0,0,0,0,0,0,0,0,"C",NA,NA,NA,NA,"Non-metro",NA,NA,NA,NA
"111",2020,"CALIFORNIA","CA","AMADOR",6005,"PRESIDENT","DONALD J TRUMP","REPUBLICAN",13585,22304,20210622,"TOTAL",0.609083572453372,"11/30/2021",48,"Amador County","CA",51.2,20356,20338,56.8,19654,58.2,8995,82.2,97.4,29648,74.6,29487,82.3,28408,84.2,13112,99.9,"C",12,12,12,12,"Non-metro",8,8,8,8
"112",2020,"CALIFORNIA","CA","BUTTE",6007,"PRESIDENT","DONALD J TRUMP","REPUBLICAN",48730,102066,20210622,"TOTAL",0.477436168753552,"11/30/2021",48,"Butte County","CA",48.8,106907,106781,56.3,100823,57.7,30442,75.7,97.4,121533,55.4,119990,63.2,113596,65,34820,86.6,"D",15,16,16,16,"Metro",3,4,4,4
"113",2020,"CALIFORNIA","CA","CALAVERAS",6009,"PRESIDENT","DONALD J TRUMP","REPUBLICAN",16518,27164,20210622,"TOTAL",0.608084229126786,"11/30/2021",48,"Calaveras County","CA",58.7,26927,26900,65.8,25942,68.1,11376,88.4,97.4,37200,81,37060,90.6,35770,93.9,15868,99.9,"A",4,4,4,4,"Non-metro",8,8,8,8
"114",2020,"CALIFORNIA","CA","COLUSA",6011,"PRESIDENT","DONALD J TRUMP","REPUBLICAN",4559,7961,20210622,"TOTAL",0.57266675040824,"11/30/2021",48,"Colusa County","CA",53.4,11499,11492,64.7,10721,68.3,2528,78.7,97.4,13352,62,13283,74.8,12328,78.5,2895,90.1,"C",12,12,12,12,"Non-metro",8,8,8,8
"115",2020,"CALIFORNIA","CA","CONTRA COSTA",6013,"PRESIDENT","DONALD J TRUMP","REPUBLICAN",152877,581316,20210622,"TOTAL",0.262984332101645,"11/30/2021",48,"Contra Costa County","CA",73.3,845111,841812,85.2,768550,85.9,175270,93.4,97.4,944032,81.8,913199,92.4,831891,93,191560,99.9,"B",8,8,8,8,"Metro",4,4,4,4
"116",2020,"CALIFORNIA","CA","DEL NORTE",6015,"PRESIDENT","DONALD J TRUMP","REPUBLICAN",6461,11453,20210622,"TOTAL",0.564131668558456,"11/30/2021",48,"Del Norte County","CA",38.6,10733,10709,44.6,10171,46.3,3529,68.9,97.4,12619,45.4,12452,51.9,11768,53.5,4006,78.2,"D",14,15,15,15,"Non-metro",6,7,7,7
"117",2020,"CALIFORNIA","CA","EL DORADO",6017,"PRESIDENT","DONALD J TRUMP","REPUBLICAN",61838,116159,20210622,"TOTAL",0.532356511333603,"11/30/2021",48,"El Dorado County","CA",57.7,111271,111065,65.6,104054,67.2,34529,81.6,97.4,125829,65.2,123708,73.1,115816,74.8,38396,90.8,"A",4,4,4,4,"Metro",4,4,4,4
"118",2020,"CALIFORNIA","CA","FRESNO",6019,"PRESIDENT","DONALD J TRUMP","REPUBLICAN",164464,364917,20210622,"TOTAL",0.45068878676521,"11/30/2021",48,"Fresno County","CA",54,539906,538551,66.5,492402,68.7,108156,86.2,97.4,634976,63.6,624281,77.1,570350,79.5,127279,99.9,"D",16,16,16,16,"Metro",4,4,4,4
"119",2020,"CALIFORNIA","CA","GLENN",6021,"PRESIDENT","DONALD J TRUMP","REPUBLICAN",7063,11297,20210622,"TOTAL",0.62521023280517,"11/30/2021",48,"Glenn County","CA",49.4,14040,14032,59.9,13038,62.6,3823,85.4,97.4,16126,56.8,15997,68.3,14823,71.2,4322,96.6,"D",15,16,16,16,"Non-metro",7,8,8,8
"120",2020,"CALIFORNIA","CA","HUMBOLDT",6023,"PRESIDENT","DONALD J TRUMP","REPUBLICAN",21770,68843,20210622,"TOTAL",0.316226776869108,"11/30/2021",48,"Humboldt County","CA",59.8,81024,80829,68.1,75918,69.1,21487,85.3,97.4,92838,68.5,90546,76.3,84723,77.1,23833,94.6,"D",16,16,16,16,"Non-metro",8,8,8,8
"121",2020,"CALIFORNIA","CA","IMPERIAL",6025,"PRESIDENT","DONALD J TRUMP","REPUBLICAN",20847,56743,20210622,"TOTAL",0.367393334860688,"11/30/2021",48,"Imperial County","CA",72.2,130852,130497,89.2,115130,88.8,21127,87.5,97.4,167462,92.4,162691,99.9,141939,99.9,26379,99.9,"D",16,16,16,16,"Metro",4,4,4,4
"122",2020,"CALIFORNIA","CA","INYO",6027,"PRESIDENT","DONALD J TRUMP","REPUBLICAN",4620,9484,20210622,"TOTAL",0.487136229439055,"11/30/2021",48,"Inyo County","CA",0,0,0,0,0,0,0,0,0,0,0,0,0,0,0,0,0,"C",NA,NA,NA,NA,"Non-metro",NA,NA,NA,NA
"123",2020,"CALIFORNIA","CA","KERN",6029,"PRESIDENT","DONALD J TRUMP","REPUBLICAN",164484,305292,20210622,"TOTAL",0.538775991509768,"11/30/2021",48,"Kern County","CA",46.5,418970,418192,57.5,381336,59.5,78786,77.9,97.4,493411,54.8,486274,66.8,441610,68.9,89579,88.6,"D",15,16,16,16,"Metro",3,4,4,4
"124",2020,"CALIFORNIA","CA","KINGS",6031,"PRESIDENT","DONALD J TRUMP","REPUBLICAN",24072,43861,20210622,"TOTAL",0.548824696199357,"11/30/2021",48,"Kings County","CA",40.7,62176,62058,49.8,56875,51,11490,71.7,97.4,75368,49.3,74469,59.7,68259,61.2,13472,84.1,"D",15,15,16,16,"Metro",3,3,4,4
"125",2020,"CALIFORNIA","CA","LAKE",6033,"PRESIDENT","DONALD J TRUMP","REPUBLICAN",13123,28812,20210622,"TOTAL",0.455469943079273,"11/30/2021",48,"Lake County","CA",54.4,35021,34994,63.4,33391,65.8,11543,77.7,97.4,39747,61.7,39564,71.7,37600,74.1,12746,85.8,"D",16,16,16,16,"Non-metro",8,8,8,8
"126",2020,"CALIFORNIA","CA","LASSEN",6035,"PRESIDENT","DONALD J TRUMP","REPUBLICAN",8970,11987,20210622,"TOTAL",0.748310669892383,"11/30/2021",48,"Lassen County","CA",34.9,10681,10676,39.5,10394,41.1,3486,73.6,97.4,12034,39.4,11999,44.4,11636,46,3889,82.1,"C",10,10,11,12,"Non-metro",6,6,7,8
"127",2020,"CALIFORNIA","CA","LOS ANGELES",6037,"PRESIDENT","DONALD J TRUMP","REPUBLICAN",1145530,4264365,20210622,"TOTAL",0.268628506237154,"11/30/2021",48,"Los Angeles County","CA",64.1,6431568,6412581,74.4,5917727,75,1153133,81.6,97.4,7505149,74.8,7363738,85.4,6766456,85.7,1321219,93.5,"D",16,16,16,16,"Metro",4,4,4,4
"128",2020,"CALIFORNIA","CA","MADERA",6039,"PRESIDENT","DONALD J TRUMP","REPUBLICAN",29378,53732,20210622,"TOTAL",0.546750539715626,"11/30/2021",48,"Madera County","CA",47.3,74400,74274,57.7,68162,59.7,17997,79.7,97.4,90261,57.4,88850,69.1,81147,71.1,21782,96.5,"D",15,16,16,16,"Metro",3,4,4,4
"129",2020,"CALIFORNIA","CA","MARIN",6041,"PRESIDENT","DONALD J TRUMP","REPUBLICAN",24612,155830,20210622,"TOTAL",0.157941346338959,"11/30/2021",48,"Marin County","CA",79.5,205813,204811,90,186878,90.1,54168,91.2,97.4,237884,91.9,226756,99.7,206750,99.6,59651,99.9,"B",8,8,8,8,"Metro",4,4,4,4
"130",2020,"CALIFORNIA","CA","MARIPOSA",6043,"PRESIDENT","DONALD J TRUMP","REPUBLICAN",5950,10280,20210622,"TOTAL",0.578793774319066,"11/30/2021",48,"Mariposa County","CA",0,0,0,0,0,0,0,0,0,0,0,0,0,0,0,0,0,"C",NA,NA,NA,NA,"Non-metro",NA,NA,NA,NA
"131",2020,"CALIFORNIA","CA","MENDOCINO",6045,"PRESIDENT","DONALD J TRUMP","REPUBLICAN",13267,43340,20210622,"TOTAL",0.306114443931703,"11/30/2021",48,"Mendocino County","CA",61.7,53521,53393,71.6,50226,73.4,16664,83.2,97.4,61583,71,60788,81.5,57096,83.4,18531,92.5,"D",16,16,16,16,"Non-metro",8,8,8,8
"132",2020,"CALIFORNIA","CA","MERCED",6047,"PRESIDENT","DONALD J TRUMP","REPUBLICAN",39397,90554,20210622,"TOTAL",0.435066369238245,"11/30/2021",48,"Merced County","CA",46.3,128565,128244,57.2,117603,59.9,24836,78.5,97.4,174144,62.7,172507,76.9,157258,80,33870,99.9,"D",15,16,16,16,"Metro",3,4,4,4
"133",2020,"CALIFORNIA","CA","MODOC",6049,"PRESIDENT","DONALD J TRUMP","REPUBLICAN",3109,4343,20210622,"TOTAL",0.715864609716786,"11/30/2021",48,"Modoc County","CA",0,0,0,0,0,0,0,0,0,0,0,0,0,0,0,0,0,"D",NA,NA,NA,NA,"Non-metro",NA,NA,NA,NA
"134",2020,"CALIFORNIA","CA","MONO",6051,"PRESIDENT","DONALD J TRUMP","REPUBLICAN",2513,6738,20210622,"TOTAL",0.372959335114277,"11/30/2021",48,"Mono County","CA",0,0,0,0,0,0,0,0,0,0,0,0,0,0,0,0,0,"A",NA,NA,NA,NA,"Non-metro",NA,NA,NA,NA
"135",2020,"CALIFORNIA","CA","MONTEREY",6053,"PRESIDENT","DONALD J TRUMP","REPUBLICAN",46299,163923,20210622,"TOTAL",0.282443586317966,"11/30/2021",48,"Monterey County","CA",62.2,269934,269320,75,244878,76.2,50277,82.8,97.4,321075,74,314742,87.7,285761,88.9,58617,96.5,"D",16,16,16,16,"Metro",4,4,4,4
"136",2020,"CALIFORNIA","CA","NAPA",6055,"PRESIDENT","DONALD J TRUMP","REPUBLICAN",20676,72150,20210622,"TOTAL",0.286569646569647,"11/30/2021",48,"Napa County","CA",69.5,95720,95367,79.2,87999,80,23997,88.4,97.4,112037,81.3,109556,91,100761,91.6,26905,99.1,"C",12,12,12,12,"Metro",4,4,4,4
"137",2020,"CALIFORNIA","CA","NEVADA",6057,"PRESIDENT","DONALD J TRUMP","REPUBLICAN",26779,64750,20210622,"TOTAL",0.41357528957529,"11/30/2021",48,"Nevada County","CA",58.3,58132,58004,65.2,54888,66.3,21122,74.6,97.4,67193,67.4,65825,74,62245,75.1,24022,84.9,"A",4,4,4,4,"Non-metro",8,8,8,8
"138",2020,"CALIFORNIA","CA","ORANGE",6059,"PRESIDENT","DONALD J TRUMP","REPUBLICAN",676498,1522113,20210622,"TOTAL",0.444446634382598,"11/30/2021",48,"Orange County","CA",64.8,2059435,2053654,75.3,1898454,76.4,421204,86.7,97.4,2367211,74.5,2320384,85.1,2141834,86.2,479891,98.8,"B",8,8,8,8,"Metro",4,4,4,4
"139",2020,"CALIFORNIA","CA","PLACER",6061,"PRESIDENT","DONALD J TRUMP","REPUBLICAN",122488,235084,20210622,"TOTAL",0.521039288084259,"11/30/2021",48,"Placer County","CA",60.8,242164,241614,70.5,224141,72.2,69369,87.4,97.4,271737,68.2,265146,77.4,245973,79.2,77158,97.2,"A",4,4,4,4,"Metro",4,4,4,4
"140",2020,"CALIFORNIA","CA","PLUMAS",6063,"PRESIDENT","DONALD J TRUMP","REPUBLICAN",6445,11260,20210622,"TOTAL",0.572380106571936,"11/30/2021",48,"Plumas County","CA",0,0,0,0,0,0,0,0,0,0,0,0,0,0,0,0,0,"B",NA,NA,NA,NA,"Non-metro",NA,NA,NA,NA
"141",2020,"CALIFORNIA","CA","RIVERSIDE",6065,"PRESIDENT","DONALD J TRUMP","REPUBLICAN",449144,997156,20210622,"TOTAL",0.450425008724813,"11/30/2021",48,"Riverside County","CA",52.5,1297595,1295111,62.5,1193861,64.3,293644,80.2,97.4,1502578,60.8,1481692,71.5,1361719,73.4,338882,92.6,"D",16,16,16,16,"Metro",4,4,4,4
"142",2020,"CALIFORNIA","CA","SACRAMENTO",6067,"PRESIDENT","DONALD J TRUMP","REPUBLICAN",259405,718440,20210622,"TOTAL",0.361067034129503,"11/30/2021",48,"Sacramento County","CA",59.9,930148,927539,70.7,857436,72.1,196211,87.3,97.4,1061841,68.4,1037063,79.1,955936,80.4,217621,96.8,"C",12,12,12,12,"Metro",4,4,4,4
"143",2020,"CALIFORNIA","CA","SAN BENITO",6069,"PRESIDENT","DONALD J TRUMP","REPUBLICAN",10590,28830,20210622,"TOTAL",0.36732570239334,"11/30/2021",48,"San Benito County","CA",57.8,36314,36213,69,32816,70.1,6531,79.1,97.4,42217,67.2,41337,78.8,37451,80,7417,89.9,"C",12,12,12,12,"Metro",4,4,4,4
"144",2020,"CALIFORNIA","CA","SAN BERNARDINO",6071,"PRESIDENT","DONALD J TRUMP","REPUBLICAN",366257,841130,20210622,"TOTAL",0.435434475051419,"11/30/2021",48,"San Bernardino County","CA",51,1112450,1110193,61.5,1023722,63.6,207857,79.8,97.4,1282900,58.8,1265641,70.1,1163412,72.2,236158,90.6,"D",16,16,16,16,"Metro",4,4,4,4
"145",2020,"CALIFORNIA","CA","SAN DIEGO",6073,"PRESIDENT","DONALD J TRUMP","REPUBLICAN",600094,1602143,20210622,"TOTAL",0.374557077614171,"11/30/2021",48,"San Diego County","CA",54,1803251,1797283,62.9,1658238,63.2,328016,67.7,97.4,3891119,99.9,3824284,99.9,3585353,99.9,931965,99.9,"C",12,12,12,11,"Metro",4,4,4,3
"146",2020,"CALIFORNIA","CA","SAN FRANCISCO",6075,"PRESIDENT","DONALD J TRUMP","REPUBLICAN",56417,443553,20210622,"TOTAL",0.127193368098063,"11/30/2021",48,"San Francisco County","CA",76.4,673421,670482,84,637550,83.5,123431,87.1,97.4,777051,88.1,755035,94.6,717384,94,137156,96.7,"B",8,8,8,8,"Metro",4,4,4,4
"147",2020,"CALIFORNIA","CA","SAN JOAQUIN",6077,"PRESIDENT","DONALD J TRUMP","REPUBLICAN",121098,NA,20210622,"TOTAL",NA,"11/30/2021",48,"San Joaquin County","CA",55.7,424244,423613,67.4,390835,70.1,92419,92.6,97.4,583702,76.6,576818,91.8,532157,95.4,127504,99.9,"D",16,16,16,16,"Metro",4,4,4,4
"148",2020,"CALIFORNIA","CA","SAN LUIS OBISPO",6079,"PRESIDENT","DONALD J TRUMP","REPUBLICAN",67436,159714,20210622,"TOTAL",0.422229735652479,"11/30/2021",48,"San Luis Obispo County","CA",54.9,155562,155205,61.9,145990,62.5,45935,77.8,97.4,180182,63.6,176853,70.5,165868,71,51359,87,"B",8,8,8,8,"Metro",4,4,4,4
"149",2020,"CALIFORNIA","CA","SAN MATEO",6081,"PRESIDENT","DONALD J TRUMP","REPUBLICAN",75584,374251,20210622,"TOTAL",0.201960716203831,"11/30/2021",48,"San Mateo County","CA",74.9,573787,570169,85.8,525566,86,114764,90.5,97.4,663248,86.5,639495,96.3,588875,96.3,127165,99.9,"B",8,8,8,8,"Metro",4,4,4,4
"150",2020,"CALIFORNIA","CA","SANTA BARBARA",6083,"PRESIDENT","DONALD J TRUMP","REPUBLICAN",65736,200339,20210622,"TOTAL",0.328123830107967,"11/30/2021",48,"Santa Barbara County","CA",63.5,283320,282674,74.4,262350,75.4,61715,88,97.4,327657,73.4,321785,84.6,298347,85.7,70388,99.9,"C",12,12,12,12,"Metro",4,4,4,4
"151",2020,"CALIFORNIA","CA","SANTA CLARA",6085,"PRESIDENT","DONALD J TRUMP","REPUBLICAN",214612,850741,20210622,"TOTAL",0.252264790341596,"11/30/2021",48,"Santa Clara County","CA",77.4,1492789,1480913,89.5,1357861,89.8,249301,93,97.4,1694619,87.9,1632629,98.7,1499667,99.2,277826,99.9,"B",8,8,8,8,"Metro",4,4,4,4
"152",2020,"CALIFORNIA","CA","SANTA CRUZ",6087,"PRESIDENT","DONALD J TRUMP","REPUBLICAN",26937,144837,20210622,"TOTAL",0.1859814826322,"11/30/2021",48,"Santa Cruz County","CA",71,194108,193531,80.8,178771,80.8,44319,93.9,97.4,221526,81.1,216598,90.4,199626,90.2,49612,99.9,"C",12,12,12,12,"Metro",4,4,4,4
"153",2020,"CALIFORNIA","CA","SHASTA",6089,"PRESIDENT","DONALD J TRUMP","REPUBLICAN",60789,92930,20210622,"TOTAL",0.654137522866674,"11/30/2021",48,"Shasta County","CA",45.5,81957,81868,53.1,78268,55.4,28791,75.6,97.4,96711,53.7,95841,62.1,91646,64.9,33859,88.9,"C",11,12,12,12,"Metro",3,4,4,4
"154",2020,"CALIFORNIA","CA","SIERRA",6091,"PRESIDENT","DONALD J TRUMP","REPUBLICAN",1142,1931,20210622,"TOTAL",0.591403417918177,"11/30/2021",48,"Sierra County","CA",0,0,0,0,0,0,0,0,0,0,0,0,0,0,0,0,0,"A",NA,NA,NA,NA,"Non-metro",NA,NA,NA,NA
"155",2020,"CALIFORNIA","CA","SISKIYOU",6093,"PRESIDENT","DONALD J TRUMP","REPUBLICAN",13290,23472,20210622,"TOTAL",0.56620654396728,"11/30/2021",48,"Siskiyou County","CA",49.5,21569,21560,57,20746,59.6,8704,76.5,97.4,24644,56.6,24471,64.7,23539,67.6,9811,86.2,"C",11,12,12,12,"Non-metro",7,8,8,8
"156",2020,"CALIFORNIA","CA","SOLANO",6095,"PRESIDENT","DONALD J TRUMP","REPUBLICAN",69306,205877,20210622,"TOTAL",0.336637895442424,"11/30/2021",48,"Solano County","CA",59.5,266457,265874,69.6,246803,70.7,59842,81.8,97.4,325630,72.7,320355,83.8,296670,85,70541,96.4,"C",12,12,12,12,"Metro",4,4,4,4
"157",2020,"CALIFORNIA","CA","SONOMA",6097,"PRESIDENT","DONALD J TRUMP","REPUBLICAN",61825,268317,20210622,"TOTAL",0.230417752136465,"11/30/2021",48,"Sonoma County","CA",70.2,346821,345897,79.8,321576,80.6,89964,87.9,97.4,399667,80.8,390274,90.1,362051,90.8,101798,99.5,"B",8,8,8,8,"Metro",4,4,4,4
"158",2020,"CALIFORNIA","CA","STANISLAUS",6099,"PRESIDENT","DONALD J TRUMP","REPUBLICAN",104145,214954,20210622,"TOTAL",0.484499009090317,"11/30/2021",48,"Stanislaus County","CA",53.3,293648,292984,64.7,270292,67.2,62570,84.6,97.4,418241,76,414128,91.4,383265,95.3,93872,99.9,"D",16,16,16,16,"Metro",4,4,4,4
"159",2020,"CALIFORNIA","CA","SUTTER",6101,"PRESIDENT","DONALD J TRUMP","REPUBLICAN",24375,42644,20210622,"TOTAL",0.571592721133102,"11/30/2021",48,"Sutter County","CA",53.6,51991,51926,64.3,48205,67,12351,81.8,97.4,60255,62.1,59840,74.2,55345,76.9,14319,94.9,"D",16,16,16,16,"Metro",4,4,4,4
"160",2020,"CALIFORNIA","CA","TEHAMA",6103,"PRESIDENT","DONALD J TRUMP","REPUBLICAN",19141,28731,20210622,"TOTAL",0.666214193728029,"11/30/2021",48,"Tehama County","CA",37.6,24500,24479,44.5,23223,46.8,7920,62,97.4,28437,43.7,28243,51.3,26748,53.9,8907,69.7,"D",14,15,15,15,"Non-metro",6,7,7,7
"161",2020,"CALIFORNIA","CA","TRINITY",6105,"PRESIDENT","DONALD J TRUMP","REPUBLICAN",3188,6259,20210622,"TOTAL",0.509346540980987,"11/30/2021",48,"Trinity County","CA",0,0,0,0,0,0,0,0,0,0,0,0,0,0,0,0,0,"C",NA,NA,NA,NA,"Non-metro",NA,NA,NA,NA
"162",2020,"CALIFORNIA","CA","TULARE",6107,"PRESIDENT","DONALD J TRUMP","REPUBLICAN",77579,146885,20210622,"TOTAL",0.528161486877489,"11/30/2021",48,"Tulare County","CA",46.7,217678,217328,58.4,198428,61.2,42286,77.9,97.4,256767,55.1,253700,68.1,230809,71.2,48219,88.8,"D",15,16,16,16,"Metro",3,4,4,4
"163",2020,"CALIFORNIA","CA","TUOLUMNE",6109,"PRESIDENT","DONALD J TRUMP","REPUBLICAN",17689,30408,20210622,"TOTAL",0.581721915285451,"11/30/2021",48,"Tuolumne County","CA",55.6,30288,30253,62.4,29267,64.6,13186,89.6,97.4,40651,74.6,40364,83.2,39047,86.1,17690,99.9,"B",8,8,8,8,"Non-metro",8,8,8,8
"164",2020,"CALIFORNIA","CA","VENTURA",6111,"PRESIDENT","DONALD J TRUMP","REPUBLICAN",162207,422825,20210622,"TOTAL",0.383626795955774,"11/30/2021",48,"Ventura County","CA",64.9,548684,547351,75.7,504914,77.1,121565,88.9,97.4,626405,74,616294,85.3,567737,86.7,137417,99.9,"B",8,8,8,8,"Metro",4,4,4,4
"165",2020,"CALIFORNIA","CA","YOLO",6113,"PRESIDENT","DONALD J TRUMP","REPUBLICAN",27292,97294,20210622,"TOTAL",0.280510617304253,"11/30/2021",48,"Yolo County","CA",62.2,137095,136558,71.6,126178,72.2,26463,92.8,97.4,159383,72.3,154085,80.8,141991,81.3,29827,99.9,"C",12,12,12,12,"Metro",4,4,4,4
"166",2020,"CALIFORNIA","CA","YUBA",6115,"PRESIDENT","DONALD J TRUMP","REPUBLICAN",17676,29796,20210622,"TOTAL",0.59323399113975,"11/30/2021",48,"Yuba County","CA",46.3,36392,36340,56.9,33964,59.5,7724,75.2,97.4,43964,55.9,43509,68.1,40601,71.1,8963,87.3,"D",15,16,16,16,"Metro",3,4,4,4
"167",2020,"COLORADO","CO","ADAMS",8001,"PRESIDENT","DONALD J TRUMP","REPUBLICAN",95657,236740,20210622,"TOTAL",0.404059305567289,"11/30/2021",48,"Adams County","CO",61,315838,314739,73.4,287166,75.1,48979,88.2,97.3,346821,67,338197,78.9,308509,80.7,51536,92.8,"C",12,12,12,12,"Metro",4,4,4,4
"168",2020,"COLORADO","CO","ALAMOSA",8003,"PRESIDENT","DONALD J TRUMP","REPUBLICAN",3813,7808,20210622,"TOTAL",0.488345286885246,"11/30/2021",48,"Alamosa County","CO",51.2,8311,8287,61.1,7711,62.7,2045,90.7,97.3,9360,57.7,9156,67.5,8486,68.9,2181,96.8,"D",16,16,16,16,"Non-metro",8,8,8,8
"169",2020,"COLORADO","CO","ARAPAHOE",8005,"PRESIDENT","DONALD J TRUMP","REPUBLICAN",127323,350183,20210622,"TOTAL",0.363589894426628,"11/30/2021",48,"Arapahoe County","CO",61.1,401416,399118,71.7,365494,72.6,75658,85.5,97.3,439450,66.9,425928,76.5,390398,77.5,80249,90.7,"B",8,8,8,8,"Metro",4,4,4,4
"170",2020,"COLORADO","CO","ARCHULETA",8007,"PRESIDENT","DONALD J TRUMP","REPUBLICAN",5189,9144,20210622,"TOTAL",0.567475940507437,"11/30/2021",48,"Archuleta County","CO",53.9,7563,7537,60.7,7252,62.8,3007,78.4,97.3,8427,60.1,8296,66.8,7965,69,3301,86.1,"B",8,8,8,8,"Non-metro",8,8,8,8
"171",2020,"COLORADO","CO","BACA",8009,"PRESIDENT","DONALD J TRUMP","REPUBLICAN",1867,2225,20210622,"TOTAL",0.839101123595506,"11/30/2021",48,"Baca County","CO",37.5,1342,1341,44,1302,46.8,559,63.9,97.3,1388,38.8,1381,45.4,1340,48.1,564,64.5,"C",10,11,11,11,"Non-metro",6,7,7,7
"172",2020,"COLORADO","CO","BENT",8011,"PRESIDENT","DONALD J TRUMP","REPUBLICAN",1503,2274,20210622,"TOTAL",0.660949868073879,"11/30/2021",48,"Bent County","CO",24.3,1353,1351,26.9,1262,26.8,399,37.9,97.3,1435,25.7,1423,28.3,1336,28.3,416,39.5,"D",13,13,13,14,"Non-metro",5,5,5,6
"173",2020,"COLORADO","CO","BOULDER",8013,"PRESIDENT","DONALD J TRUMP","REPUBLICAN",42501,206111,20210622,"TOTAL",0.206204423829878,"11/30/2021",48,"Boulder County","CO",71.5,233246,231613,80.4,213989,80.8,45917,95,97.3,258037,79.1,248003,86,229427,86.6,48160,99.6,"A",4,4,4,4,"Metro",4,4,4,4
"174",2020,"COLORADO","CO","BROOMFIELD",8014,"PRESIDENT","DONALD J TRUMP","REPUBLICAN",16295,46632,20210622,"TOTAL",0.3494381540573,"11/30/2021",48,"Broomfield County","CO",73.6,51848,51429,84.6,46823,85.3,9963,98.9,97.3,56310,79.9,53960,88.7,49146,89.5,10285,99.9,"A",4,4,4,4,"Metro",4,4,4,4
"175",2020,"COLORADO","CO","CHAFFEE",8015,"PRESIDENT","DONALD J TRUMP","REPUBLICAN",6222,13718,20210622,"TOTAL",0.453564659571366,"11/30/2021",48,"Chaffee County","CO",59.8,12179,12151,66.1,11649,67.4,4434,83.7,97.3,13347,65.6,13044,70.9,12486,72.2,4735,89.4,"A",4,4,4,4,"Non-metro",8,8,8,8
"176",2020,"COLORADO","CO","CHEYENNE",8017,"PRESIDENT","DONALD J TRUMP","REPUBLICAN",993,1136,20210622,"TOTAL",0.874119718309859,"11/30/2021",48,"Cheyenne County","CO",30.6,561,561,37.2,549,40.2,224,58.2,97.3,586,32,NA,0,NA,0,NA,0,"B",6,6,7,7,"Non-metro",6,6,7,7
"177",2020,"COLORADO","CO","CLEAR CREEK",8019,"PRESIDENT","DONALD J TRUMP","REPUBLICAN",2754,6548,20210622,"TOTAL",0.420586438607208,"11/30/2021",48,"Clear Creek County","CO",45.9,4448,4441,50.8,4210,51.1,1291,62.4,97.3,4915,50.7,4823,55.1,4572,55.5,1393,67.3,"A",3,4,4,3,"Metro",3,4,4,3
"178",2020,"COLORADO","CO","CONEJOS",8021,"PRESIDENT","DONALD J TRUMP","REPUBLICAN",2286,4333,20210622,"TOTAL",0.527579044541888,"11/30/2021",48,"Conejos County","CO",44.4,3639,3633,53,3384,55.1,1232,75.4,97.3,3999,48.7,3939,57.5,3633,59.2,1314,80.5,"D",15,16,16,16,"Non-metro",7,8,8,8
"179",2020,"COLORADO","CO","COSTILLA",8023,"PRESIDENT","DONALD J TRUMP","REPUBLICAN",741,2094,20210622,"TOTAL",0.353868194842407,"11/30/2021",48,"Costilla County","CO",56.5,2197,2194,64.1,2084,66.2,809,77.3,97.3,2245,57.8,NA,0,NA,0,NA,0,"D",16,16,16,16,"Non-metro",8,8,8,8
"180",2020,"COLORADO","CO","CROWLEY",8025,"PRESIDENT","DONALD J TRUMP","REPUBLICAN",1271,1750,20210622,"TOTAL",0.726285714285714,"11/30/2021",48,"Crowley County","CO",20.2,1222,1219,21.7,1175,21.9,457,53.8,97.3,1311,21.6,1296,23,1241,23.1,458,53.9,"D",13,13,13,15,"Non-metro",5,5,5,7
"181",2020,"COLORADO","CO","CUSTER",8027,"PRESIDENT","DONALD J TRUMP","REPUBLICAN",2474,3635,20210622,"TOTAL",0.68060522696011,"11/30/2021",48,"Custer County","CO",44.7,2263,2263,49.2,2232,51.1,1186,70.9,97.3,2429,47.9,2426,52.7,2384,54.5,1250,74.7,"A",3,3,4,4,"Non-metro",7,7,8,8
"182",2020,"COLORADO","CO","DELTA",8029,"PRESIDENT","DONALD J TRUMP","REPUBLICAN",13081,19370,20210622,"TOTAL",0.675322663913268,"11/30/2021",48,"Delta County","CO",44.3,13815,13809,50.6,13328,53.2,6257,74.9,97.3,15264,49,15136,55.4,14572,58.2,6817,81.6,"C",11,12,12,12,"Non-metro",7,8,8,8
"183",2020,"COLORADO","CO","DENVER",8031,"PRESIDENT","DONALD J TRUMP","REPUBLICAN",71618,393829,20210622,"TOTAL",0.181850498566637,"11/30/2021",48,"Denver County","CO",68.8,500478,497858,78.9,467333,79.4,72530,83.5,97.3,555855,76.4,538129,85.2,504915,85.8,77094,88.8,"B",8,8,8,8,"Metro",4,4,4,4
"184",2020,"COLORADO","CO","DOLORES",8033,"PRESIDENT","DONALD J TRUMP","REPUBLICAN",1089,1449,20210622,"TOTAL",0.751552795031056,"11/30/2021",48,"Dolores County","CO",38.4,789,789,43.8,771,46.6,311,57.8,97.3,899,43.7,894,49.6,871,52.6,345,64.1,"A",2,3,3,3,"Non-metro",6,7,7,7
"185",2020,"COLORADO","CO","DOUGLAS",8035,"PRESIDENT","DONALD J TRUMP","REPUBLICAN",121270,231605,20210622,"TOTAL",0.523607003303037,"11/30/2021",48,"Douglas County","CO",66.4,233317,231803,78,209554,79.7,41689,95.6,97.3,257717,73.4,248024,83.4,224367,85.4,44521,99.9,"A",4,4,4,4,"Metro",4,4,4,4
"186",2020,"COLORADO","CO","EAGLE",8037,"PRESIDENT","DONALD J TRUMP","REPUBLICAN",9892,29140,20210622,"TOTAL",0.339464653397392,"11/30/2021",48,"Eagle County","CO",75.2,41461,41293,86.6,38208,88.2,6215,90.9,97.3,47556,86.3,46357,97.2,42652,98.5,6948,99.9,"A",4,4,4,4,"Non-metro",8,8,8,8
"187",2020,"COLORADO","CO","ELBERT",8039,"PRESIDENT","DONALD J TRUMP","REPUBLICAN",14027,18983,20210622,"TOTAL",0.738924300690091,"11/30/2021",48,"Elbert County","CO",34.5,9209,9188,39.3,8657,41.1,2568,55.8,97.3,10002,37.4,9876,42.3,9315,44.2,2726,59.2,"A",2,2,3,3,"Metro",2,2,3,3
"188",2020,"COLORADO","CO","EL PASO",8041,"PRESIDENT","DONALD J TRUMP","REPUBLICAN",202828,378851,20210622,"TOTAL",0.535376704825908,"11/30/2021",48,"El Paso County","CO",56.8,409183,407545,67.2,380287,69.3,82110,86.3,97.3,464987,64.5,455857,75.2,425398,77.5,89171,93.7,"B",8,8,8,8,"Metro",4,4,4,4
"189",2020,"COLORADO","CO","FREMONT",8043,"PRESIDENT","DONALD J TRUMP","REPUBLICAN",17517,25557,20210622,"TOTAL",0.685409085573424,"11/30/2021",48,"Fremont County","CO",40,19145,19128,44.6,18679,46.5,7524,71,97.3,21392,44.7,21263,49.5,20701,51.6,8253,77.9,"C",11,11,11,12,"Non-metro",7,7,7,8
"190",2020,"COLORADO","CO","GARFIELD",8045,"PRESIDENT","DONALD J TRUMP","REPUBLICAN",14717,30904,20210622,"TOTAL",0.476216670981103,"11/30/2021",48,"Garfield County","CO",58.2,34942,34831,69.5,32100,71.2,7076,85.4,97.3,39306,65.4,38150,76.1,35043,77.7,7582,91.5,"B",8,8,8,8,"Non-metro",8,8,8,8
"191",2020,"COLORADO","CO","GILPIN",8047,"PRESIDENT","DONALD J TRUMP","REPUBLICAN",1833,4186,20210622,"TOTAL",0.437888198757764,"11/30/2021",48,"Gilpin County","CO",54.6,3411,3406,59.6,3235,60.7,887,79.8,97.3,3739,59.9,3695,64.7,3507,65.8,928,83.5,"A",4,4,4,4,"Metro",4,4,4,4
"192",2020,"COLORADO","CO","GRAND",8049,"PRESIDENT","DONALD J TRUMP","REPUBLICAN",4883,9870,20210622,"TOTAL",0.494731509625127,"11/30/2021",48,"Grand County","CO",58.4,9196,9175,65,8784,67,2123,73.1,97.3,10632,67.6,10403,73.7,9941,75.8,2445,84.2,"A",4,4,4,4,"Non-metro",8,8,8,8
"193",2020,"COLORADO","CO","GUNNISON",8051,"PRESIDENT","DONALD J TRUMP","REPUBLICAN",3735,11190,20210622,"TOTAL",0.333780160857909,"11/30/2021",48,"Gunnison County","CO",64.2,11214,11192,71.6,10567,72.6,2238,93.9,97.3,12540,71.8,12216,78.2,11492,79,2429,99.9,"A",4,4,4,4,"Non-metro",8,8,8,8
"194",2020,"COLORADO","CO","HINSDALE",8053,"PRESIDENT","DONALD J TRUMP","REPUBLICAN",353,632,20210622,"TOTAL",0.558544303797468,"11/30/2021",48,"Hinsdale County","CO",57.8,474,474,64.4,457,65.6,194,75.2,97.3,510,62.2,NA,0,NA,0,NA,0,"A",4,4,4,4,"Non-metro",8,8,8,8
"195",2020,"COLORADO","CO","HUERFANO",8055,"PRESIDENT","DONALD J TRUMP","REPUBLICAN",2203,4406,20210622,"TOTAL",0.5,"11/30/2021",48,"Huerfano County","CO",50.5,3481,3480,56,3390,58.6,1613,72.8,97.3,3758,54.5,3738,60.2,3630,62.7,1717,77.5,"C",12,12,12,12,"Non-metro",8,8,8,8
"196",2020,"COLORADO","CO","JACKSON",8057,"PRESIDENT","DONALD J TRUMP","REPUBLICAN",681,876,20210622,"TOTAL",0.777397260273973,"11/30/2021",48,"Jackson County","CO",41.9,583,583,47.4,564,48.7,234,72.2,97.3,615,44.2,NA,0,NA,0,NA,0,"A",3,3,3,4,"Non-metro",7,7,7,8
"197",2020,"COLORADO","CO","JEFFERSON",8059,"PRESIDENT","DONALD J TRUMP","REPUBLICAN",148417,377358,20210622,"TOTAL",0.39330556129723,"11/30/2021",48,"Jefferson County","CO",71.4,415955,414026,81.2,386266,82.2,94253,95.4,97.3,458711,78.7,444989,87.3,415049,88.4,101253,99.9,"A",4,4,4,4,"Metro",4,4,4,4
"198",2020,"COLORADO","CO","KIOWA",8061,"PRESIDENT","DONALD J TRUMP","REPUBLICAN",795,903,20210622,"TOTAL",0.880398671096346,"11/30/2021",48,"Kiowa County","CO",36,506,506,43.1,492,45.8,224,69.1,97.3,522,37.1,520,44.3,502,46.7,224,69.1,"B",6,7,7,7,"Non-metro",6,7,7,7
"199",2020,"COLORADO","CO","KIT CARSON",8063,"PRESIDENT","DONALD J TRUMP","REPUBLICAN",3144,3871,20210622,"TOTAL",0.812193231723069,"11/30/2021",48,"Kit Carson County","CO",35.5,2520,2519,42.5,2419,45.5,964,69.6,97.3,2706,38.1,2685,45.3,2571,48.4,999,72.1,"C",10,11,11,11,"Non-metro",6,7,7,7
"200",2020,"COLORADO","CO","LAKE",8065,"PRESIDENT","DONALD J TRUMP","REPUBLICAN",1497,3961,20210622,"TOTAL",0.377934864933098,"11/30/2021",48,"Lake County","CO",55,4472,4463,63.1,4184,64.2,841,70.8,97.3,5131,63.1,5034,71.2,4694,72,892,75.1,"B",8,8,8,8,"Non-metro",8,8,8,8
"201",2020,"COLORADO","CO","LA PLATA",8067,"PRESIDENT","DONALD J TRUMP","REPUBLICAN",14233,35667,20210622,"TOTAL",0.399052345305184,"11/30/2021",48,"La Plata County","CO",65.6,36855,36711,74.2,34407,75.2,9464,92.3,97.3,41433,73.7,40135,81.2,37530,82,10163,99.2,"A",4,4,4,4,"Non-metro",8,8,8,8
"202",2020,"COLORADO","CO","LARIMER",8069,"PRESIDENT","DONALD J TRUMP","REPUBLICAN",91489,224338,20210622,"TOTAL",0.407817667983133,"11/30/2021",48,"Larimer County","CO",62.3,222332,221667,71,207311,72,52304,90.5,97.3,245710,68.8,239240,76.6,223780,77.8,55558,96.2,"A",4,4,4,4,"Metro",4,4,4,4
"203",2020,"COLORADO","CO","LAS ANIMAS",8071,"PRESIDENT","DONALD J TRUMP","REPUBLICAN",4284,7961,20210622,"TOTAL",0.538123351337772,"11/30/2021",48,"Las Animas County","CO",56.9,8258,8249,64.2,7875,66.2,3049,82.7,97.3,8892,61.3,8844,68.9,8425,70.8,3088,83.8,"D",16,16,16,16,"Non-metro",8,8,8,8
"204",2020,"COLORADO","CO","LINCOLN",8073,"PRESIDENT","DONALD J TRUMP","REPUBLICAN",2135,2651,20210622,"TOTAL",0.805356469256884,"11/30/2021",48,"Lincoln County","CO",33.2,1891,1891,38.3,1823,40.2,650,64.7,97.3,1993,35,NA,0,NA,0,NA,0,"B",6,6,7,7,"Non-metro",6,6,7,7
"205",2020,"COLORADO","CO","LOGAN",8075,"PRESIDENT","DONALD J TRUMP","REPUBLICAN",8087,10532,20210622,"TOTAL",0.767850360805165,"11/30/2021",48,"Logan County","CO",35.2,7886,7876,39.9,7598,41.3,2693,66.4,97.3,8484,37.9,8436,42.8,8130,44.2,2777,68.5,"C",10,10,11,11,"Non-metro",6,6,7,7
"206",2020,"COLORADO","CO","MESA",8077,"PRESIDENT","DONALD J TRUMP","REPUBLICAN",56894,90623,20210622,"TOTAL",0.627809717179965,"11/30/2021",48,"Mesa County","CO",45.6,70276,70162,52.8,66608,54.9,24260,79.9,97.3,77728,50.4,76766,57.8,72882,60,26267,86.5,"C",11,12,12,12,"Metro",3,4,4,4
"207",2020,"COLORADO","CO","MINERAL",8079,"PRESIDENT","DONALD J TRUMP","REPUBLICAN",427,756,20210622,"TOTAL",0.564814814814815,"11/30/2021",48,"Mineral County","CO",76.5,588,586,84.3,575,87,249,96.5,97.3,635,82.6,624,89.8,612,92.6,251,97.3,"A",4,4,4,4,"Non-metro",8,8,8,8
"208",2020,"COLORADO","CO","MOFFAT",8081,"PRESIDENT","DONALD J TRUMP","REPUBLICAN",5670,7026,20210622,"TOTAL",0.807002561912895,"11/30/2021",48,"Moffat County","CO",39.8,5285,5279,47.9,5045,50.9,1466,69.3,97.3,5975,45,5914,53.7,5623,56.8,1584,74.9,"C",10,11,12,11,"Non-metro",6,7,8,7
"209",2020,"COLORADO","CO","MONTEZUMA",8083,"PRESIDENT","DONALD J TRUMP","REPUBLICAN",9306,15500,20210622,"TOTAL",0.600387096774194,"11/30/2021",48,"Montezuma County","CO",57,14914,14885,66.3,14047,68.4,4733,78.8,97.3,17976,68.7,17651,78.6,16643,81.1,5261,87.6,"B",8,8,8,8,"Non-metro",8,8,8,8
"210",2020,"COLORADO","CO","MONTROSE",8085,"PRESIDENT","DONALD J TRUMP","REPUBLICAN",16770,24922,20210622,"TOTAL",0.67289944627237,"11/30/2021",48,"Montrose County","CO",44.3,18935,18913,51.4,18062,53.6,7615,73.9,97.3,21434,50.1,21173,57.5,20196,59.9,8376,81.3,"C",11,12,12,12,"Non-metro",7,8,8,8
"211",2020,"COLORADO","CO","MORGAN",8087,"PRESIDENT","DONALD J TRUMP","REPUBLICAN",9593,13744,20210622,"TOTAL",0.697977299185099,"11/30/2021",48,"Morgan County","CO",43.1,12532,12518,52.3,11850,55,3251,71.8,97.3,13909,47.8,13815,57.7,13069,60.6,3533,78,"C",11,12,12,12,"Non-metro",7,8,8,8
"212",2020,"COLORADO","CO","OTERO",8089,"PRESIDENT","DONALD J TRUMP","REPUBLICAN",5756,9576,20210622,"TOTAL",0.60108604845447,"11/30/2021",48,"Otero County","CO",44.5,8125,8096,52.2,7759,55.8,2808,74.3,97.3,8784,48.1,8668,55.8,8260,59.4,2833,74.9,"D",15,16,16,16,"Non-metro",7,8,8,8
"213",2020,"COLORADO","CO","OURAY",8091,"PRESIDENT","DONALD J TRUMP","REPUBLICAN",1577,4020,20210622,"TOTAL",0.39228855721393,"11/30/2021",48,"Ouray County","CO",60.5,2997,2986,66.4,2827,67.4,1011,74.9,97.3,3331,67.3,3289,73.1,3114,74.2,1133,83.9,"A",4,4,4,4,"Non-metro",8,8,8,8
"214",2020,"COLORADO","CO","PARK",8093,"PRESIDENT","DONALD J TRUMP","REPUBLICAN",6991,12291,20210622,"TOTAL",0.568790171670328,"11/30/2021",48,"Park County","CO",44.3,8348,8335,48.8,7986,49.9,2540,62.4,97.3,9044,48,8952,52.4,8565,53.5,2718,66.8,"A",3,3,3,3,"Metro",3,3,3,3
"215",2020,"COLORADO","CO","PHILLIPS",8095,"PRESIDENT","DONALD J TRUMP","REPUBLICAN",1958,2485,20210622,"TOTAL",0.787927565392354,"11/30/2021",48,"Phillips County","CO",47.7,2036,2031,56.2,1970,61,702,70.7,97.3,2275,53.3,2263,62.6,2194,67.9,792,79.8,"B",7,8,8,8,"Non-metro",7,8,8,8
"216",2020,"COLORADO","CO","PITKIN",8097,"PRESIDENT","DONALD J TRUMP","REPUBLICAN",2780,11957,20210622,"TOTAL",0.232499790917454,"11/30/2021",48,"Pitkin County","CO",75,13330,13303,82.3,12567,82.9,2746,76.2,97.3,16769,94.4,16411,99.9,15489,99.9,3368,93.4,"A",4,4,4,4,"Non-metro",8,8,8,8
"217",2020,"COLORADO","CO","PROWERS",8099,"PRESIDENT","DONALD J TRUMP","REPUBLICAN",4008,5561,20210622,"TOTAL",0.720733680992627,"11/30/2021",48,"Prowers County","CO",39.2,4776,4772,47.3,4514,49.9,1501,68.2,97.3,5300,43.5,5256,52.1,4963,54.9,1595,72.5,"D",14,15,15,15,"Non-metro",6,7,7,7
"218",2020,"COLORADO","CO","PUEBLO",8101,"PRESIDENT","DONALD J TRUMP","REPUBLICAN",42252,88301,20210622,"TOTAL",0.478499677240348,"11/30/2021",48,"Pueblo County","CO",51.6,86924,86697,60.1,81489,62.2,26263,82.2,97.3,96168,57.1,94911,65.8,88905,67.9,28204,88.3,"D",16,16,16,16,"Metro",4,4,4,4
"219",2020,"COLORADO","CO","RIO BLANCO",8103,"PRESIDENT","DONALD J TRUMP","REPUBLICAN",3061,3691,20210622,"TOTAL",0.829314548902736,"11/30/2021",48,"Rio Blanco County","CO",35.8,2263,2262,42.5,2166,45.3,781,75.5,97.3,2593,41,2566,48.2,2436,50.9,865,83.7,"B",6,7,7,8,"Non-metro",6,7,7,8
"220",2020,"COLORADO","CO","RIO GRANDE",8105,"PRESIDENT","DONALD J TRUMP","REPUBLICAN",3660,6305,20210622,"TOTAL",0.580491673275178,"11/30/2021",48,"Rio Grande County","CO",57.2,6447,6438,66.6,6046,69.1,2163,92,97.3,7217,64.1,7080,73.2,6588,75.3,2277,96.9,"D",16,16,16,16,"Non-metro",8,8,8,8
"221",2020,"COLORADO","CO","ROUTT",8107,"PRESIDENT","DONALD J TRUMP","REPUBLICAN",5925,16876,20210622,"TOTAL",0.351090305759659,"11/30/2021",48,"Routt County","CO",69.7,17869,17814,78.2,16580,78.6,3844,90.2,97.3,20188,78.7,19507,85.7,18121,85.9,4163,97.6,"A",4,4,4,4,"Non-metro",8,8,8,8
"222",2020,"COLORADO","CO","SAGUACHE",8109,"PRESIDENT","DONALD J TRUMP","REPUBLICAN",1413,3389,20210622,"TOTAL",0.416937149601652,"11/30/2021",48,"Saguache County","CO",33,2250,2250,37.9,2162,40.2,835,49.9,97.3,2395,35.1,2380,40.1,2280,42.4,838,50.1,"D",14,14,15,14,"Non-metro",6,6,7,6
"223",2020,"COLORADO","CO","SAN JUAN",8111,"PRESIDENT","DONALD J TRUMP","REPUBLICAN",202,562,20210622,"TOTAL",0.359430604982206,"11/30/2021",48,"San Juan County","CO",88.7,646,642,96.1,611,95.9,153,81.4,97.3,713,97.9,708,99.9,676,99.9,171,91,"A",4,4,4,4,"Non-metro",8,8,8,8
"224",2020,"COLORADO","CO","SAN MIGUEL",8113,"PRESIDENT","DONALD J TRUMP","REPUBLICAN",1136,5147,20210622,"TOTAL",0.220711093841072,"11/30/2021",48,"San Miguel County","CO",76,6213,6199,85.1,5751,85,1010,79.8,97.3,7125,87.1,6988,95.9,6453,95.4,1097,86.7,"A",4,4,4,4,"Non-metro",8,8,8,8
"225",2020,"COLORADO","CO","SEDGWICK",8115,"PRESIDENT","DONALD J TRUMP","REPUBLICAN",1121,1446,20210622,"TOTAL",0.775242047026279,"11/30/2021",48,"Sedgwick County","CO",48.2,1084,1083,54.9,1056,58.4,508,83.3,97.3,1184,52.7,1174,59.5,1143,63.2,544,89.2,"C",11,12,12,12,"Non-metro",7,8,8,8
"226",2020,"COLORADO","CO","SUMMIT",8117,"PRESIDENT","DONALD J TRUMP","REPUBLICAN",5322,18479,20210622,"TOTAL",0.288002597543157,"11/30/2021",48,"Summit County","CO",77.9,24158,24080,87.1,22799,87.7,3751,84.6,97.3,27497,88.7,26978,97.6,25475,98,4075,91.9,"A",4,4,4,4,"Non-metro",8,8,8,8
"227",2020,"COLORADO","CO","TELLER",8119,"PRESIDENT","DONALD J TRUMP","REPUBLICAN",11241,16939,20210622,"TOTAL",0.663616506287266,"11/30/2021",48,"Teller County","CO",50.4,12805,12773,56.2,12210,57.9,4605,78.2,97.3,13558,53.4,13423,59.1,12816,60.7,4849,82.4,"A",4,4,4,4,"Metro",4,4,4,4
"228",2020,"COLORADO","CO","WASHINGTON",8121,"PRESIDENT","DONALD J TRUMP","REPUBLICAN",2595,3008,20210622,"TOTAL",0.862699468085106,"11/30/2021",48,"Washington County","CO",28.3,1389,1387,33.1,1356,35.6,544,51.9,97.3,1563,31.8,1555,37.1,1517,39.8,606,57.8,"B",5,6,6,7,"Non-metro",5,6,6,7
"229",2020,"COLORADO","CO","WELD",8123,"PRESIDENT","DONALD J TRUMP","REPUBLICAN",96145,166974,20210622,"TOTAL",0.575808209661384,"11/30/2021",48,"Weld County","CO",54.5,177009,176533,65.8,163137,67.8,36638,90.8,97.3,194169,59.8,190162,70.8,175410,73,38670,95.8,"B",8,8,8,8,"Metro",4,4,4,4
"230",2020,"COLORADO","CO","YUMA",8125,"PRESIDENT","DONALD J TRUMP","REPUBLICAN",4107,4981,20210622,"TOTAL",0.824533226259787,"11/30/2021",48,"Yuma County","CO",39.8,3988,3985,48.9,3833,52.7,1317,70.4,97.3,4448,44.4,4418,54.2,4231,58.2,1403,74.9,"C",10,11,12,12,"Non-metro",6,7,8,8
"231",2020,"CONNECTICUT","CT","FAIRFIELD",9001,"PRESIDENT","DONALD J TRUMP","REPUBLICAN",168445,472396,20210622,"TOTAL",0.356575838914809,"11/30/2021",48,"Fairfield County","CT",73.7,695558,694431,85.5,633799,86.4,142161,92.3,98.3,836107,88.6,813241,99.9,742209,99.9,171674,99.9,"B",8,8,8,8,"Metro",4,4,4,4
"232",2020,"CONNECTICUT","CT","HARTFORD",9003,"PRESIDENT","DONALD J TRUMP","REPUBLICAN",159024,449336,20210622,"TOTAL",0.353908878879057,"11/30/2021",48,"Hartford County","CT",69,615622,614946,79.6,571201,81,145821,93.8,98.3,704071,79,687658,89,638186,90.5,165964,99.9,"C",12,12,12,12,"Metro",4,4,4,4
"233",2020,"CONNECTICUT","CT","LITCHFIELD",9005,"PRESIDENT","DONALD J TRUMP","REPUBLICAN",55601,107544,20210622,"TOTAL",0.517006992486796,"11/30/2021",48,"Litchfield County","CT",70.5,127086,126910,79,118861,80.3,36191,91.3,98.3,144012,79.9,141383,88,132181,89.3,40806,99.9,"A",4,4,4,4,"Non-metro",8,8,8,8
"234",2020,"CONNECTICUT","CT","MIDDLESEX",9007,"PRESIDENT","DONALD J TRUMP","REPUBLICAN",40665,99198,20210622,"TOTAL",0.409937700356862,"11/30/2021",48,"Middlesex County","CT",77.3,125567,125401,86.2,117495,87.4,33351,97.9,98.3,142297,87.6,139470,95.9,130575,97.2,37712,99.9,"A",4,4,4,4,"Metro",4,4,4,4
"235",2020,"CONNECTICUT","CT","NEW HAVEN",9009,"PRESIDENT","DONALD J TRUMP","REPUBLICAN",169893,417983,20210622,"TOTAL",0.406459114365895,"11/30/2021",48,"New Haven County","CT",70.8,605440,604301,81,561881,82.2,139803,91.6,98.3,710701,83.1,696566,93.4,647324,94.7,167368,99.9,"C",12,12,12,12,"Metro",4,4,4,4
"236",2020,"CONNECTICUT","CT","NEW LONDON",9011,"PRESIDENT","DONALD J TRUMP","REPUBLICAN",57110,139604,20210622,"TOTAL",0.409085699550156,"11/30/2021",48,"New London County","CT",72.7,192903,192736,82.8,180456,84.2,47957,96.2,98.3,219025,82.6,215144,92.4,201434,94,55315,99.9,"B",8,8,8,8,"Metro",4,4,4,4
"237",2020,"CONNECTICUT","CT","TOLLAND",9013,"PRESIDENT","DONALD J TRUMP","REPUBLICAN",34838,80714,20210622,"TOTAL",0.431622766806254,"11/30/2021",48,"Tolland County","CT",61.9,93279,93200,69.1,87038,69.7,23167,94.3,98.3,104775,69.5,102363,75.9,95636,76.6,26025,99.9,"A",4,4,4,4,"Metro",4,4,4,4
"238",2020,"CONNECTICUT","CT","WINDHAM",9015,"PRESIDENT","DONALD J TRUMP","REPUBLICAN",29141,57082,20210622,"TOTAL",0.510511194422059,"11/30/2021",48,"Windham County","CT",58.9,68840,68804,67.4,64446,68.7,17962,89.7,98.3,77557,66.4,76489,74.9,71455,76.2,20046,99.9,"B",8,8,8,8,"Metro",4,4,4,4
"239",2020,"DELAWARE","DE","KENT",10001,"PRESIDENT","DONALD J TRUMP","REPUBLICAN",41009,87025,20210622,"TOTAL",0.471232404481471,"11/30/2021",48,"Kent County","DE",49.7,89893,89818,58.5,84104,60.3,25273,79.9,96.2,103554,57.3,102329,66.7,95697,68.6,28417,89.9,"C",11,12,12,12,"Metro",3,4,4,4
"240",2020,"DELAWARE","DE","NEW CASTLE",10003,"PRESIDENT","DONALD J TRUMP","REPUBLICAN",88364,287633,20210622,"TOTAL",0.307210925032941,"11/30/2021",48,"New Castle County","DE",61.3,342709,342437,71.3,317603,72.3,79964,88.9,96.2,410580,73.5,402830,83.8,373818,85.1,92431,99.9,"B",8,8,8,8,"Metro",4,4,4,4
"241",2020,"DELAWARE","DE","SUSSEX",10005,"PRESIDENT","DONALD J TRUMP","REPUBLICAN",71230,129352,20210622,"TOTAL",0.550667944832705,"11/30/2021",48,"Sussex County","DE",61.8,144721,144677,70.3,138869,72.6,62172,92.4,96.2,170755,72.9,169204,82.2,162211,84.8,72038,99.9,"B",8,8,8,8,"Metro",4,4,4,4
"242",2020,"FLORIDA","FL","ALACHUA",12001,"PRESIDENT","DONALD J TRUMP","REPUBLICAN",50972,142604,20210622,"TOTAL",0.357437379035651,"11/30/2021",48,"Alachua County","FL",61,164248,164149,69.6,154971,70.2,37662,95.9,98.7,188292,70,184639,78.3,174151,78.9,41074,99.9,"B",8,8,8,8,"Metro",4,4,4,4
"243",2020,"FLORIDA","FL","BAKER",12003,"PRESIDENT","DONALD J TRUMP","REPUBLICAN",11911,14059,20210622,"TOTAL",0.847215306920834,"11/30/2021",48,"Baker County","FL",33.2,9687,9685,39.3,9307,41.8,2945,71.5,98.7,11834,40.5,11797,47.9,11342,51,3237,78.6,"C",10,10,11,12,"Metro",2,2,3,4
"244",2020,"FLORIDA","FL","BAY",12005,"PRESIDENT","DONALD J TRUMP","REPUBLICAN",66097,93024,20210622,"TOTAL",0.710537065703474,"11/30/2021",48,"Bay County","FL",47.6,83084,83068,55.1,79868,57.6,24705,75.9,98.7,96800,55.4,96281,63.9,92446,66.6,27361,84.1,"C",11,12,12,12,"Metro",3,4,4,4
"245",2020,"FLORIDA","FL","BRADFORD",12007,"PRESIDENT","DONALD J TRUMP","REPUBLICAN",10334,13632,20210622,"TOTAL",0.758069248826291,"11/30/2021",48,"Bradford County","FL",39.7,11199,11198,45.6,10772,47.4,3733,73.7,98.7,13257,47,13213,53.8,12714,55.9,3865,76.3,"D",14,15,15,16,"Non-metro",6,7,7,8
"246",2020,"FLORIDA","FL","BREVARD",12009,"PRESIDENT","DONALD J TRUMP","REPUBLICAN",207883,360764,20210622,"TOTAL",0.576229889900323,"11/30/2021",48,"Brevard County","FL",59.4,357660,357508,67.2,340501,69.1,124543,85.4,98.7,413478,68.7,409762,77,390511,79.2,141143,96.8,"B",8,8,8,8,"Metro",4,4,4,4
"247",2020,"FLORIDA","FL","BROWARD",12011,"PRESIDENT","DONALD J TRUMP","REPUBLICAN",333409,957672,20210622,"TOTAL",0.348145294004628,"11/30/2021",48,"Broward County","FL",65.2,1272822,1271693,75.6,1187054,77,296465,88.6,98.7,1520617,77.9,1498431,89.1,1396162,90.5,351163,99.9,"C",12,12,12,12,"Metro",4,4,4,4
"248",2020,"FLORIDA","FL","CALHOUN",12013,"PRESIDENT","DONALD J TRUMP","REPUBLICAN",5274,6526,20210622,"TOTAL",0.808152007355195,"11/30/2021",48,"Calhoun County","FL",32.5,4587,4584,37.2,4435,39.3,1769,66.3,98.7,5443,38.6,5425,44,5231,46.3,2026,75.9,"D",14,14,14,15,"Non-metro",6,6,6,7
"249",2020,"FLORIDA","FL","CHARLOTTE",12015,"PRESIDENT","DONALD J TRUMP","REPUBLICAN",73243,116340,20210622,"TOTAL",0.629559910606842,"11/30/2021",48,"Charlotte County","FL",61.4,115931,115864,66.3,113224,68,65467,84.9,98.7,138871,73.5,138431,79.2,135242,81.2,76944,99.8,"B",8,8,8,8,"Metro",4,4,4,4
"250",2020,"FLORIDA","FL","CITRUS",12017,"PRESIDENT","DONALD J TRUMP","REPUBLICAN",65352,93208,20210622,"TOTAL",0.70114153291563,"11/30/2021",48,"Citrus County","FL",53.4,79871,79865,58.9,77880,61,44368,80.8,98.7,89925,60.1,89619,66.1,87362,68.4,48955,89.1,"C",12,12,12,12,"Metro",4,4,4,4
"251",2020,"FLORIDA","FL","CLAY",12019,"PRESIDENT","DONALD J TRUMP","REPUBLICAN",84480,124405,20210622,"TOTAL",0.67907238455046,"11/30/2021",48,"Clay County","FL",46.4,101785,101711,54.2,94839,56.2,27605,77,98.7,119059,54.3,117810,62.8,109901,65.1,32557,90.8,"B",7,8,8,8,"Metro",3,4,4,4
"252",2020,"FLORIDA","FL","COLLIER",12021,"PRESIDENT","DONALD J TRUMP","REPUBLICAN",128950,207818,20210622,"TOTAL",0.62049485607599,"11/30/2021",48,"Collier County","FL",65.6,252685,252563,73.5,242868,75.9,115870,91.4,98.7,291652,75.8,290132,84.5,278511,87,132504,99.9,"B",8,8,8,8,"Metro",4,4,4,4
"253",2020,"FLORIDA","FL","COLUMBIA",12023,"PRESIDENT","DONALD J TRUMP","REPUBLICAN",23836,33042,20210622,"TOTAL",0.721384904061497,"11/30/2021",48,"Columbia County","FL",39.2,28132,28130,45.8,26898,47.8,10027,72.6,98.7,32632,45.5,32516,52.9,30984,55.1,10853,78.6,"D",14,15,15,16,"Non-metro",6,7,7,8
"254",2020,"FLORIDA","FL","DESOTO",12027,"PRESIDENT","DONALD J TRUMP","REPUBLICAN",8313,12659,20210622,"TOTAL",0.656686942096532,"11/30/2021",48,"DeSoto County","FL",42.2,16026,16023,48,15253,49.4,6089,71.1,98.7,19739,51.9,19653,58.9,18719,60.7,7119,83.2,"D",15,15,15,16,"Non-metro",7,7,7,8
"255",2020,"FLORIDA","FL","DIXIE",12029,"PRESIDENT","DONALD J TRUMP","REPUBLICAN",6759,8167,20210622,"TOTAL",0.827598873515367,"11/30/2021",48,"Dixie County","FL",32.1,5406,5405,36.5,5247,38.2,2611,65.5,98.7,6972,41.4,6953,46.9,6755,49.1,3010,75.6,"D",14,14,14,15,"Non-metro",6,6,6,7
"256",2020,"FLORIDA","FL","DUVAL",12031,"PRESIDENT","DONALD J TRUMP","REPUBLICAN",233762,492820,20210622,"TOTAL",0.474335457164888,"11/30/2021",48,"Duval County","FL",56.2,538099,537744,66.5,507634,68.4,125637,90.7,98.7,617425,64.5,610567,75.5,575174,77.5,141302,99.9,"C",12,12,12,12,"Metro",4,4,4,4
"257",2020,"FLORIDA","FL","ESCAMBIA",12033,"PRESIDENT","DONALD J TRUMP","REPUBLICAN",96674,170372,20210622,"TOTAL",0.567428920245111,"11/30/2021",48,"Escambia County","FL",50.3,160216,160125,58.6,153672,61,47153,86.4,98.7,185544,58.3,184324,67.4,176753,70.1,53573,98.2,"B",8,8,8,8,"Metro",4,4,4,4
"258",2020,"FLORIDA","FL","FLAGLER",12035,"PRESIDENT","DONALD J TRUMP","REPUBLICAN",43043,71716,20210622,"TOTAL",0.600186848123152,"11/30/2021",48,"Flagler County","FL",59.2,68170,68155,66,65430,68.2,30826,85.9,98.7,77381,67.2,76914,74.5,73776,76.9,34103,95,"B",8,8,8,8,"Metro",4,4,4,4
"259",2020,"FLORIDA","FL","FRANKLIN",12037,"PRESIDENT","DONALD J TRUMP","REPUBLICAN",4675,6849,20210622,"TOTAL",0.682581398744342,"11/30/2021",48,"Franklin County","FL",45.6,5534,5534,50.8,5381,52.5,2506,85.6,98.7,6217,51.3,6214,57.1,6031,58.8,2680,91.6,"D",15,16,16,16,"Non-metro",7,8,8,8
"260",2020,"FLORIDA","FL","GADSDEN",12039,"PRESIDENT","DONALD J TRUMP","REPUBLICAN",7465,23762,20210622,"TOTAL",0.314157057486744,"11/30/2021",48,"Gadsden County","FL",53.9,24615,24608,62.9,23142,64.6,7369,86.3,98.7,27825,60.9,27649,70.7,25942,72.5,7959,93.2,"D",16,16,16,16,"Metro",4,4,4,4
"261",2020,"FLORIDA","FL","GILCHRIST",12041,"PRESIDENT","DONALD J TRUMP","REPUBLICAN",7895,9685,20210622,"TOTAL",0.815178110480124,"11/30/2021",48,"Gilchrist County","FL",34.2,6362,6362,39.4,6092,40.9,2476,64.5,98.7,7391,39.8,7362,45.6,7051,47.4,2767,72.1,"D",14,14,15,15,"Metro",2,2,3,3
"262",2020,"FLORIDA","FL","GLADES",12043,"PRESIDENT","DONALD J TRUMP","REPUBLICAN",3782,5193,20210622,"TOTAL",0.728288080107838,"11/30/2021",48,"Glades County","FL",31.4,4343,4342,34.4,4148,35.1,1703,44.7,98.7,4905,35.5,4883,38.7,4647,39.3,1759,46.2,"D",14,14,14,14,"Non-metro",6,6,6,6
"263",2020,"FLORIDA","FL","GULF",12045,"PRESIDENT","DONALD J TRUMP","REPUBLICAN",6113,8163,20210622,"TOTAL",0.748866838172241,"11/30/2021",48,"Gulf County","FL",48,6551,6551,54.7,6355,57,2853,78.9,98.7,7586,55.6,7574,63.3,7350,65.9,3044,84.2,"C",11,12,12,12,"Metro",3,4,4,4
"264",2020,"FLORIDA","FL","HAMILTON",12047,"PRESIDENT","DONALD J TRUMP","REPUBLICAN",3815,5830,20210622,"TOTAL",0.654373927958834,"11/30/2021",48,"Hamilton County","FL",33.5,4833,4833,38.3,4675,40,1915,71.9,98.7,5672,39.3,5659,44.9,5426,46.4,2038,76.5,"D",14,14,15,16,"Non-metro",6,6,7,8
"265",2020,"FLORIDA","FL","HARDEE",12049,"PRESIDENT","DONALD J TRUMP","REPUBLICAN",6122,8485,20210622,"TOTAL",0.721508544490277,"11/30/2021",48,"Hardee County","FL",38.8,10445,10444,46.6,9883,49.2,3353,71.4,98.7,11827,43.9,11790,52.6,11136,55.5,3531,75.2,"D",14,15,15,16,"Non-metro",6,7,7,8
"266",2020,"FLORIDA","FL","HENDRY",12051,"PRESIDENT","DONALD J TRUMP","REPUBLICAN",7906,12940,20210622,"TOTAL",0.61097372488408,"11/30/2021",48,"Hendry County","FL",44.3,18600,18598,53.8,17383,56.4,4809,83.2,98.7,21926,52.2,21798,63.1,20387,66.2,5317,92,"D",15,16,16,16,"Non-metro",7,8,8,8
"267",2020,"FLORIDA","FL","HERNANDO",12053,"PRESIDENT","DONALD J TRUMP","REPUBLICAN",70412,108922,20210622,"TOTAL",0.646444244505242,"11/30/2021",48,"Hernando County","FL",51.1,99060,99029,57.8,94713,59.7,42664,80,98.7,111335,57.4,110688,64.6,105833,66.7,46486,87.1,"C",12,12,12,12,"Metro",4,4,4,4
"268",2020,"FLORIDA","FL","HIGHLANDS",12055,"PRESIDENT","DONALD J TRUMP","REPUBLICAN",34873,52170,20210622,"TOTAL",0.668449300364194,"11/30/2021",48,"Highlands County","FL",48.3,51294,51290,54.3,49669,56.2,27381,71.5,98.7,63013,59.3,62858,66.5,60968,69,33638,87.9,"D",15,16,16,16,"Metro",3,4,4,4
"269",2020,"FLORIDA","FL","HILLSBOROUGH",12057,"PRESIDENT","DONALD J TRUMP","REPUBLICAN",327398,712063,20210622,"TOTAL",0.459787968199443,"11/30/2021",48,"Hillsborough County","FL",56.4,829953,829093,66.1,774944,67.6,183081,85.5,98.7,985906,67,972274,77.5,909497,79.3,224454,99.9,"C",12,12,12,12,"Metro",4,4,4,4
"270",2020,"FLORIDA","FL","HOLMES",12059,"PRESIDENT","DONALD J TRUMP","REPUBLICAN",8080,9068,20210622,"TOTAL",0.891045434494927,"11/30/2021",48,"Holmes County","FL",27.3,5355,5353,31.4,5214,33.4,2252,57.4,98.7,6450,32.9,6434,37.8,6267,40.1,2634,67.2,"D",13,14,14,15,"Non-metro",5,6,6,7
"271",2020,"FLORIDA","FL","INDIAN RIVER",12061,"PRESIDENT","DONALD J TRUMP","REPUBLICAN",58872,97484,20210622,"TOTAL",0.603914488531451,"11/30/2021",48,"Indian River County","FL",62.7,100305,100270,69.6,96745,71.7,49380,91.2,98.7,120056,75.1,119508,83,115312,85.5,58537,99.9,"B",8,8,8,8,"Metro",4,4,4,4
"272",2020,"FLORIDA","FL","JACKSON",12063,"PRESIDENT","DONALD J TRUMP","REPUBLICAN",15488,22419,20210622,"TOTAL",0.690842588875507,"11/30/2021",48,"Jackson County","FL",40.1,18596,18595,45.6,18175,48.3,6854,71.6,98.7,22164,47.8,22095,54.2,21497,57.1,7917,82.7,"D",15,15,15,16,"Non-metro",7,7,7,8
"273",2020,"FLORIDA","FL","JEFFERSON",12065,"PRESIDENT","DONALD J TRUMP","REPUBLICAN",4479,8451,20210622,"TOTAL",0.529996450124246,"11/30/2021",48,"Jefferson County","FL",56.7,8075,8075,63.6,7800,65.6,3624,99.9,98.7,9656,67.8,9619,75.8,9296,78.2,4478,99.9,"C",12,12,12,12,"Metro",4,4,4,4
"274",2020,"FLORIDA","FL","LAFAYETTE",12067,"PRESIDENT","DONALD J TRUMP","REPUBLICAN",3128,3658,20210622,"TOTAL",0.855112083105522,"11/30/2021",48,"Lafayette County","FL",37.2,3137,3137,42.2,3016,44.7,1326,91.1,98.7,3522,41.8,3510,47.3,3368,49.9,1391,95.6,"D",14,15,15,16,"Non-metro",6,7,7,8
"275",2020,"FLORIDA","FL","LAKE",12069,"PRESIDENT","DONALD J TRUMP","REPUBLICAN",125859,211314,20210622,"TOTAL",0.595601805843437,"11/30/2021",48,"Lake County","FL",61.5,225639,225457,70,214423,72,94961,95.5,98.7,256972,70,254207,78.9,241485,81.1,105780,99.9,"C",12,12,12,12,"Metro",4,4,4,4
"276",2020,"FLORIDA","FL","LEE",12071,"PRESIDENT","DONALD J TRUMP","REPUBLICAN",233247,393899,20210622,"TOTAL",0.592149256535305,"11/30/2021",48,"Lee County","FL",57.6,443730,443544,64.9,425770,66.8,194507,86.6,98.7,511658,66.4,508287,74.3,487664,76.5,219434,97.7,"C",12,12,12,12,"Metro",4,4,4,4
"277",2020,"FLORIDA","FL","LEON",12073,"PRESIDENT","DONALD J TRUMP","REPUBLICAN",57453,162929,20210622,"TOTAL",0.352625990462103,"11/30/2021",48,"Leon County","FL",52.3,153521,153412,59.6,143796,60.2,37057,90.9,98.7,177415,60.4,174522,67.8,163627,68.5,41545,99.9,"B",8,8,8,8,"Metro",4,4,4,4
"278",2020,"FLORIDA","FL","LEVY",12075,"PRESIDENT","DONALD J TRUMP","REPUBLICAN",16749,23145,20210622,"TOTAL",0.723655217109527,"11/30/2021",48,"Levy County","FL",44.1,18291,18288,50.6,17592,52.6,7798,74.7,98.7,21274,51.3,21197,58.6,20373,60.9,9011,86.3,"D",15,16,16,16,"Non-metro",7,8,8,8
"279",2020,"FLORIDA","FL","LIBERTY",12077,"PRESIDENT","DONALD J TRUMP","REPUBLICAN",2846,3561,20210622,"TOTAL",0.799213704015726,"11/30/2021",48,"Liberty County","FL",32.9,2746,2745,36.8,2647,38.4,885,70.5,98.7,3130,37.5,3125,41.9,3013,43.7,946,75.3,"D",14,14,14,16,"Non-metro",6,6,6,8
"280",2020,"FLORIDA","FL","MADISON",12079,"PRESIDENT","DONALD J TRUMP","REPUBLICAN",5576,9380,20210622,"TOTAL",0.594456289978678,"11/30/2021",48,"Madison County","FL",42.7,7905,7904,48.6,7547,50,2998,76.8,98.7,9363,50.6,9344,57.4,8903,59,3257,83.5,"D",15,15,16,16,"Non-metro",7,7,8,8
"281",2020,"FLORIDA","FL","MANATEE",12081,"PRESIDENT","DONALD J TRUMP","REPUBLICAN",124987,216958,20210622,"TOTAL",0.57608845951751,"11/30/2021",48,"Manatee County","FL",57.4,231316,231143,64.8,220565,66.7,94393,83.4,98.7,266309,66,264320,74.1,251936,76.2,106651,94.3,"C",12,12,12,12,"Metro",4,4,4,4
"282",2020,"FLORIDA","FL","MARION",12083,"PRESIDENT","DONALD J TRUMP","REPUBLICAN",127826,204376,20210622,"TOTAL",0.625445257760207,"11/30/2021",48,"Marion County","FL",53.1,194180,194112,60.4,185749,62.3,86272,80.9,98.7,218103,59.7,216994,67.5,207278,69.5,93855,88,"D",16,16,16,16,"Metro",4,4,4,4
"283",2020,"FLORIDA","FL","MARTIN",12085,"PRESIDENT","DONALD J TRUMP","REPUBLICAN",61168,98726,20210622,"TOTAL",0.619573364665843,"11/30/2021",48,"Martin County","FL",59.7,96053,95970,66.4,91992,68.2,44003,86.7,98.7,111898,69.5,111139,76.9,106587,79,50234,99,"B",8,8,8,8,"Metro",4,4,4,4
"284",2020,"FLORIDA","FL","MIAMI-DADE",12086,"PRESIDENT","DONALD J TRUMP","REPUBLICAN",532833,1156816,20210622,"TOTAL",0.460603069113844,"11/30/2021",48,"Miami-Dade County","FL",77.9,2116458,2114717,90,1990546,91.8,425767,94.1,98.7,2544157,93.6,2521524,99.9,2357205,99.9,504304,99.9,"D",16,16,16,16,"Metro",4,4,4,4
"285",2020,"FLORIDA","FL","MONROE",12087,"PRESIDENT","DONALD J TRUMP","REPUBLICAN",25693,48029,20210622,"TOTAL",0.534947635803369,"11/30/2021",48,"Monroe County","FL",72.8,54039,54023,81.2,52173,82.8,17493,99.2,98.7,63842,86,63527,95.4,61357,97.4,20462,99.9,"B",8,8,8,8,"Non-metro",8,8,8,8
"286",2020,"FLORIDA","FL","NASSAU",12089,"PRESIDENT","DONALD J TRUMP","REPUBLICAN",42566,58811,20210622,"TOTAL",0.723776164323001,"11/30/2021",48,"Nassau County","FL",54,47860,47848,62,45853,64.4,18241,90.2,98.7,54088,61,53770,69.6,51457,72.3,20150,99.6,"A",4,4,4,4,"Metro",4,4,4,4
"287",2020,"FLORIDA","FL","OKALOOSA",12091,"PRESIDENT","DONALD J TRUMP","REPUBLICAN",79798,116373,20210622,"TOTAL",0.685708884363211,"11/30/2021",48,"Okaloosa County","FL",54.6,115098,115061,64.4,109923,67.1,31085,90.4,98.7,135196,64.2,134219,75.2,127987,78.1,34615,99.9,"B",8,8,8,8,"Metro",4,4,4,4
"288",2020,"FLORIDA","FL","OKEECHOBEE",12093,"PRESIDENT","DONALD J TRUMP","REPUBLICAN",11470,15954,20210622,"TOTAL",0.718941958129623,"11/30/2021",48,"Okeechobee County","FL",43.3,18276,18275,50.5,17517,52.8,7455,87.9,98.7,20818,49.4,20760,57.3,19870,59.8,8125,95.8,"D",15,16,16,16,"Non-metro",7,8,8,8
"289",2020,"FLORIDA","FL","ORANGE",12095,"PRESIDENT","DONALD J TRUMP","REPUBLICAN",245398,647403,20210622,"TOTAL",0.37904983449258,"11/30/2021",48,"Orange County","FL",63.1,879680,878552,73.8,816667,75.1,156872,91.4,98.7,1036834,74.4,1017596,85.5,938501,86.3,176190,99.9,"C",12,12,12,12,"Metro",4,4,4,4
"290",2020,"FLORIDA","FL","OSCEOLA",12097,"PRESIDENT","DONALD J TRUMP","REPUBLICAN",73480,172436,20210622,"TOTAL",0.426129114570043,"11/30/2021",48,"Osceola County","FL",66,248144,248000,78.2,227945,79.9,48219,95,98.7,296630,78.9,293097,92.4,267054,93.7,56194,99.9,"D",16,16,16,16,"Metro",4,4,4,4
"291",2020,"FLORIDA","FL","PALM BEACH",12099,"PRESIDENT","DONALD J TRUMP","REPUBLICAN",334711,773158,20210622,"TOTAL",0.432914100352063,"11/30/2021",48,"Palm Beach County","FL",61.5,920376,919574,70.1,869190,71.7,311583,85.5,98.7,1062879,71,1051202,80.1,991942,81.8,354539,97.3,"C",12,12,12,12,"Metro",4,4,4,4
"292",2020,"FLORIDA","FL","PASCO",12101,"PRESIDENT","DONALD J TRUMP","REPUBLICAN",179621,301970,20210622,"TOTAL",0.594830612312481,"11/30/2021",48,"Pasco County","FL",54,299162,298940,62.1,282249,63.9,104260,83.1,98.7,341989,61.7,338167,70.3,319181,72.2,118641,94.6,"C",12,12,12,12,"Metro",4,4,4,4
"293",2020,"FLORIDA","FL","PINELLAS",12103,"PRESIDENT","DONALD J TRUMP","REPUBLICAN",276209,559715,20210622,"TOTAL",0.493481503979704,"11/30/2021",48,"Pinellas County","FL",60.4,588973,588631,67.3,565124,68.9,206301,83.3,98.7,664008,68.1,658171,75.3,631399,77,229119,92.5,"C",12,12,12,12,"Metro",4,4,4,4
"294",2020,"FLORIDA","FL","POLK",12105,"PRESIDENT","DONALD J TRUMP","REPUBLICAN",194586,343256,20210622,"TOTAL",0.566883026079661,"11/30/2021",48,"Polk County","FL",52.1,377949,377730,60.8,356017,63,121793,82.2,98.7,436938,60.3,432910,69.7,407331,72,137623,92.9,"D",16,16,16,16,"Metro",4,4,4,4
"295",2020,"FLORIDA","FL","PUTNAM",12107,"PRESIDENT","DONALD J TRUMP","REPUBLICAN",25514,36373,20210622,"TOTAL",0.701454375498309,"11/30/2021",48,"Putnam County","FL",38.5,28658,28655,44.7,27398,46.6,11618,65.7,98.7,34254,46,34109,53.2,32599,55.5,13569,76.8,"D",14,15,15,15,"Non-metro",6,7,7,7
"296",2020,"FLORIDA","FL","ST. JOHNS",12109,"PRESIDENT","DONALD J TRUMP","REPUBLICAN",110946,176622,20210622,"TOTAL",0.628155042973129,"11/30/2021",48,"St. Johns County","FL",64.5,170659,170442,74.5,158207,76.3,52700,96.4,98.7,189836,71.7,186301,81.4,172848,83.3,56767,99.9,"A",4,4,4,4,"Metro",4,4,4,4
"297",2020,"FLORIDA","FL","ST. LUCIE",12111,"PRESIDENT","DONALD J TRUMP","REPUBLICAN",86831,172169,20210622,"TOTAL",0.504335856048418,"11/30/2021",48,"St. Lucie County","FL",53.7,176370,176294,61.5,166711,63.1,64866,80.2,98.7,204777,62.4,203358,70.9,192244,72.8,73924,91.3,"C",12,12,12,12,"Metro",4,4,4,4
"298",2020,"FLORIDA","FL","SANTA ROSA",12113,"PRESIDENT","DONALD J TRUMP","REPUBLICAN",77385,106928,20210622,"TOTAL",0.723711282358222,"11/30/2021",48,"Santa Rosa County","FL",46.6,85886,85809,54.2,81225,56.4,25725,85.4,98.7,101827,55.2,100995,63.8,95719,66.4,30535,99.9,"B",7,8,8,8,"Metro",3,4,4,4
"299",2020,"FLORIDA","FL","SARASOTA",12115,"PRESIDENT","DONALD J TRUMP","REPUBLICAN",148370,270575,20210622,"TOTAL",0.548350734546799,"11/30/2021",48,"Sarasota County","FL",65.7,285083,284907,72.1,275093,73.8,143569,88.7,98.7,335492,77.3,333335,84.3,321457,86.2,168776,99.9,"B",8,8,8,8,"Metro",4,4,4,4
"300",2020,"FLORIDA","FL","SEMINOLE",12117,"PRESIDENT","DONALD J TRUMP","REPUBLICAN",125241,260815,20210622,"TOTAL",0.48019093993827,"11/30/2021",48,"Seminole County","FL",57,268750,268453,65.6,248603,66.5,61262,81.2,98.7,300318,63.7,294392,72,272487,72.9,66560,88.3,"A",4,4,4,4,"Metro",4,4,4,4
"301",2020,"FLORIDA","FL","SUMTER",12119,"PRESIDENT","DONALD J TRUMP","REPUBLICAN",62761,92485,20210622,"TOTAL",0.678607341731091,"11/30/2021",48,"Sumter County","FL",76.7,101603,101590,80.5,100645,81.8,72795,94.5,98.7,113237,85.5,113052,89.6,111959,91,79648,99.9,"A",4,4,4,4,"Metro",4,4,4,4
"302",2020,"FLORIDA","FL","SUWANNEE",12121,"PRESIDENT","DONALD J TRUMP","REPUBLICAN",16410,21057,20210622,"TOTAL",0.779313292491808,"11/30/2021",48,"Suwannee County","FL",35.5,15776,15775,41.2,15207,43.4,6631,68.7,98.7,18517,41.7,18469,48.2,17789,50.7,7336,76,"D",14,15,15,15,"Non-metro",6,7,7,7
"303",2020,"FLORIDA","FL","TAYLOR",12123,"PRESIDENT","DONALD J TRUMP","REPUBLICAN",7751,10127,20210622,"TOTAL",0.765379678088279,"11/30/2021",48,"Taylor County","FL",37.4,8059,8059,43.1,7792,45,3157,69.8,98.7,9678,44.9,9662,51.7,9353,54,3639,80.4,"D",14,15,15,15,"Non-metro",6,7,7,7
"304",2020,"FLORIDA","FL","UNION",12125,"PRESIDENT","DONALD J TRUMP","REPUBLICAN",5133,6245,20210622,"TOTAL",0.821937550040032,"11/30/2021",48,"Union County","FL",33.6,5124,5123,38.6,4929,40.3,1537,66.3,98.7,7480,49.1,7467,56.3,7230,59.1,2240,96.7,"D",14,14,15,15,"Non-metro",6,6,7,7
"305",2020,"FLORIDA","FL","VOLUSIA",12127,"PRESIDENT","DONALD J TRUMP","REPUBLICAN",173821,307439,20210622,"TOTAL",0.565383702132781,"11/30/2021",48,"Volusia County","FL",55.6,307529,307266,62.7,294321,64.5,119409,86.6,98.7,350410,63.3,347968,71.1,333145,73,133575,96.9,"C",12,12,12,12,"Metro",4,4,4,4
"306",2020,"FLORIDA","FL","WAKULLA",12129,"PRESIDENT","DONALD J TRUMP","REPUBLICAN",12874,18404,20210622,"TOTAL",0.699521843077592,"11/30/2021",48,"Wakulla County","FL",42.1,14193,14193,48.4,13437,50.2,4681,87.2,98.7,17164,50.9,17034,58.1,16165,60.4,5439,99.9,"B",7,7,8,8,"Metro",3,3,4,4
"307",2020,"FLORIDA","FL","WALTON",12131,"PRESIDENT","DONALD J TRUMP","REPUBLICAN",32947,43711,20210622,"TOTAL",0.753746196609549,"11/30/2021",48,"Walton County","FL",44.7,33074,33070,51.8,31927,54.1,11659,77.8,98.7,39274,53,39021,61.1,37592,63.7,13670,91.3,"C",11,12,12,12,"Metro",3,4,4,4
"308",2020,"FLORIDA","FL","WASHINGTON",12133,"PRESIDENT","DONALD J TRUMP","REPUBLICAN",9876,12327,20210622,"TOTAL",0.801168167437333,"11/30/2021",48,"Washington County","FL",30.2,7686,7684,34.6,7475,36.6,2850,65.1,98.7,9430,37,9399,42.4,9147,44.8,3461,79,"D",14,14,14,15,"Non-metro",6,6,6,7
"309",2020,"HAWAII","HI","HAWAII",15001,"PRESIDENT","DONALD J TRUMP","REPUBLICAN",26897,87814,20210622,"TOTAL",0.306295123784362,"11/30/2021",48,"Hawaii County","HI",0,0,0,0,0,0,0,0,99.9,0,0,0,0,0,0,0,0,"C",NA,NA,NA,NA,"Non-metro",NA,NA,NA,NA
"310",2020,"HAWAII","HI","HONOLULU",15003,"PRESIDENT","DONALD J TRUMP","REPUBLICAN",136250,382102,20210622,"TOTAL",0.356580180161318,"11/30/2021",48,"Honolulu County","HI",0,0,0,0,0,0,0,0,99.9,0,0,0,0,0,0,0,0,"B",NA,NA,NA,NA,"Metro",NA,NA,NA,NA
"311",2020,"HAWAII","HI","KAUAI",15007,"PRESIDENT","DONALD J TRUMP","REPUBLICAN",11582,33497,20210622,"TOTAL",0.345762307072275,"11/30/2021",48,"Kauai County","HI",0,0,0,0,0,0,0,0,0,0,0,0,0,0,0,0,0,"B",NA,NA,NA,NA,"Non-metro",NA,NA,NA,NA
"312",2020,"HAWAII","HI","MAUI",15009,"PRESIDENT","DONALD J TRUMP","REPUBLICAN",22126,71044,20210622,"TOTAL",0.311440797252407,"11/30/2021",48,"Maui County","HI",0,0,0,0,0,0,0,0,99.9,0,0,0,0,0,0,0,0,"B",NA,NA,NA,NA,"Metro",NA,NA,NA,NA
"313",2020,"IDAHO","ID","ADA",16001,"PRESIDENT","DONALD J TRUMP","REPUBLICAN",130699,259389,20210622,"TOTAL",0.503872562059301,"11/30/2021",48,"Ada County","ID",53.5,257669,NA,NA,257586,69.6,66889,93,97.6,282800,58.7,NA,NA,282625,76.4,71502,99.4,"A",4,4,4,4,"Metro",4,4,4,4
"314",2020,"IDAHO","ID","ADAMS",16003,"PRESIDENT","DONALD J TRUMP","REPUBLICAN",1941,2586,20210622,"TOTAL",0.750580046403712,"11/30/2021",48,"Adams County","ID",39.4,1692,NA,NA,1692,47.7,867,67.5,97.6,1852,43.1,NA,NA,1852,52.2,926,72.1,"B",6,7,7,7,"Non-metro",6,7,7,7
"315",2020,"IDAHO","ID","BANNOCK",16005,"PRESIDENT","DONALD J TRUMP","REPUBLICAN",23331,39553,20210622,"TOTAL",0.589866761054787,"11/30/2021",48,"Bannock County","ID",43.5,38192,NA,NA,38091,58.5,10928,84.8,97.6,42953,48.9,NA,NA,42754,65.7,11805,91.6,"C",11,12,12,12,"Metro",3,4,4,4
"316",2020,"IDAHO","ID","BEAR LAKE",16007,"PRESIDENT","DONALD J TRUMP","REPUBLICAN",2914,3315,20210622,"TOTAL",0.879034690799397,"11/30/2021",48,"Bear Lake County","ID",40.6,2489,NA,NA,2481,55.4,1124,88.9,97.6,2743,44.8,NA,NA,2717,60.7,1208,95.5,"A",3,3,4,4,"Non-metro",7,7,8,8
"317",2020,"IDAHO","ID","BENEWAH",16009,"PRESIDENT","DONALD J TRUMP","REPUBLICAN",3878,4973,20210622,"TOTAL",0.779810979288156,"11/30/2021",48,"Benewah County","ID",45.1,4195,NA,NA,4191,57.8,1701,80.3,97.6,4886,52.5,NA,NA,4879,67.3,1938,91.5,"C",11,12,12,12,"Non-metro",7,8,8,8
"318",2020,"IDAHO","ID","BINGHAM",16011,"PRESIDENT","DONALD J TRUMP","REPUBLICAN",15295,19996,20210622,"TOTAL",0.764902980596119,"11/30/2021",48,"Bingham County","ID",40.3,18846,NA,NA,18766,57.6,5389,79.4,97.6,20998,44.9,NA,NA,20842,64,5833,85.9,"C",11,12,12,12,"Non-metro",7,8,8,8
"319",2020,"IDAHO","ID","BLAINE",16013,"PRESIDENT","DONALD J TRUMP","REPUBLICAN",4032,13289,20210622,"TOTAL",0.303408834374295,"11/30/2021",48,"Blaine County","ID",69.5,16001,NA,NA,15996,88.1,4801,99.9,97.6,17916,77.8,NA,NA,17900,98.6,5339,99.9,"B",8,8,8,8,"Non-metro",8,8,8,8
"320",2020,"IDAHO","ID","BOISE",16015,"PRESIDENT","DONALD J TRUMP","REPUBLICAN",3485,4820,20210622,"TOTAL",0.723029045643154,"11/30/2021",48,"Boise County","ID",30.5,2387,NA,NA,2386,36.4,1078,52.4,97.6,2784,35.6,NA,NA,2776,42.4,1217,59.1,"A",2,2,2,3,"Metro",2,2,2,3
"321",2020,"IDAHO","ID","BONNER",16017,"PRESIDENT","DONALD J TRUMP","REPUBLICAN",18369,27335,20210622,"TOTAL",0.671995610023779,"11/30/2021",48,"Bonner County","ID",38.3,17500,NA,NA,17458,47.5,7989,68.8,97.6,19770,43.2,NA,NA,19713,53.7,8830,76,"A",2,3,3,3,"Non-metro",6,7,7,7
"322",2020,"IDAHO","ID","BONNEVILLE",16019,"PRESIDENT","DONALD J TRUMP","REPUBLICAN",37805,53995,20210622,"TOTAL",0.700157421983517,"11/30/2021",48,"Bonneville County","ID",43.7,52015,NA,NA,51980,62.7,13569,84.2,97.6,57541,48.3,NA,NA,57473,69.3,14694,91.2,"B",7,8,8,8,"Metro",3,4,4,4
"323",2020,"IDAHO","ID","BOUNDARY",16021,"PRESIDENT","DONALD J TRUMP","REPUBLICAN",4937,6313,20210622,"TOTAL",0.78203706637098,"11/30/2021",48,"Boundary County","ID",30.6,3748,NA,NA,3747,39.7,1747,61.8,97.6,4118,33.6,NA,NA,4114,43.6,1860,65.8,"B",6,6,6,7,"Non-metro",6,6,6,7
"324",2020,"IDAHO","ID","BUTTE",16023,"PRESIDENT","DONALD J TRUMP","REPUBLICAN",1202,1415,20210622,"TOTAL",0.849469964664311,"11/30/2021",48,"Butte County","ID",42.5,1104,NA,NA,1104,56.2,425,69.2,97.6,1228,47.3,NA,NA,1228,62.5,454,73.9,"A",3,4,4,3,"Metro",3,4,4,3
"325",2020,"IDAHO","ID","CAMAS",16025,"PRESIDENT","DONALD J TRUMP","REPUBLICAN",507,754,20210622,"TOTAL",0.672413793103448,"11/30/2021",48,"Camas County","ID",38.9,430,NA,NA,430,49.9,156,57.8,97.6,462,41.8,NA,NA,462,53.6,161,59.6,"A",2,3,3,3,"Non-metro",6,7,7,7
"326",2020,"IDAHO","ID","CANYON",16027,"PRESIDENT","DONALD J TRUMP","REPUBLICAN",61759,90410,20210622,"TOTAL",0.683099214688641,"11/30/2021",48,"Canyon County","ID",38.3,87943,NA,NA,87915,53,25371,78.8,97.6,98539,42.9,NA,NA,98485,59.4,27375,85,"C",10,11,12,12,"Metro",2,3,4,4
"327",2020,"IDAHO","ID","CARIBOU",16029,"PRESIDENT","DONALD J TRUMP","REPUBLICAN",2906,3416,20210622,"TOTAL",0.850702576112412,"11/30/2021",48,"Caribou County","ID",34.4,2464,NA,NA,2462,48.5,885,71.3,97.6,2636,36.8,NA,NA,2633,51.8,921,74.2,"A",2,3,3,4,"Non-metro",6,7,7,8
"328",2020,"IDAHO","ID","CASSIA",16031,"PRESIDENT","DONALD J TRUMP","REPUBLICAN",7907,9629,20210622,"TOTAL",0.821165230034271,"11/30/2021",48,"Cassia County","ID",32.9,7894,NA,NA,7892,48,2448,70.5,97.6,9215,38.3,NA,NA,9210,56,2687,77.4,"C",10,11,11,12,"Non-metro",6,7,7,8
"329",2020,"IDAHO","ID","CLARK",16033,"PRESIDENT","DONALD J TRUMP","REPUBLICAN",264,311,20210622,"TOTAL",0.84887459807074,"11/30/2021",48,"Clark County","ID",34.6,292,NA,NA,291,44.2,75,45.7,97.6,328,38.8,NA,NA,327,49.6,82,50,"D",14,14,15,14,"Non-metro",6,6,7,6
"330",2020,"IDAHO","ID","CLEARWATER",16035,"PRESIDENT","DONALD J TRUMP","REPUBLICAN",3453,4419,20210622,"TOTAL",0.781398506449423,"11/30/2021",48,"Clearwater County","ID",38.3,3357,NA,NA,3351,45.4,1731,70.6,97.6,3745,42.8,NA,NA,3736,50.7,1903,77.6,"B",6,7,7,8,"Non-metro",6,7,7,8
"331",2020,"IDAHO","ID","CUSTER",16037,"PRESIDENT","DONALD J TRUMP","REPUBLICAN",2089,2739,20210622,"TOTAL",0.762687112084702,"11/30/2021",48,"Custer County","ID",42.4,1831,NA,NA,1831,51.2,824,63.5,97.6,2013,46.7,NA,NA,2013,56.3,884,68.1,"B",7,7,8,7,"Non-metro",7,7,8,7
"332",2020,"IDAHO","ID","ELMORE",16039,"PRESIDENT","DONALD J TRUMP","REPUBLICAN",7246,10205,20210622,"TOTAL",0.710044096031357,"11/30/2021",48,"Elmore County","ID",39.7,10923,NA,NA,10825,52.7,2850,73.5,97.6,15230,55.4,NA,NA,15071,73.3,3494,90.1,"C",10,11,12,12,"Non-metro",6,7,8,8
"333",2020,"IDAHO","ID","FRANKLIN",16041,"PRESIDENT","DONALD J TRUMP","REPUBLICAN",5845,6664,20210622,"TOTAL",0.877100840336134,"11/30/2021",48,"Franklin County","ID",37.3,5173,NA,NA,5134,54,1726,85.1,97.6,5850,42.2,NA,NA,5780,60.8,1892,93.2,"A",2,3,4,4,"Metro",2,3,4,4
"334",2020,"IDAHO","ID","FREMONT",16043,"PRESIDENT","DONALD J TRUMP","REPUBLICAN",5548,6719,20210622,"TOTAL",0.825718112814407,"11/30/2021",48,"Fremont County","ID",38.2,5001,NA,NA,5000,50.7,1719,75.2,97.6,5656,43.2,NA,NA,5649,57.2,1872,81.9,"C",10,11,12,12,"Non-metro",6,7,8,8
"335",2020,"IDAHO","ID","GEM",16045,"PRESIDENT","DONALD J TRUMP","REPUBLICAN",7951,9958,20210622,"TOTAL",0.798453504719823,"11/30/2021",48,"Gem County","ID",35.5,6427,NA,NA,6427,46,2873,72.1,97.6,7274,40.2,NA,NA,7271,52,3145,78.9,"C",10,11,11,12,"Metro",2,3,3,4
"336",2020,"IDAHO","ID","GOODING",16047,"PRESIDENT","DONALD J TRUMP","REPUBLICAN",4659,6050,20210622,"TOTAL",0.770082644628099,"11/30/2021",48,"Gooding County","ID",37,5618,NA,NA,5617,50.6,1969,72.6,97.6,6343,41.8,NA,NA,6340,57.1,2122,78.2,"C",10,11,12,12,"Non-metro",6,7,8,8
"337",2020,"IDAHO","ID","IDAHO",16049,"PRESIDENT","DONALD J TRUMP","REPUBLICAN",7826,9602,20210622,"TOTAL",0.815038533638825,"11/30/2021",48,"Idaho County","ID",27.6,4598,NA,NA,4589,34.1,2448,51.3,97.6,5092,30.6,NA,NA,5070,37.7,2642,55.4,"C",9,10,10,11,"Non-metro",5,6,6,7
"338",2020,"IDAHO","ID","JEFFERSON",16051,"PRESIDENT","DONALD J TRUMP","REPUBLICAN",12099,14173,20210622,"TOTAL",0.853665420165103,"11/30/2021",48,"Jefferson County","ID",34.7,10372,NA,NA,10369,52.3,2799,81,97.6,11573,38.7,NA,NA,11557,58.3,2994,86.7,"B",6,7,8,8,"Metro",2,3,4,4
"339",2020,"IDAHO","ID","JEROME",16053,"PRESIDENT","DONALD J TRUMP","REPUBLICAN",5734,7812,20210622,"TOTAL",0.73399897593446,"11/30/2021",48,"Jerome County","ID",37.1,9057,NA,NA,9054,53.4,2489,77,97.6,10210,41.8,NA,NA,10207,60.2,2688,83.2,"C",10,11,12,12,"Non-metro",6,7,8,8
"340",2020,"IDAHO","ID","KOOTENAI",16055,"PRESIDENT","DONALD J TRUMP","REPUBLICAN",62837,89467,20210622,"TOTAL",0.70234835190629,"11/30/2021",48,"Kootenai County","ID",40,66295,NA,NA,66174,51.6,25712,79.9,97.6,75576,45.6,NA,NA,75343,58.8,28344,88,"A",3,3,4,4,"Metro",3,3,4,4
"341",2020,"IDAHO","ID","LATAH",16057,"PRESIDENT","DONALD J TRUMP","REPUBLICAN",9472,20570,20210622,"TOTAL",0.460476421973748,"11/30/2021",48,"Latah County","ID",50.7,20318,NA,NA,20114,61.5,5208,92.2,97.6,22887,57.1,NA,NA,22427,68.5,5749,99.9,"A",4,4,4,4,"Non-metro",8,8,8,8
"342",2020,"IDAHO","ID","LEMHI",16059,"PRESIDENT","DONALD J TRUMP","REPUBLICAN",3592,4738,20210622,"TOTAL",0.758125791473195,"11/30/2021",48,"Lemhi County","ID",42,3371,NA,NA,3371,51.6,1703,69.3,97.6,3750,46.7,NA,NA,3748,57.4,1869,76,"B",7,7,8,7,"Non-metro",7,7,8,7
"343",2020,"IDAHO","ID","LEWIS",16061,"PRESIDENT","DONALD J TRUMP","REPUBLICAN",1489,1870,20210622,"TOTAL",0.796256684491979,"11/30/2021",48,"Lewis County","ID",45.5,1748,NA,NA,1741,57.9,852,82.6,97.6,1992,51.9,NA,NA,1984,66,947,91.9,"C",11,12,12,12,"Non-metro",7,8,8,8
"344",2020,"IDAHO","ID","LINCOLN",16063,"PRESIDENT","DONALD J TRUMP","REPUBLICAN",1469,1940,20210622,"TOTAL",0.757216494845361,"11/30/2021",48,"Lincoln County","ID",35.3,1894,NA,NA,1894,48.6,588,77.5,97.6,2114,39.4,NA,NA,2113,54.2,635,83.7,"C",10,11,11,12,"Non-metro",6,7,7,8
"345",2020,"IDAHO","ID","MADISON",16065,"PRESIDENT","DONALD J TRUMP","REPUBLICAN",13559,17112,20210622,"TOTAL",0.792367928938756,"11/30/2021",48,"Madison County","ID",45.1,17996,NA,NA,17980,61.6,2506,88.6,97.6,21031,52.7,NA,NA,20996,71.9,2746,97.1,"B",7,8,8,8,"Non-metro",7,8,8,8
"346",2020,"IDAHO","ID","MINIDOKA",16067,"PRESIDENT","DONALD J TRUMP","REPUBLICAN",6265,7993,20210622,"TOTAL",0.78381083448017,"11/30/2021",48,"Minidoka County","ID",34.6,7284,NA,NA,7277,48.4,2297,67.2,97.6,8315,39.5,NA,NA,8299,55.2,2503,73.3,"C",10,11,11,11,"Non-metro",6,7,7,7
"347",2020,"IDAHO","ID","NEZ PERCE",16069,"PRESIDENT","DONALD J TRUMP","REPUBLICAN",13738,20967,20210622,"TOTAL",0.655220107788429,"11/30/2021",48,"Nez Perce County","ID",48.7,19667,NA,NA,19390,61,7549,92.4,97.6,22911,56.7,NA,NA,22513,70.8,8835,99.9,"C",11,12,12,12,"Metro",3,4,4,4
"348",2020,"IDAHO","ID","ONEIDA",16071,"PRESIDENT","DONALD J TRUMP","REPUBLICAN",2148,2451,20210622,"TOTAL",0.876376988984088,"11/30/2021",48,"Oneida County","ID",38,1722,NA,NA,1716,52.8,705,76.1,97.6,1954,43.1,NA,NA,1933,59.5,748,80.8,"B",6,7,8,8,"Non-metro",6,7,8,8
"349",2020,"IDAHO","ID","OWYHEE",16073,"PRESIDENT","DONALD J TRUMP","REPUBLICAN",3819,4742,20210622,"TOTAL",0.805356389708984,"11/30/2021",48,"Owyhee County","ID",29.8,3520,NA,NA,3520,39.9,1183,55.4,97.6,4035,34.1,NA,NA,4033,45.7,1281,60,"D",13,14,14,15,"Metro",1,2,2,3
"350",2020,"IDAHO","ID","PAYETTE",16075,"PRESIDENT","DONALD J TRUMP","REPUBLICAN",8862,11293,20210622,"TOTAL",0.784733905959444,"11/30/2021",48,"Payette County","ID",28.3,6779,NA,NA,6776,38.2,2966,66.5,97.6,7701,32.2,NA,NA,7692,43.3,3228,72.4,"C",9,10,10,11,"Non-metro",5,6,6,7
"351",2020,"IDAHO","ID","POWER",16077,"PRESIDENT","DONALD J TRUMP","REPUBLICAN",2116,3074,20210622,"TOTAL",0.688353936239427,"11/30/2021",48,"Power County","ID",42.8,3288,NA,NA,3282,61.5,973,80.9,97.6,3604,46.9,NA,NA,3595,67.4,1009,83.9,"C",11,12,12,12,"Non-metro",7,8,8,8
"352",2020,"IDAHO","ID","SHOSHONE",16079,"PRESIDENT","DONALD J TRUMP","REPUBLICAN",4216,6049,20210622,"TOTAL",0.696974706563068,"11/30/2021",48,"Shoshone County","ID",39.1,5032,NA,NA,5030,49.1,2412,80.9,97.6,5537,43,NA,NA,5532,54,2573,86.3,"D",14,15,15,16,"Non-metro",6,7,7,8
"353",2020,"IDAHO","ID","TETON",16081,"PRESIDENT","DONALD J TRUMP","REPUBLICAN",2858,6347,20210622,"TOTAL",0.45029147628801,"11/30/2021",48,"Teton County","ID",54.7,6637,NA,NA,6626,71.6,1356,85,97.6,7655,63,NA,NA,7628,82.4,1515,94.9,"A",4,4,4,4,"Non-metro",8,8,8,8
"354",2020,"IDAHO","ID","TWIN FALLS",16083,"PRESIDENT","DONALD J TRUMP","REPUBLICAN",25897,36501,20210622,"TOTAL",0.7094874113038,"11/30/2021",48,"Twin Falls County","ID",41.5,36061,NA,NA,36047,57.2,11549,85,97.6,39847,45.9,NA,NA,39825,63.1,12351,90.9,"B",7,8,8,8,"Non-metro",7,8,8,8
"355",2020,"IDAHO","ID","VALLEY",16085,"PRESIDENT","DONALD J TRUMP","REPUBLICAN",3947,7063,20210622,"TOTAL",0.558827693614611,"11/30/2021",48,"Valley County","ID",54.2,6170,NA,NA,6168,66.3,2482,84,97.6,6854,60.2,NA,NA,6852,73.6,2709,91.7,"A",4,4,4,4,"Non-metro",8,8,8,8
"356",2020,"IDAHO","ID","WASHINGTON",16087,"PRESIDENT","DONALD J TRUMP","REPUBLICAN",4154,5344,20210622,"TOTAL",0.777320359281437,"11/30/2021",48,"Washington County","ID",36.2,3687,NA,NA,3687,46.7,1821,68.9,97.6,4117,40.4,NA,NA,4116,52.2,1959,74.1,"D",14,15,15,15,"Non-metro",6,7,7,7
"357",2020,"ILLINOIS","IL","ADAMS",17001,"PRESIDENT","DONALD J TRUMP","REPUBLICAN",24220,33527,20210622,"TOTAL",0.722402839502491,"11/30/2021",48,"Adams County","IL",49.9,32624,32563,58.5,31204,61.6,11236,83.1,97.9,35476,54.2,35091,63.1,33580,66.3,11908,88.1,"A",3,4,4,4,"Non-metro",7,8,8,8
"358",2020,"ILLINOIS","IL","ALEXANDER",17003,"PRESIDENT","DONALD J TRUMP","REPUBLICAN",1486,2618,20210622,"TOTAL",0.567608861726509,"11/30/2021",48,"Alexander County","IL",27.4,1576,1576,32,1541,34.4,652,48.9,97.9,1860,32.3,1858,37.7,1806,40.3,747,56.1,"D",13,14,14,14,"Metro",1,2,2,2
"359",2020,"ILLINOIS","IL","BOND",17005,"PRESIDENT","DONALD J TRUMP","REPUBLICAN",5625,8145,20210622,"TOTAL",0.69060773480663,"11/30/2021",48,"Bond County","IL",50.1,8232,8216,56.7,7835,58.9,2537,79.4,97.9,8872,54,8744,60.4,8333,62.7,2639,82.6,"B",8,8,8,8,"Metro",4,4,4,4
"360",2020,"ILLINOIS","IL","BOONE",17007,"PRESIDENT","DONALD J TRUMP","REPUBLICAN",13883,24979,20210622,"TOTAL",0.555786860963209,"11/30/2021",48,"Boone County","IL",55.3,29628,29539,64.7,27177,67.3,7363,85.2,97.9,32600,60.9,32080,70.3,29418,72.8,7895,91.4,"B",8,8,8,8,"Metro",4,4,4,4
"361",2020,"ILLINOIS","IL","BROWN",17009,"PRESIDENT","DONALD J TRUMP","REPUBLICAN",1931,2521,20210622,"TOTAL",0.765965886552955,"11/30/2021",48,"Brown County","IL",47.9,3152,3149,53.6,3076,55.6,785,84.9,97.9,3304,50.2,3290,56,3207,58,806,87.1,"B",7,8,8,8,"Non-metro",7,8,8,8
"362",2020,"ILLINOIS","IL","BUREAU",17011,"PRESIDENT","DONALD J TRUMP","REPUBLICAN",10411,17434,20210622,"TOTAL",0.597166456349662,"11/30/2021",48,"Bureau County","IL",53.1,17340,17305,61.1,16292,63.3,5966,81.3,97.9,19378,59.4,19134,67.6,17997,69.9,6535,89,"B",8,8,8,8,"Non-metro",8,8,8,8
"363",2020,"ILLINOIS","IL","CALHOUN",17013,"PRESIDENT","DONALD J TRUMP","REPUBLICAN",2046,2772,20210622,"TOTAL",0.738095238095238,"11/30/2021",48,"Calhoun County","IL",42.8,2027,2026,49.1,1946,51.4,772,67.5,97.9,2176,45.9,2157,52.3,2070,54.7,817,71.5,"A",3,3,4,3,"Metro",3,3,4,3
"364",2020,"ILLINOIS","IL","CARROLL",17015,"PRESIDENT","DONALD J TRUMP","REPUBLICAN",5105,8024,20210622,"TOTAL",0.636216350947159,"11/30/2021",48,"Carroll County","IL",58.5,8375,8367,66.8,8133,70.4,3126,84.7,97.9,9358,65.4,9296,74.2,9027,78.2,3562,96.5,"A",4,4,4,4,"Non-metro",8,8,8,8
"365",2020,"ILLINOIS","IL","CASS",17017,"PRESIDENT","DONALD J TRUMP","REPUBLICAN",3625,5317,20210622,"TOTAL",0.68177543727666,"11/30/2021",48,"Cass County","IL",55,6683,6673,65.3,6240,67.9,1783,80.4,97.9,7284,60,7195,70.5,6715,73.1,1840,83,"C",12,12,12,12,"Non-metro",8,8,8,8
"366",2020,"ILLINOIS","IL","CHAMPAIGN",17019,"PRESIDENT","DONALD J TRUMP","REPUBLICAN",35285,95142,20210622,"TOTAL",0.370866704504845,"11/30/2021",48,"Champaign County","IL",58.5,122734,121685,66.4,114037,66.9,24032,86.4,97.9,137377,65.5,133128,72.6,124639,73.1,25601,92,"B",8,8,8,8,"Metro",4,4,4,4
"367",2020,"ILLINOIS","IL","CHRISTIAN",17021,"PRESIDENT","DONALD J TRUMP","REPUBLICAN",11563,16204,20210622,"TOTAL",0.713589237225376,"11/30/2021",48,"Christian County","IL",44.1,14260,14253,50.7,13696,53.1,5334,81.7,97.9,15615,48.3,15515,55.1,14888,57.7,5675,86.9,"A",3,4,4,4,"Non-metro",7,8,8,8
"368",2020,"ILLINOIS","IL","CLARK",17023,"PRESIDENT","DONALD J TRUMP","REPUBLICAN",6226,8356,20210622,"TOTAL",0.745093346098612,"11/30/2021",48,"Clark County","IL",44.9,6930,6926,52.5,6631,55.3,2472,79.4,97.9,7889,51.1,7816,59.2,7445,62.1,2736,87.8,"A",3,4,4,4,"Non-metro",7,8,8,8
"369",2020,"ILLINOIS","IL","CLAY",17025,"PRESIDENT","DONALD J TRUMP","REPUBLICAN",5629,6886,20210622,"TOTAL",0.817455707232065,"11/30/2021",48,"Clay County","IL",36.2,4773,4767,42.5,4641,45.5,1983,72.4,97.9,5125,38.9,5092,45.4,4938,48.4,2053,75,"C",10,11,11,12,"Non-metro",6,7,7,8
"370",2020,"ILLINOIS","IL","CLINTON",17027,"PRESIDENT","DONALD J TRUMP","REPUBLICAN",14304,19170,20210622,"TOTAL",0.746165884194053,"11/30/2021",48,"Clinton County","IL",53,19907,19870,61.4,18821,63.5,5728,84.9,97.9,21514,57.3,21227,65.6,20078,67.7,6140,91,"A",4,4,4,4,"Metro",4,4,4,4
"371",2020,"ILLINOIS","IL","COLES",17029,"PRESIDENT","DONALD J TRUMP","REPUBLICAN",14037,22606,20210622,"TOTAL",0.620941343006282,"11/30/2021",48,"Coles County","IL",42.2,21370,21351,47.8,20400,49.1,6800,76.9,97.9,23344,46.1,23071,51.7,22046,53,7208,81.5,"B",7,7,7,8,"Non-metro",7,7,7,8
"372",2020,"ILLINOIS","IL","COOK",17031,"PRESIDENT","DONALD J TRUMP","REPUBLICAN",558269,2321486,20210622,"TOTAL",0.240479158607892,"11/30/2021",48,"Cook County","IL",64.4,3314439,3301662,74.9,3060821,75.8,641868,82.7,97.9,3760269,73,3650521,82.8,3379541,83.7,706831,91.1,"C",12,12,12,12,"Metro",4,4,4,4
"373",2020,"ILLINOIS","IL","CRAWFORD",17033,"PRESIDENT","DONALD J TRUMP","REPUBLICAN",7043,9425,20210622,"TOTAL",0.747267904509284,"11/30/2021",48,"Crawford County","IL",45.6,8504,8496,52.4,8166,54.6,3034,83.8,97.9,9398,50.3,9300,57.4,8928,59.7,3255,89.9,"B",7,8,8,8,"Non-metro",7,8,8,8
"374",2020,"ILLINOIS","IL","CUMBERLAND",17035,"PRESIDENT","DONALD J TRUMP","REPUBLICAN",4601,5832,20210622,"TOTAL",0.788923182441701,"11/30/2021",48,"Cumberland County","IL",36.6,3939,3937,42.8,3826,45.7,1549,70.5,97.9,4343,40.3,4311,46.9,4178,49.9,1682,76.5,"A",2,3,3,4,"Non-metro",6,7,7,8
"375",2020,"ILLINOIS","IL","DEKALB",17037,"PRESIDENT","DONALD J TRUMP","REPUBLICAN",21905,47825,20210622,"TOTAL",0.458024046001045,"11/30/2021",48,"DeKalb County","IL",51.6,54110,53964,59.9,50219,60.9,12184,89.9,97.9,59404,56.6,58045,64.4,53997,65.5,13097,96.6,"B",8,8,8,8,"Metro",4,4,4,4
"376",2020,"ILLINOIS","IL","DE WITT",17039,"PRESIDENT","DONALD J TRUMP","REPUBLICAN",5632,8024,20210622,"TOTAL",0.701894317048853,"11/30/2021",48,"De Witt County","IL",49.1,7680,7667,56.7,7295,59.1,2497,80.8,97.9,8301,53.1,8216,60.7,7804,63.2,2611,84.4,"A",3,4,4,4,"Metro",3,4,4,4
"377",2020,"ILLINOIS","IL","DOUGLAS",17041,"PRESIDENT","DONALD J TRUMP","REPUBLICAN",6227,8738,20210622,"TOTAL",0.712634470130465,"11/30/2021",48,"Douglas County","IL",44.4,8649,8632,52.7,8137,55.5,2716,76.1,97.9,9478,48.7,9322,57,8771,59.8,2908,81.5,"B",7,8,8,8,"Non-metro",7,8,8,8
"378",2020,"ILLINOIS","IL","DUPAGE",17043,"PRESIDENT","DONALD J TRUMP","REPUBLICAN",193611,485104,20210622,"TOTAL",0.399112355288763,"11/30/2021",48,"DuPage County","IL",69.6,642115,639061,81,586616,82,140007,94,97.9,713732,77.3,688343,87.2,631714,88.3,149973,99.9,"A",4,4,4,4,"Metro",4,4,4,4
"379",2020,"ILLINOIS","IL","EDGAR",17045,"PRESIDENT","DONALD J TRUMP","REPUBLICAN",6193,8196,20210622,"TOTAL",0.755612493899463,"11/30/2021",48,"Edgar County","IL",44.2,7581,7575,50.6,7295,53.3,2977,77,97.9,8467,49.3,8397,56.1,8071,58.9,3268,84.5,"B",7,8,8,8,"Non-metro",7,8,8,8
"380",2020,"ILLINOIS","IL","EDWARDS",17047,"PRESIDENT","DONALD J TRUMP","REPUBLICAN",2833,3366,20210622,"TOTAL",0.841651812240047,"11/30/2021",48,"Edwards County","IL",36.2,2316,2314,42.5,2246,45.3,975,69.7,97.9,2481,38.8,2474,45.4,2400,48.4,1015,72.6,"A",2,3,3,3,"Non-metro",6,7,7,7
"381",2020,"ILLINOIS","IL","EFFINGHAM",17049,"PRESIDENT","DONALD J TRUMP","REPUBLICAN",15006,19049,20210622,"TOTAL",0.787757887553152,"11/30/2021",48,"Effingham County","IL",45.1,15339,15324,53.7,14734,57,5255,86.3,97.9,16812,49.4,16669,58.4,16008,61.9,5641,92.7,"A",3,4,4,4,"Non-metro",7,8,8,8
"382",2020,"ILLINOIS","IL","FAYETTE",17051,"PRESIDENT","DONALD J TRUMP","REPUBLICAN",8055,10056,20210622,"TOTAL",0.801014319809069,"11/30/2021",48,"Fayette County","IL",33.1,7057,7055,38.2,6835,40.4,2781,67.2,97.9,7775,36.4,7745,41.9,7486,44.3,2997,72.5,"C",10,10,11,11,"Non-metro",6,6,7,7
"383",2020,"ILLINOIS","IL","FORD",17053,"PRESIDENT","DONALD J TRUMP","REPUBLICAN",5048,6953,20210622,"TOTAL",0.726017546382856,"11/30/2021",48,"Ford County","IL",51.6,6687,6667,60.2,6249,62.3,2219,88.9,97.9,7310,56.4,7173,64.8,6722,67,2353,94.3,"B",8,8,8,8,"Metro",4,4,4,4
"384",2020,"ILLINOIS","IL","FRANKLIN",17055,"PRESIDENT","DONALD J TRUMP","REPUBLICAN",13622,18626,20210622,"TOTAL",0.73134328358209,"11/30/2021",48,"Franklin County","IL",42,16148,16136,49,15515,51.7,6019,75,97.9,17860,46.4,17733,53.8,17031,56.8,6504,81.1,"C",11,11,12,12,"Non-metro",7,7,8,8
"385",2020,"ILLINOIS","IL","FULTON",17057,"PRESIDENT","DONALD J TRUMP","REPUBLICAN",9867,16678,20210622,"TOTAL",0.591617699964024,"11/30/2021",48,"Fulton County","IL",53.3,18297,18269,60.7,17372,62.8,6151,84.5,97.9,19770,57.6,19513,64.8,18550,67.1,6492,89.2,"C",12,12,12,12,"Non-metro",8,8,8,8
"386",2020,"ILLINOIS","IL","GALLATIN",17059,"PRESIDENT","DONALD J TRUMP","REPUBLICAN",2019,2674,20210622,"TOTAL",0.755048616305161,"11/30/2021",48,"Gallatin County","IL",49.5,2391,2390,56.6,2282,59,917,77.8,97.9,2690,55.7,2668,63.2,2546,65.9,1016,86.2,"B",7,8,8,8,"Non-metro",7,8,8,8
"387",2020,"ILLINOIS","IL","GREENE",17061,"PRESIDENT","DONALD J TRUMP","REPUBLICAN",4770,6227,20210622,"TOTAL",0.766018949735025,"11/30/2021",48,"Greene County","IL",37.4,4847,4846,43.3,4654,45.6,1730,66.6,97.9,5146,39.7,5108,45.6,4892,48,1777,68.4,"A",2,3,3,3,"Non-metro",6,7,7,7
"388",2020,"ILLINOIS","IL","GRUNDY",17063,"PRESIDENT","DONALD J TRUMP","REPUBLICAN",16523,26691,20210622,"TOTAL",0.619047619047619,"11/30/2021",48,"Grundy County","IL",52.2,26641,26581,61.9,24680,64.5,6366,85.6,97.9,29698,58.2,29204,68,27073,70.7,7073,95.1,"A",4,4,4,4,"Metro",4,4,4,4
"389",2020,"ILLINOIS","IL","HAMILTON",17065,"PRESIDENT","DONALD J TRUMP","REPUBLICAN",3432,4315,20210622,"TOTAL",0.795365005793743,"11/30/2021",48,"Hamilton County","IL",34.3,2785,2782,39.6,2697,42.5,1088,59.9,97.9,3027,37.3,3011,42.9,2918,46,1157,63.7,"A",2,2,3,3,"Non-metro",6,6,7,7
"390",2020,"ILLINOIS","IL","HANCOCK",17067,"PRESIDENT","DONALD J TRUMP","REPUBLICAN",6906,9383,20210622,"TOTAL",0.73601193648087,"11/30/2021",48,"Hancock County","IL",44.8,7937,7933,51.7,7659,54.7,3209,77,97.9,9146,51.6,9099,59.3,8780,62.7,3779,90.6,"A",3,4,4,4,"Non-metro",7,8,8,8
"391",2020,"ILLINOIS","IL","HARDIN",17069,"PRESIDENT","DONALD J TRUMP","REPUBLICAN",1691,2162,20210622,"TOTAL",0.782146160962072,"11/30/2021",48,"Hardin County","IL",37.7,1441,1441,42.3,1416,44.9,672,65.8,97.9,1584,41.5,1582,46.4,1553,49.3,731,71.6,"C",10,11,11,11,"Non-metro",6,7,7,7
"392",2020,"ILLINOIS","IL","HENDERSON",17071,"PRESIDENT","DONALD J TRUMP","REPUBLICAN",2394,3647,20210622,"TOTAL",0.656429942418426,"11/30/2021",48,"Henderson County","IL",39.1,2600,2598,44.5,2528,46.5,1064,63.1,97.9,2971,44.7,2957,50.7,2873,52.9,1209,71.7,"A",2,3,3,3,"Non-metro",6,7,7,7
"393",2020,"ILLINOIS","IL","HENRY",17073,"PRESIDENT","DONALD J TRUMP","REPUBLICAN",15300,25635,20210622,"TOTAL",0.596840257460503,"11/30/2021",48,"Henry County","IL",55,26885,26838,63.9,25068,65.8,8814,86.3,97.9,29513,60.3,29014,69,27082,71.1,9420,92.2,"A",4,4,4,4,"Metro",4,4,4,4
"394",2020,"ILLINOIS","IL","IROQUOIS",17075,"PRESIDENT","DONALD J TRUMP","REPUBLICAN",10877,14025,20210622,"TOTAL",0.77554367201426,"11/30/2021",48,"Iroquois County","IL",46.4,12591,12581,53.8,12027,56.6,4651,77.9,97.9,13510,49.8,13429,57.4,12819,60.3,4924,82.5,"B",7,8,8,8,"Non-metro",7,8,8,8
"395",2020,"ILLINOIS","IL","JACKSON",17077,"PRESIDENT","DONALD J TRUMP","REPUBLICAN",10890,22643,20210622,"TOTAL",0.480943337896922,"11/30/2021",48,"Jackson County","IL",48.3,27437,27379,55,26011,56.2,7347,79.5,97.9,30725,54.1,30264,60.8,28690,61.9,7974,86.3,"C",11,12,12,12,"Metro",3,4,4,4
"396",2020,"ILLINOIS","IL","JASPER",17079,"PRESIDENT","DONALD J TRUMP","REPUBLICAN",4494,5576,20210622,"TOTAL",0.805954088952654,"11/30/2021",48,"Jasper County","IL",39.7,3819,3819,46.9,3714,50.3,1514,79.7,97.9,4244,44.2,4217,51.7,4094,55.5,1664,87.6,"A",2,3,4,4,"Non-metro",6,7,8,8
"397",2020,"ILLINOIS","IL","JEFFERSON",17081,"PRESIDENT","DONALD J TRUMP","REPUBLICAN",12476,17404,20210622,"TOTAL",0.716846701907607,"11/30/2021",48,"Jefferson County","IL",42,15832,15819,49.4,15160,51.8,5572,76,97.9,17787,47.2,17654,55.1,16910,57.7,6056,82.6,"D",15,15,16,16,"Non-metro",7,7,8,8
"398",2020,"ILLINOIS","IL","JERSEY",17083,"PRESIDENT","DONALD J TRUMP","REPUBLICAN",8712,11937,20210622,"TOTAL",0.729831615983916,"11/30/2021",48,"Jersey County","IL",51.7,11247,11229,59.1,10672,61.6,3719,86.1,97.9,12072,55.4,11944,62.9,11352,65.5,3891,90.1,"A",4,4,4,4,"Metro",4,4,4,4
"399",2020,"ILLINOIS","IL","JO DAVIESS",17085,"PRESIDENT","DONALD J TRUMP","REPUBLICAN",7166,12496,20210622,"TOTAL",0.573463508322663,"11/30/2021",48,"Jo Daviess County","IL",72.5,15387,15372,82,14730,85.4,6842,99.9,97.9,17380,81.8,17181,91.6,16452,95.3,7788,99.9,"A",4,4,4,4,"Non-metro",8,8,8,8
"400",2020,"ILLINOIS","IL","JOHNSON",17087,"PRESIDENT","DONALD J TRUMP","REPUBLICAN",5059,6437,20210622,"TOTAL",0.785925120397701,"11/30/2021",48,"Johnson County","IL",45.8,5686,5683,51.9,5564,54.9,1989,73.2,97.9,6370,51.3,6339,57.9,6185,61,2192,80.6,"B",7,8,8,8,"Non-metro",7,8,8,8
"401",2020,"ILLINOIS","IL","KANE",17089,"PRESIDENT","DONALD J TRUMP","REPUBLICAN",96775,231876,20210622,"TOTAL",0.417356690645,"11/30/2021",48,"Kane County","IL",60,319673,318740,71.1,290385,72.7,64851,85.4,97.9,356795,67,347075,77.4,316100,79.1,70690,93.1,"B",8,8,8,8,"Metro",4,4,4,4
"402",2020,"ILLINOIS","IL","KANKAKEE",17091,"PRESIDENT","DONALD J TRUMP","REPUBLICAN",28532,49902,20210622,"TOTAL",0.571760650875716,"11/30/2021",48,"Kankakee County","IL",47,51603,51527,54.8,48688,57.2,14703,77.3,97.9,56507,51.4,55804,59.3,52690,61.9,15664,82.3,"C",11,12,12,12,"Metro",3,4,4,4
"403",2020,"ILLINOIS","IL","KENDALL",17093,"PRESIDENT","DONALD J TRUMP","REPUBLICAN",29492,63974,20210622,"TOTAL",0.460999781161097,"11/30/2021",48,"Kendall County","IL",60.7,78323,77976,73.5,69781,75.3,12696,91.8,97.9,87700,68,84887,80,75933,81.9,13977,99.9,"A",4,4,4,4,"Metro",4,4,4,4
"404",2020,"ILLINOIS","IL","KNOX",17095,"PRESIDENT","DONALD J TRUMP","REPUBLICAN",12009,23143,20210622,"TOTAL",0.518904204295035,"11/30/2021",48,"Knox County","IL",54.4,27051,27026,62.6,25811,64.9,9400,86.2,97.9,29560,59.5,29222,67.7,27864,70,9927,91,"C",12,12,12,12,"Non-metro",8,8,8,8
"405",2020,"ILLINOIS","IL","LAKE",17097,"PRESIDENT","DONALD J TRUMP","REPUBLICAN",123594,334177,20210622,"TOTAL",0.369845919976539,"11/30/2021",48,"Lake County","IL",69.4,483597,480927,81.1,435182,82.1,91344,88.5,97.9,559318,80.3,538862,90.9,488490,92.1,104749,99.9,"B",8,8,8,8,"Metro",4,4,4,4
"406",2020,"ILLINOIS","IL","LASALLE",17099,"PRESIDENT","DONALD J TRUMP","REPUBLICAN",30113,53591,20210622,"TOTAL",0.561904051053349,"11/30/2021",48,"LaSalle County","IL",53.8,58445,58339,62.1,54882,64.2,17604,83.7,97.9,64272,59.1,63207,67.3,59404,69.4,18941,90.1,"B",8,8,8,8,"Non-metro",8,8,8,8
"407",2020,"ILLINOIS","IL","LAWRENCE",17101,"PRESIDENT","DONALD J TRUMP","REPUBLICAN",4886,6411,20210622,"TOTAL",0.762127593199189,"11/30/2021",48,"Lawrence County","IL",39.2,6153,6153,44.8,6000,47.2,2061,73.6,97.9,7013,44.7,6986,50.9,6792,53.4,2267,81,"D",14,15,15,16,"Non-metro",6,7,7,8
"408",2020,"ILLINOIS","IL","LEE",17103,"PRESIDENT","DONALD J TRUMP","REPUBLICAN",9630,16397,20210622,"TOTAL",0.58730255534549,"11/30/2021",48,"Lee County","IL",54.9,18731,18690,62.8,17773,64.8,5651,82.2,97.9,20305,59.6,20036,67.4,19034,69.4,6060,88.1,"B",8,8,8,8,"Non-metro",8,8,8,8
"409",2020,"ILLINOIS","IL","LIVINGSTON",17105,"PRESIDENT","DONALD J TRUMP","REPUBLICAN",12208,17174,20210622,"TOTAL",0.710841970420403,"11/30/2021",48,"Livingston County","IL",47.1,16801,16783,54.8,16121,57.6,5679,82.1,97.9,18379,51.6,18163,59.3,17375,62.1,6067,87.8,"B",7,8,8,8,"Non-metro",7,8,8,8
"410",2020,"ILLINOIS","IL","LOGAN",17107,"PRESIDENT","DONALD J TRUMP","REPUBLICAN",9136,13294,20210622,"TOTAL",0.687227320595758,"11/30/2021",48,"Logan County","IL",50.9,14566,14544,58.1,13901,60.1,4566,85.6,97.9,15666,54.7,15510,62,14825,64.1,4797,90,"A",4,4,4,4,"Non-metro",8,8,8,8
"411",2020,"ILLINOIS","IL","MCDONOUGH",17109,"PRESIDENT","DONALD J TRUMP","REPUBLICAN",7027,12285,20210622,"TOTAL",0.571998371998372,"11/30/2021",48,"McDonough County","IL",45.5,13507,13479,51.1,12719,51.8,4512,83.8,97.9,14906,50.2,14599,55.4,13732,55.9,4797,89,"C",11,12,12,12,"Non-metro",7,8,8,8
"412",2020,"ILLINOIS","IL","MCHENRY",17111,"PRESIDENT","DONALD J TRUMP","REPUBLICAN",82260,163879,20210622,"TOTAL",0.501955711225965,"11/30/2021",48,"McHenry County","IL",60.8,187031,186415,70.7,171687,72.6,41743,89,97.9,207731,67.5,202260,76.7,186254,78.8,45561,97.1,"A",4,4,4,4,"Metro",4,4,4,4
"413",2020,"ILLINOIS","IL","MCLEAN",17113,"PRESIDENT","DONALD J TRUMP","REPUBLICAN",40502,87002,20210622,"TOTAL",0.465529528056826,"11/30/2021",48,"McLean County","IL",58.6,100431,99944,67.7,92200,68.3,21320,90.3,97.9,110614,64.5,107073,72.6,98804,73.1,22679,96,"A",4,4,4,4,"Metro",4,4,4,4
"414",2020,"ILLINOIS","IL","MACON",17115,"PRESIDENT","DONALD J TRUMP","REPUBLICAN",28589,49390,20210622,"TOTAL",0.578841870824053,"11/30/2021",48,"Macon County","IL",48.9,50896,50804,57.3,48392,59.8,17064,80.5,97.9,55719,53.6,54908,61.9,52222,64.5,18174,85.7,"C",11,12,12,12,"Metro",3,4,4,4
"415",2020,"ILLINOIS","IL","MACOUPIN",17117,"PRESIDENT","DONALD J TRUMP","REPUBLICAN",16153,24022,20210622,"TOTAL",0.672425276829573,"11/30/2021",48,"Macoupin County","IL",51.1,22956,22932,58.8,21764,61.4,7920,86.6,97.9,25160,56,24829,63.7,23556,66.4,8494,92.9,"A",4,4,4,4,"Metro",4,4,4,4
"416",2020,"ILLINOIS","IL","MADISON",17119,"PRESIDENT","DONALD J TRUMP","REPUBLICAN",76031,137139,20210622,"TOTAL",0.554408301066801,"11/30/2021",48,"Madison County","IL",56.2,147752,147355,65.3,138082,67.1,40196,86.8,97.9,164857,62.7,161371,71.5,151146,73.4,43800,94.5,"B",8,8,8,8,"Metro",4,4,4,4
"417",2020,"ILLINOIS","IL","MARION",17121,"PRESIDENT","DONALD J TRUMP","REPUBLICAN",12678,17458,20210622,"TOTAL",0.726200022912132,"11/30/2021",48,"Marion County","IL",41.7,15516,15507,49.3,14919,52.2,5873,79.7,97.9,16838,45.3,16741,53.3,16087,56.3,6205,84.2,"C",11,11,12,12,"Non-metro",7,7,8,8
"418",2020,"ILLINOIS","IL","MARSHALL",17123,"PRESIDENT","DONALD J TRUMP","REPUBLICAN",4197,6334,20210622,"TOTAL",0.662614461635617,"11/30/2021",48,"Marshall County","IL",53,6058,6050,60.9,5744,63,2269,84,97.9,6594,57.6,6533,65.8,6203,68,2427,89.9,"A",4,4,4,4,"Metro",4,4,4,4
"419",2020,"ILLINOIS","IL","MASON",17125,"PRESIDENT","DONALD J TRUMP","REPUBLICAN",4654,6766,20210622,"TOTAL",0.687851019804907,"11/30/2021",48,"Mason County","IL",49.9,6672,6668,57.4,6423,60.8,2425,81,97.9,7107,53.2,7053,60.7,6784,64.2,2526,84.4,"B",7,8,8,8,"Non-metro",7,8,8,8
"420",2020,"ILLINOIS","IL","MASSAC",17127,"PRESIDENT","DONALD J TRUMP","REPUBLICAN",4997,6813,20210622,"TOTAL",0.733450755907823,"11/30/2021",48,"Massac County","IL",37.2,5119,5115,43.1,4966,46,2089,70.9,97.9,5753,41.8,5727,48.2,5555,51.5,2267,76.9,"D",14,15,15,16,"Non-metro",6,7,7,8
"421",2020,"ILLINOIS","IL","MENARD",17129,"PRESIDENT","DONALD J TRUMP","REPUBLICAN",4764,6928,20210622,"TOTAL",0.687644341801386,"11/30/2021",48,"Menard County","IL",53.3,6495,6489,61.5,6133,64.1,2093,85.7,97.9,7029,57.6,6953,65.9,6553,68.5,2196,89.9,"A",4,4,4,4,"Metro",4,4,4,4
"422",2020,"ILLINOIS","IL","MERCER",17131,"PRESIDENT","DONALD J TRUMP","REPUBLICAN",5418,8893,20210622,"TOTAL",0.609243225008434,"11/30/2021",48,"Mercer County","IL",54.4,8402,8378,62.6,7897,64.9,2983,88.6,97.9,9349,60.6,9184,68.6,8636,70.9,3222,95.8,"A",4,4,4,4,"Metro",4,4,4,4
"423",2020,"ILLINOIS","IL","MONROE",17133,"PRESIDENT","DONALD J TRUMP","REPUBLICAN",14142,21148,20210622,"TOTAL",0.668715717798373,"11/30/2021",48,"Monroe County","IL",56.5,19565,19535,65.7,18213,67.4,5685,89.4,97.9,21705,62.7,21133,71,19702,73,6115,96.1,"A",4,4,4,4,"Metro",4,4,4,4
"424",2020,"ILLINOIS","IL","MONTGOMERY",17135,"PRESIDENT","DONALD J TRUMP","REPUBLICAN",9544,13727,20210622,"TOTAL",0.695272091498507,"11/30/2021",48,"Montgomery County","IL",48.1,13655,13647,55.3,13046,57.5,4619,78.9,97.9,15150,53.3,15029,60.9,14354,63.2,4981,85.1,"B",7,8,8,8,"Non-metro",7,8,8,8
"425",2020,"ILLINOIS","IL","MORGAN",17137,"PRESIDENT","DONALD J TRUMP","REPUBLICAN",9950,15309,20210622,"TOTAL",0.649944477104971,"11/30/2021",48,"Morgan County","IL",50.9,17120,17103,57.9,16267,59.6,5633,82.8,97.9,18590,55.2,18361,62.2,17452,64,5990,88,"C",12,12,12,12,"Non-metro",8,8,8,8
"426",2020,"ILLINOIS","IL","MOULTRIE",17139,"PRESIDENT","DONALD J TRUMP","REPUBLICAN",4964,6744,20210622,"TOTAL",0.736061684460261,"11/30/2021",48,"Moultrie County","IL",40.7,5900,5896,48.4,5659,52.2,2245,79.8,97.9,6451,44.5,6392,52.5,6120,56.5,2465,87.6,"B",7,7,8,8,"Non-metro",7,7,8,8
"427",2020,"ILLINOIS","IL","OGLE",17141,"PRESIDENT","DONALD J TRUMP","REPUBLICAN",16248,26272,20210622,"TOTAL",0.618453105968331,"11/30/2021",48,"Ogle County","IL",52.8,26749,26709,61.4,24992,63.5,8047,82.9,97.9,29274,57.8,28882,66.4,27046,68.7,8570,88.3,"B",8,8,8,8,"Non-metro",8,8,8,8
"428",2020,"ILLINOIS","IL","PEORIA",17143,"PRESIDENT","DONALD J TRUMP","REPUBLICAN",38252,83973,20210622,"TOTAL",0.455527371893347,"11/30/2021",48,"Peoria County","IL",55.8,100050,99836,66.3,93431,68.3,27487,87.3,97.9,109925,61.3,107161,71.2,100188,73.3,28870,91.7,"C",12,12,12,12,"Metro",4,4,4,4
"429",2020,"ILLINOIS","IL","PERRY",17145,"PRESIDENT","DONALD J TRUMP","REPUBLICAN",7313,10053,20210622,"TOTAL",0.727444543917239,"11/30/2021",48,"Perry County","IL",45.7,9551,9547,52,9219,54.7,3294,82.2,97.9,10654,50.9,10582,57.6,10207,60.5,3499,87.3,"C",11,12,12,12,"Non-metro",7,8,8,8
"430",2020,"ILLINOIS","IL","PIATT",17147,"PRESIDENT","DONALD J TRUMP","REPUBLICAN",6248,9822,20210622,"TOTAL",0.636122989207901,"11/30/2021",48,"Piatt County","IL",54.2,8862,8820,62.8,8236,64.7,2823,87.1,97.9,9955,60.9,9612,68.5,8963,70.4,3037,93.7,"A",4,4,4,4,"Metro",4,4,4,4
"431",2020,"ILLINOIS","IL","PIKE",17149,"PRESIDENT","DONALD J TRUMP","REPUBLICAN",6332,7949,20210622,"TOTAL",0.796578185935338,"11/30/2021",48,"Pike County","IL",37.9,5897,5894,44.5,5726,47.5,2486,75.1,97.9,6356,40.8,6339,47.8,6143,51,2610,78.8,"B",6,7,7,8,"Non-metro",6,7,7,8
"432",2020,"ILLINOIS","IL","POPE",17151,"PRESIDENT","DONALD J TRUMP","REPUBLICAN",1722,2175,20210622,"TOTAL",0.791724137931034,"11/30/2021",48,"Pope County","IL",31.1,1300,1299,33.3,1258,34.2,597,50.5,97.9,1452,34.8,1445,37,1401,38.1,648,54.8,"B",6,6,6,7,"Non-metro",6,6,6,7
"433",2020,"ILLINOIS","IL","PULASKI",17153,"PRESIDENT","DONALD J TRUMP","REPUBLICAN",1699,2624,20210622,"TOTAL",0.647484756097561,"11/30/2021",48,"Pulaski County","IL",37.1,1979,1978,42.8,1898,45.2,736,59.6,97.9,2309,43.3,2303,49.8,2207,52.6,863,69.9,"C",10,11,11,11,"Non-metro",6,7,7,7
"434",2020,"ILLINOIS","IL","PUTNAM",17155,"PRESIDENT","DONALD J TRUMP","REPUBLICAN",1993,3390,20210622,"TOTAL",0.587905604719764,"11/30/2021",48,"Putnam County","IL",52.9,3034,3030,60.3,2877,62.6,1065,80.1,97.9,3327,58,3274,65.2,3108,67.6,1126,84.7,"A",4,4,4,4,"Non-metro",8,8,8,8
"435",2020,"ILLINOIS","IL","RANDOLPH",17157,"PRESIDENT","DONALD J TRUMP","REPUBLICAN",11076,14891,20210622,"TOTAL",0.743804982875562,"11/30/2021",48,"Randolph County","IL",48,15244,15237,54.8,14685,57.1,5050,82,97.9,16631,52.3,16539,59.5,15923,61.9,5411,87.9,"B",7,8,8,8,"Non-metro",7,8,8,8
"436",2020,"ILLINOIS","IL","RICHLAND",17159,"PRESIDENT","DONALD J TRUMP","REPUBLICAN",6089,8063,20210622,"TOTAL",0.75517797345901,"11/30/2021",48,"Richland County","IL",43.3,6715,6699,50.8,6429,53.5,2496,76.3,97.9,7210,46.5,7124,54,6828,56.8,2607,79.7,"B",7,8,8,8,"Non-metro",7,8,8,8
"437",2020,"ILLINOIS","IL","ROCK ISLAND",17161,"PRESIDENT","DONALD J TRUMP","REPUBLICAN",28603,66758,20210622,"TOTAL",0.428458012522844,"11/30/2021",48,"Rock Island County","IL",55.6,78939,78807,65.2,74173,67.2,23758,84.7,97.9,92828,65.4,91534,75.8,85985,77.9,26977,96.2,"C",12,12,12,12,"Metro",4,4,4,4
"438",2020,"ILLINOIS","IL","ST. CLAIR",17163,"PRESIDENT","DONALD J TRUMP","REPUBLICAN",57150,128091,20210622,"TOTAL",0.446167178021875,"11/30/2021",48,"St. Clair County","IL",57.3,148700,148321,67.5,138369,69.5,36540,85.8,97.9,169041,65.1,165732,75.4,154539,77.6,40301,94.6,"C",12,12,12,12,"Metro",4,4,4,4
"439",2020,"ILLINOIS","IL","SALINE",17165,"PRESIDENT","DONALD J TRUMP","REPUBLICAN",8103,11066,20210622,"TOTAL",0.732242906199169,"11/30/2021",48,"Saline County","IL",44.5,10450,10443,51.6,10053,54.4,3925,81.5,97.9,11644,49.6,11539,57,11081,60,4264,88.6,"D",15,16,16,16,"Non-metro",7,8,8,8
"440",2020,"ILLINOIS","IL","SANGAMON",17167,"PRESIDENT","DONALD J TRUMP","REPUBLICAN",53485,104752,20210622,"TOTAL",0.510586910035131,"11/30/2021",48,"Sangamon County","IL",60,116897,116557,69.8,108928,71.8,32128,89.7,97.9,128856,66.2,125894,75.4,117594,77.5,33909,94.6,"B",8,8,8,8,"Metro",4,4,4,4
"441",2020,"ILLINOIS","IL","SCHUYLER",17169,"PRESIDENT","DONALD J TRUMP","REPUBLICAN",2773,3906,20210622,"TOTAL",0.709933435739887,"11/30/2021",48,"Schuyler County","IL",47.9,3245,3240,54,3086,55.8,1213,76.5,97.9,3427,50.6,3399,56.6,3243,58.6,1263,79.6,"C",11,12,12,12,"Non-metro",7,8,8,8
"442",2020,"ILLINOIS","IL","SCOTT",17171,"PRESIDENT","DONALD J TRUMP","REPUBLICAN",2114,2737,20210622,"TOTAL",0.772378516624041,"11/30/2021",48,"Scott County","IL",39.3,1946,1945,45.2,1885,48.2,699,71.9,97.9,2058,41.6,2052,47.7,1981,50.7,713,73.4,"A",2,3,3,4,"Non-metro",6,7,7,8
"443",2020,"ILLINOIS","IL","SHELBY",17173,"PRESIDENT","DONALD J TRUMP","REPUBLICAN",9426,12097,20210622,"TOTAL",0.779201454906175,"11/30/2021",48,"Shelby County","IL",38.8,8391,8387,44.9,8141,47.7,3374,67.3,97.9,9033,41.8,8997,48.1,8726,51.1,3577,71.3,"A",2,3,3,3,"Non-metro",6,7,7,7
"444",2020,"ILLINOIS","IL","STARK",17175,"PRESIDENT","DONALD J TRUMP","REPUBLICAN",2004,2883,20210622,"TOTAL",0.695109261186264,"11/30/2021",48,"Stark County","IL",49.1,2623,2617,57,2493,59.4,1032,84.9,97.9,2818,52.8,2761,60.1,2637,62.8,1080,88.8,"A",3,4,4,4,"Metro",3,4,4,4
"445",2020,"ILLINOIS","IL","STEPHENSON",17177,"PRESIDENT","DONALD J TRUMP","REPUBLICAN",12521,22048,20210622,"TOTAL",0.567897314949202,"11/30/2021",48,"Stephenson County","IL",55.9,24872,24840,64.7,23710,67.7,10233,98.1,97.9,27222,61.2,26918,70.2,25674,73.3,10952,99.9,"B",8,8,8,8,"Non-metro",8,8,8,8
"446",2020,"ILLINOIS","IL","TAZEWELL",17179,"PRESIDENT","DONALD J TRUMP","REPUBLICAN",42513,69052,20210622,"TOTAL",0.61566645426635,"11/30/2021",48,"Tazewell County","IL",55,72459,72311,64.2,67881,66.5,21586,84.8,97.9,77962,59.2,76546,67.9,71758,70.3,22676,89.1,"A",4,4,4,4,"Metro",4,4,4,4
"447",2020,"ILLINOIS","IL","UNION",17181,"PRESIDENT","DONALD J TRUMP","REPUBLICAN",6161,8886,20210622,"TOTAL",0.693337834796309,"11/30/2021",48,"Union County","IL",52.3,8714,8700,60.1,8292,63.1,2959,81.2,97.9,9622,57.8,9552,66,9104,69.3,3237,88.9,"C",12,12,12,12,"Non-metro",8,8,8,8
"448",2020,"ILLINOIS","IL","VERMILION",17183,"PRESIDENT","DONALD J TRUMP","REPUBLICAN",20725,31584,20210622,"TOTAL",0.656186676798379,"11/30/2021",48,"Vermilion County","IL",42.2,32003,31958,49.9,30853,53.1,11505,76.6,97.9,35024,46.2,34774,54.3,33500,57.7,12259,81.6,"D",15,15,16,16,"Metro",3,3,4,4
"449",2020,"ILLINOIS","IL","WABASH",17185,"PRESIDENT","DONALD J TRUMP","REPUBLICAN",4237,5593,20210622,"TOTAL",0.757554085463973,"11/30/2021",48,"Wabash County","IL",44.5,5131,5129,52.1,4945,55.1,1924,78.1,97.9,5599,48.6,5570,56.6,5362,59.8,2053,83.4,"B",7,8,8,8,"Non-metro",7,8,8,8
"450",2020,"ILLINOIS","IL","WARREN",17187,"PRESIDENT","DONALD J TRUMP","REPUBLICAN",4676,7909,20210622,"TOTAL",0.591225186496397,"11/30/2021",48,"Warren County","IL",45.9,7728,7720,53.5,7319,55.4,2696,79.3,97.9,8428,50,8345,57.8,7898,59.7,2799,82.4,"C",11,12,12,12,"Non-metro",7,8,8,8
"451",2020,"ILLINOIS","IL","WASHINGTON",17189,"PRESIDENT","DONALD J TRUMP","REPUBLICAN",6115,7902,20210622,"TOTAL",0.773854720323969,"11/30/2021",48,"Washington County","IL",53.9,7482,7476,62.2,7055,64.4,2429,84.4,97.9,7970,57.4,7887,65.6,7440,67.9,2515,87.4,"A",4,4,4,4,"Non-metro",8,8,8,8
"452",2020,"ILLINOIS","IL","WAYNE",17191,"PRESIDENT","DONALD J TRUMP","REPUBLICAN",7176,8486,20210622,"TOTAL",0.845628093330191,"11/30/2021",48,"Wayne County","IL",37.3,6042,6037,43.7,5838,46.5,2428,67.4,97.9,6554,40.4,6515,47.2,6303,50.2,2577,71.5,"B",6,7,7,7,"Non-metro",6,7,7,7
"453",2020,"ILLINOIS","IL","WHITE",17193,"PRESIDENT","DONALD J TRUMP","REPUBLICAN",5791,7421,20210622,"TOTAL",0.780353052149306,"11/30/2021",48,"White County","IL",46,6223,6215,53.8,6006,57,2544,87.9,97.9,6984,51.6,6954,60.2,6722,63.8,2827,97.7,"C",11,12,12,12,"Non-metro",7,8,8,8
"454",2020,"ILLINOIS","IL","WHITESIDE",17195,"PRESIDENT","DONALD J TRUMP","REPUBLICAN",14527,27375,20210622,"TOTAL",0.530666666666667,"11/30/2021",48,"Whiteside County","IL",53.8,29682,29633,62.6,27857,64.6,9834,83.8,97.9,32692,59.3,32272,68.2,30314,70.4,10824,92.3,"B",8,8,8,8,"Non-metro",8,8,8,8
"455",2020,"ILLINOIS","IL","WILL",17197,"PRESIDENT","DONALD J TRUMP","REPUBLICAN",155116,345105,20210622,"TOTAL",0.449474797525391,"11/30/2021",48,"Will County","IL",60.5,418016,416558,71,378706,72.6,82307,87.9,97.9,470777,68.2,458042,78.1,416373,79.8,90622,96.8,"A",4,4,4,4,"Metro",4,4,4,4
"456",2020,"ILLINOIS","IL","WILLIAMSON",17199,"PRESIDENT","DONALD J TRUMP","REPUBLICAN",22801,33653,20210622,"TOTAL",0.677532463673372,"11/30/2021",48,"Williamson County","IL",51.3,34156,34096,59.8,32448,62.2,10472,80.8,97.9,37657,56.5,37203,65.2,35365,67.8,11390,87.9,"B",8,8,8,8,"Metro",4,4,4,4
"457",2020,"ILLINOIS","IL","WINNEBAGO",17201,"PRESIDENT","DONALD J TRUMP","REPUBLICAN",60861,127709,20210622,"TOTAL",0.476559991856486,"11/30/2021",48,"Winnebago County","IL",52.7,148899,148631,62.1,140059,64.7,42877,84.4,97.9,166286,58.8,163491,68.3,153409,70.8,46126,90.8,"C",12,12,12,12,"Metro",4,4,4,4
"458",2020,"ILLINOIS","IL","WOODFORD",17203,"PRESIDENT","DONALD J TRUMP","REPUBLICAN",14799,21432,20210622,"TOTAL",0.690509518477044,"11/30/2021",48,"Woodford County","IL",51,19616,19565,60,18373,62.8,6184,86.2,97.9,21040,54.7,20602,63.2,19323,66.1,6432,89.7,"A",4,4,4,4,"Metro",4,4,4,4
"459",2020,"INDIANA","IN","ADAMS",18001,"PRESIDENT","DONALD J TRUMP","REPUBLICAN",10686,14209,20210622,"TOTAL",0.752058554437328,"11/30/2021",48,"Adams County","IN",31.1,11119,11113,39.6,10730,43.7,4250,74.8,98.7,12092,33.8,12030,42.8,11566,47.1,4490,79,"C",10,10,11,12,"Non-metro",6,6,7,8
"460",2020,"INDIANA","IN","ALLEN",18003,"PRESIDENT","DONALD J TRUMP","REPUBLICAN",92083,169082,20210622,"TOTAL",0.544605575992714,"11/30/2021",48,"Allen County","IN",48.5,184127,184088,58.4,172361,61,48612,85.9,98.7,202241,53.3,199549,63.4,185979,65.9,50895,89.9,"C",11,12,12,12,"Metro",3,4,4,4
"461",2020,"INDIANA","IN","BARTHOLOMEW",18005,"PRESIDENT","DONALD J TRUMP","REPUBLICAN",22410,36235,20210622,"TOTAL",0.618462812198151,"11/30/2021",48,"Bartholomew County","IN",54.6,45780,45751,64.9,42719,66.9,11702,84.5,98.7,50066,59.8,49174,69.7,45780,71.6,12238,88.4,"B",8,8,8,8,"Metro",4,4,4,4
"462",2020,"INDIANA","IN","BENTON",18007,"PRESIDENT","DONALD J TRUMP","REPUBLICAN",3007,4114,20210622,"TOTAL",0.730918813806514,"11/30/2021",48,"Benton County","IN",39.2,3428,3428,46.5,3240,49.4,1117,71.1,98.7,3610,41.3,NA,0,NA,0,NA,0,"B",6,7,7,8,"Metro",2,3,3,4
"463",2020,"INDIANA","IN","BLACKFORD",18009,"PRESIDENT","DONALD J TRUMP","REPUBLICAN",3841,5351,20210622,"TOTAL",0.717809755185947,"11/30/2021",48,"Blackford County","IN",42.7,5015,5015,49.5,4828,52.3,2008,78,98.7,5384,45.8,5353,52.9,5152,55.8,2079,80.8,"B",7,7,8,8,"Non-metro",7,7,8,8
"464",2020,"INDIANA","IN","BOONE",18011,"PRESIDENT","DONALD J TRUMP","REPUBLICAN",22351,38520,20210622,"TOTAL",0.580244029075805,"11/30/2021",48,"Boone County","IN",64.8,43967,43756,77.6,39765,79.2,9113,97.5,98.7,48181,71,46513,82.5,42103,83.8,9524,99.9,"A",4,4,4,4,"Metro",4,4,4,4
"465",2020,"INDIANA","IN","BROWN",18013,"PRESIDENT","DONALD J TRUMP","REPUBLICAN",5777,8981,20210622,"TOTAL",0.643246854470549,"11/30/2021",48,"Brown County","IN",47.1,7102,7101,52.7,6849,54.9,2777,72.4,98.7,7746,51.3,7695,57.1,7403,59.3,2984,77.9,"A",3,4,4,4,"Metro",3,4,4,4
"466",2020,"INDIANA","IN","CARROLL",18015,"PRESIDENT","DONALD J TRUMP","REPUBLICAN",7086,9495,20210622,"TOTAL",0.746287519747235,"11/30/2021",48,"Carroll County","IN",32.1,6495,6494,37.3,6279,39.8,2245,55.3,98.7,7004,34.6,6957,40,6699,42.4,2340,57.6,"A",2,2,2,3,"Metro",2,2,2,3
"467",2020,"INDIANA","IN","CASS",18017,"PRESIDENT","DONALD J TRUMP","REPUBLICAN",10552,15198,20210622,"TOTAL",0.694301881826556,"11/30/2021",48,"Cass County","IN",42.1,15853,15853,49.3,15067,51.8,5100,74,98.7,17408,46.2,17343,54,16389,56.4,5299,76.9,"C",11,11,12,12,"Non-metro",7,7,8,8
"468",2020,"INDIANA","IN","CLARK",18019,"PRESIDENT","DONALD J TRUMP","REPUBLICAN",33668,57869,20210622,"TOTAL",0.581796816948625,"11/30/2021",48,"Clark County","IN",56,66232,66166,65.7,62266,67.8,17500,91.5,98.7,74490,63,73448,73,68909,75,18702,97.8,"B",8,8,8,8,"Metro",4,4,4,4
"469",2020,"INDIANA","IN","CLAY",18021,"PRESIDENT","DONALD J TRUMP","REPUBLICAN",9499,12267,20210622,"TOTAL",0.774353957772887,"11/30/2021",48,"Clay County","IN",52.3,13721,13721,61.4,13147,65,5003,99.9,98.7,15027,57.3,14959,67,14276,70.6,5207,99.9,"B",8,8,8,8,"Metro",4,4,4,4
"470",2020,"INDIANA","IN","CLINTON",18023,"PRESIDENT","DONALD J TRUMP","REPUBLICAN",9334,12949,20210622,"TOTAL",0.720827863155456,"11/30/2021",48,"Clinton County","IN",44.3,14353,14350,53.3,13561,56.6,4577,84.1,98.7,15732,48.6,15623,58.1,14692,61.3,4779,87.8,"C",11,12,12,12,"Non-metro",7,8,8,8
"471",2020,"INDIANA","IN","CRAWFORD",18025,"PRESIDENT","DONALD J TRUMP","REPUBLICAN",3483,4944,20210622,"TOTAL",0.704490291262136,"11/30/2021",48,"Crawford County","IN",35.1,3714,3712,40.8,3563,43,1353,63.7,98.7,4114,38.9,4069,44.7,3892,47,1411,66.4,"B",6,7,7,7,"Non-metro",6,7,7,7
"472",2020,"INDIANA","IN","DAVIESS",18027,"PRESIDENT","DONALD J TRUMP","REPUBLICAN",9576,11954,20210622,"TOTAL",0.801070771289945,"11/30/2021",48,"Daviess County","IN",31.1,10365,10365,38.7,9969,42.4,3567,69.3,98.7,11219,33.6,11183,41.8,10718,45.6,3675,71.4,"C",10,10,11,11,"Non-metro",6,6,7,7
"473",2020,"INDIANA","IN","DEARBORN",18029,"PRESIDENT","DONALD J TRUMP","REPUBLICAN",19528,25383,20210622,"TOTAL",0.769333806090691,"11/30/2021",48,"Dearborn County","IN",56.8,28091,28072,65.7,26883,69.6,9172,99.9,98.7,31158,63,30970,72.5,29595,76.6,9780,99.9,"A",4,4,4,4,"Metro",4,4,4,4
"474",2020,"INDIANA","IN","DECATUR",18031,"PRESIDENT","DONALD J TRUMP","REPUBLICAN",9575,12287,20210622,"TOTAL",0.77927891267193,"11/30/2021",48,"Decatur County","IN",44.8,11908,11907,53.1,11423,56.5,4024,86.9,98.7,12846,48.4,12764,56.9,12200,60.3,4159,89.8,"A",3,4,4,4,"Non-metro",7,8,8,8
"475",2020,"INDIANA","IN","DEKALB",18033,"PRESIDENT","DONALD J TRUMP","REPUBLICAN",14237,19628,20210622,"TOTAL",0.725341349093132,"11/30/2021",48,"DeKalb County","IN",39.8,17311,17310,47.2,16541,50.1,5785,80.3,98.7,18800,43.2,18641,50.8,17733,53.7,6043,83.9,"A",2,3,4,4,"Non-metro",6,7,8,8
"476",2020,"INDIANA","IN","DELAWARE",18035,"PRESIDENT","DONALD J TRUMP","REPUBLICAN",26827,48191,20210622,"TOTAL",0.55668070801602,"11/30/2021",48,"Delaware County","IN",44.9,51215,51198,50.9,48842,52.3,16318,81.9,98.7,55748,48.8,55099,54.8,52416,56.1,17015,85.4,"C",11,12,12,12,"Metro",3,4,4,4
"477",2020,"INDIANA","IN","DUBOIS",18037,"PRESIDENT","DONALD J TRUMP","REPUBLICAN",15033,21770,20210622,"TOTAL",0.690537436839688,"11/30/2021",48,"Dubois County","IN",53.2,22755,22751,63.3,21676,67.1,7191,94.2,98.7,24579,57.5,24378,67.8,23134,71.6,7453,97.6,"A",4,4,4,4,"Non-metro",8,8,8,8
"478",2020,"INDIANA","IN","ELKHART",18039,"PRESIDENT","DONALD J TRUMP","REPUBLICAN",46972,74387,20210622,"TOTAL",0.631454420799333,"11/30/2021",48,"Elkhart County","IN",39.3,81001,80983,47.8,75781,50.6,23116,74.1,98.7,89937,43.6,89135,52.6,82993,55.4,24381,78.1,"D",14,15,16,16,"Metro",2,3,4,4
"479",2020,"INDIANA","IN","FAYETTE",18041,"PRESIDENT","DONALD J TRUMP","REPUBLICAN",7755,10136,20210622,"TOTAL",0.765094711917916,"11/30/2021",48,"Fayette County","IN",36.6,8455,8454,42.4,8194,45.3,3463,73.1,98.7,9210,39.9,9181,46,8879,49,3578,75.5,"C",10,11,11,12,"Non-metro",6,7,7,8
"480",2020,"INDIANA","IN","FLOYD",18043,"PRESIDENT","DONALD J TRUMP","REPUBLICAN",23400,41802,20210622,"TOTAL",0.55978182862064,"11/30/2021",48,"Floyd County","IN",53.3,41835,41767,62.4,39090,64.3,11856,91.7,98.7,46245,58.9,45480,67.9,42426,69.8,12433,96.2,"A",4,4,4,4,"Metro",4,4,4,4
"481",2020,"INDIANA","IN","FOUNTAIN",18045,"PRESIDENT","DONALD J TRUMP","REPUBLICAN",6154,7986,20210622,"TOTAL",0.770598547458052,"11/30/2021",48,"Fountain County","IN",43.2,7059,7057,50.3,6815,53.3,2929,88.3,98.7,7686,47,7657,54.6,7370,57.6,3048,91.9,"A",3,4,4,4,"Non-metro",7,8,8,8
"482",2020,"INDIANA","IN","FRANKLIN",18047,"PRESIDENT","DONALD J TRUMP","REPUBLICAN",9691,12000,20210622,"TOTAL",0.807583333333333,"11/30/2021",48,"Franklin County","IN",34.8,7928,7923,40.7,7617,43.5,2879,66.7,98.7,8823,38.8,8780,45.1,8427,48.1,3130,72.5,"A",2,3,3,3,"Non-metro",6,7,7,7
"483",2020,"INDIANA","IN","FULTON",18049,"PRESIDENT","DONALD J TRUMP","REPUBLICAN",6694,9147,20210622,"TOTAL",0.731824641959112,"11/30/2021",48,"Fulton County","IN",37.5,7497,7497,44.3,7231,47.3,2900,72.9,98.7,8184,41,8149,48.2,7847,51.3,3082,77.5,"B",6,7,7,8,"Non-metro",6,7,7,8
"484",2020,"INDIANA","IN","GIBSON",18051,"PRESIDENT","DONALD J TRUMP","REPUBLICAN",11817,16161,20210622,"TOTAL",0.731204752181177,"11/30/2021",48,"Gibson County","IN",43.7,14721,14720,51.7,13968,54.4,4665,78,98.7,16196,48.1,16086,56.5,15228,59.3,4852,81.1,"B",7,8,8,8,"Non-metro",7,8,8,8
"485",2020,"INDIANA","IN","GRANT",18053,"PRESIDENT","DONALD J TRUMP","REPUBLICAN",18543,27159,20210622,"TOTAL",0.682757097094886,"11/30/2021",48,"Grant County","IN",39.1,25737,25727,45.3,24817,47.6,9895,77.4,98.7,28080,42.7,27923,49.1,26854,51.5,10320,80.7,"C",10,11,11,12,"Non-metro",6,7,7,8
"486",2020,"INDIANA","IN","GREENE",18055,"PRESIDENT","DONALD J TRUMP","REPUBLICAN",11103,14784,20210622,"TOTAL",0.75101461038961,"11/30/2021",48,"Greene County","IN",38.2,12200,12197,44.2,11655,46.6,4173,65.9,98.7,13280,41.6,13211,47.9,12568,50.2,4342,68.6,"B",6,7,7,7,"Non-metro",6,7,7,7
"487",2020,"INDIANA","IN","HAMILTON",18057,"PRESIDENT","DONALD J TRUMP","REPUBLICAN",101587,193999,20210622,"TOTAL",0.523647029108397,"11/30/2021",48,"Hamilton County","IN",65.4,221170,220721,78.7,200431,80.8,42201,97.4,98.7,242325,71.7,235015,83.8,212523,85.7,44473,99.9,"A",4,4,4,4,"Metro",4,4,4,4
"488",2020,"INDIANA","IN","HANCOCK",18059,"PRESIDENT","DONALD J TRUMP","REPUBLICAN",28996,42911,20210622,"TOTAL",0.6757241732889,"11/30/2021",48,"Hancock County","IN",62.7,49002,48953,73.6,45460,75.8,12301,95.5,98.7,52826,67.6,51797,77.9,47924,80,12732,98.9,"A",4,4,4,4,"Metro",4,4,4,4
"489",2020,"INDIANA","IN","HARRISON",18061,"PRESIDENT","DONALD J TRUMP","REPUBLICAN",14565,20236,20210622,"TOTAL",0.719756868946432,"11/30/2021",48,"Harrison County","IN",47.3,19179,19169,55.2,18139,57.6,6103,83.2,98.7,21251,52.5,21012,60.5,19802,62.9,6504,88.7,"A",3,4,4,4,"Metro",3,4,4,4
"490",2020,"INDIANA","IN","HENDRICKS",18063,"PRESIDENT","DONALD J TRUMP","REPUBLICAN",53802,88505,20210622,"TOTAL",0.607897858878029,"11/30/2021",48,"Hendricks County","IN",66.4,113155,112960,78.6,103942,81,25646,99.9,98.7,123927,72.8,121466,84.5,111288,86.8,27018,99.9,"A",4,4,4,4,"Metro",4,4,4,4
"491",2020,"INDIANA","IN","HENRY",18065,"PRESIDENT","DONALD J TRUMP","REPUBLICAN",15043,21030,20210622,"TOTAL",0.715311459819306,"11/30/2021",48,"Henry County","IN",48.7,23370,23369,55.8,22403,58.6,7843,84.7,98.7,25307,52.8,25165,60.1,24039,62.9,8143,87.9,"B",7,8,8,8,"Non-metro",7,8,8,8
"492",2020,"INDIANA","IN","HOWARD",18067,"PRESIDENT","DONALD J TRUMP","REPUBLICAN",26449,40630,20210622,"TOTAL",0.650972188038395,"11/30/2021",48,"Howard County","IN",44.1,36431,36430,51.9,34823,54.6,12924,78.7,98.7,39755,48.2,39516,56.3,37623,58.9,13541,82.5,"B",7,8,8,8,"Metro",3,4,4,4
"493",2020,"INDIANA","IN","HUNTINGTON",18069,"PRESIDENT","DONALD J TRUMP","REPUBLICAN",13147,17829,20210622,"TOTAL",0.73739413315385,"11/30/2021",48,"Huntington County","IN",47.1,17201,17200,54.8,16469,57.5,5998,93.8,98.7,18587,50.9,18462,58.8,17636,61.6,6265,98,"A",3,4,4,4,"Non-metro",7,8,8,8
"494",2020,"INDIANA","IN","JACKSON",18071,"PRESIDENT","DONALD J TRUMP","REPUBLICAN",14555,19238,20210622,"TOTAL",0.756575527601622,"11/30/2021",48,"Jackson County","IN",49,21661,21651,58.3,20408,61.1,6483,88,98.7,23844,53.9,23636,63.6,22098,66.1,6763,91.8,"C",11,12,12,12,"Non-metro",7,8,8,8
"495",2020,"INDIANA","IN","JASPER",18073,"PRESIDENT","DONALD J TRUMP","REPUBLICAN",11383,15475,20210622,"TOTAL",0.735573505654281,"11/30/2021",48,"Jasper County","IN",43.6,14617,14614,50.9,13899,53.8,5112,84,98.7,16190,48.2,16074,56,15213,58.9,5399,88.8,"B",7,8,8,8,"Metro",3,4,4,4
"496",2020,"INDIANA","IN","JAY",18075,"PRESIDENT","DONALD J TRUMP","REPUBLICAN",6361,8461,20210622,"TOTAL",0.751802387424654,"11/30/2021",48,"Jay County","IN",35.8,7315,7315,43,7054,46.2,2982,79,98.7,8047,39.4,8011,47.1,7702,50.4,3151,83.5,"C",10,11,11,12,"Non-metro",6,7,7,8
"497",2020,"INDIANA","IN","JEFFERSON",18077,"PRESIDENT","DONALD J TRUMP","REPUBLICAN",9663,14697,20210622,"TOTAL",0.657481118595632,"11/30/2021",48,"Jefferson County","IN",51.9,16781,16779,60,16067,62.5,5576,94,98.7,18172,56.2,18043,64.5,17231,67,5771,97.3,"B",8,8,8,8,"Non-metro",8,8,8,8
"498",2020,"INDIANA","IN","JENNINGS",18079,"PRESIDENT","DONALD J TRUMP","REPUBLICAN",9490,12251,20210622,"TOTAL",0.774630642396539,"11/30/2021",48,"Jennings County","IN",37.3,10357,10357,44.1,9905,46.5,3368,72,98.7,11374,41,11310,48.1,10764,50.6,3508,75,"B",6,7,7,8,"Non-metro",6,7,7,8
"499",2020,"INDIANA","IN","JOHNSON",18081,"PRESIDENT","DONALD J TRUMP","REPUBLICAN",51219,77618,20210622,"TOTAL",0.659885593547888,"11/30/2021",48,"Johnson County","IN",54,85400,85340,64.3,79846,66.9,21458,91.4,98.7,95729,60.5,93974,70.8,87700,73.5,23221,98.9,"A",4,4,4,4,"Metro",4,4,4,4
"500",2020,"INDIANA","IN","KNOX",18083,"PRESIDENT","DONALD J TRUMP","REPUBLICAN",11655,16011,20210622,"TOTAL",0.727937043282743,"11/30/2021",48,"Knox County","IN",46.6,17052,17050,54.2,16376,56.9,5748,85.3,98.7,18438,50.4,18320,58.3,17550,61,5900,87.6,"C",11,12,12,12,"Non-metro",7,8,8,8
"501",2020,"INDIANA","IN","KOSCIUSKO",18085,"PRESIDENT","DONALD J TRUMP","REPUBLICAN",26499,35787,20210622,"TOTAL",0.740464414452175,"11/30/2021",48,"Kosciusko County","IN",38,30168,30150,45,28885,47.6,10055,73.3,98.7,33054,41.6,32768,48.9,31273,51.6,10685,77.9,"B",6,7,7,8,"Non-metro",6,7,7,8
"502",2020,"INDIANA","IN","LAGRANGE",18087,"PRESIDENT","DONALD J TRUMP","REPUBLICAN",8110,10633,20210622,"TOTAL",0.76271983447757,"11/30/2021",48,"LaGrange County","IN",21.5,8506,8506,27.3,8224,30.7,3405,62,98.7,9222,23.3,9192,29.5,8860,33.1,3613,65.8,"B",5,5,6,7,"Non-metro",5,5,6,7
"503",2020,"INDIANA","IN","LAKE",18089,"PRESIDENT","DONALD J TRUMP","REPUBLICAN",91760,219956,20210622,"TOTAL",0.417174343959701,"11/30/2021",48,"Lake County","IN",51.6,250396,250334,60.6,234652,62.9,69660,84.7,98.7,277192,57.1,274262,66.4,256146,68.7,73663,89.6,"C",12,12,12,12,"Metro",4,4,4,4
"504",2020,"INDIANA","IN","LAPORTE",18091,"PRESIDENT","DONALD J TRUMP","REPUBLICAN",25997,49392,20210622,"TOTAL",0.526340298023972,"11/30/2021",48,"LaPorte County","IN",52.2,57363,57355,60.8,54679,63.2,17855,87.9,98.7,62539,56.9,62049,65.8,58933,68.1,18780,92.5,"C",12,12,12,12,"Metro",4,4,4,4
"505",2020,"INDIANA","IN","LAWRENCE",18093,"PRESIDENT","DONALD J TRUMP","REPUBLICAN",15601,21025,20210622,"TOTAL",0.742021403091558,"11/30/2021",48,"Lawrence County","IN",46.2,20942,20937,53.2,20159,56.5,7277,77.9,98.7,22807,50.3,22656,57.6,21724,60.9,7625,81.6,"B",7,8,8,8,"Non-metro",7,8,8,8
"506",2020,"INDIANA","IN","MADISON",18095,"PRESIDENT","DONALD J TRUMP","REPUBLICAN",31215,51793,20210622,"TOTAL",0.602687621879405,"11/30/2021",48,"Madison County","IN",48.6,62937,62924,56.3,59958,58.9,20343,84.1,98.7,68553,52.9,67956,60.8,64483,63.3,21159,87.4,"C",11,12,12,12,"Metro",3,4,4,4
"507",2020,"INDIANA","IN","MARION",18097,"PRESIDENT","DONALD J TRUMP","REPUBLICAN",134175,389619,20210622,"TOTAL",0.344374889314946,"11/30/2021",48,"Marion County","IN",51,491927,491431,61.2,461589,63.4,102348,82.4,98.7,548778,56.9,541373,67.5,505702,69.5,108127,87,"D",16,16,16,16,"Metro",4,4,4,4
"508",2020,"INDIANA","IN","MARSHALL",18099,"PRESIDENT","DONALD J TRUMP","REPUBLICAN",13844,19927,20210622,"TOTAL",0.694735785617504,"11/30/2021",48,"Marshall County","IN",41.4,19172,19169,49.3,17958,51.7,6390,75.6,98.7,21145,45.7,20946,53.8,19416,55.9,6719,79.5,"C",11,11,12,12,"Non-metro",7,7,8,8
"509",2020,"INDIANA","IN","MARTIN",18101,"PRESIDENT","DONALD J TRUMP","REPUBLICAN",4029,5144,20210622,"TOTAL",0.783242612752722,"11/30/2021",48,"Martin County","IN",46.4,4755,4755,54.2,4619,57.9,1617,76.5,98.7,5151,50.2,5132,58.5,4977,62.4,1686,79.8,"A",3,4,4,4,"Non-metro",7,8,8,8
"510",2020,"INDIANA","IN","MIAMI",18103,"PRESIDENT","DONALD J TRUMP","REPUBLICAN",10925,14473,20210622,"TOTAL",0.754853865819111,"11/30/2021",48,"Miami County","IN",39,13845,13845,45,13422,47.9,4527,70.7,98.7,15222,42.9,15163,49.3,14650,52.3,4674,73,"C",10,11,11,12,"Non-metro",6,7,7,8
"511",2020,"INDIANA","IN","MONROE",18105,"PRESIDENT","DONALD J TRUMP","REPUBLICAN",22071,63151,20210622,"TOTAL",0.349495653275483,"11/30/2021",48,"Monroe County","IN",55,81650,81567,61.3,77171,61.6,17345,86.2,98.7,88959,59.9,87003,65.4,82177,65.6,18150,90.2,"B",8,8,8,8,"Metro",4,4,4,4
"512",2020,"INDIANA","IN","MONTGOMERY",18107,"PRESIDENT","DONALD J TRUMP","REPUBLICAN",12659,17198,20210622,"TOTAL",0.736073962088615,"11/30/2021",48,"Montgomery County","IN",42.6,16332,16321,49.9,15569,52.5,5443,77.5,98.7,17827,46.5,17660,54,16782,56.6,5702,81.2,"B",7,7,8,8,"Non-metro",7,7,8,8
"513",2020,"INDIANA","IN","MORGAN",18109,"PRESIDENT","DONALD J TRUMP","REPUBLICAN",27512,36159,20210622,"TOTAL",0.760861749495285,"11/30/2021",48,"Morgan County","IN",50.2,35405,35398,58.5,33425,61.1,10714,87.8,98.7,38544,54.7,38267,63.2,35974,65.8,11139,91.3,"A",4,4,4,4,"Metro",4,4,4,4
"514",2020,"INDIANA","IN","NEWTON",18111,"PRESIDENT","DONALD J TRUMP","REPUBLICAN",4942,6591,20210622,"TOTAL",0.749810347443484,"11/30/2021",48,"Newton County","IN",29.5,4126,4125,34,3976,35.9,1580,56.1,98.7,4480,32,4458,36.8,4291,38.8,1664,59,"B",5,6,6,7,"Metro",1,2,2,3
"515",2020,"INDIANA","IN","NOBLE",18113,"PRESIDENT","DONALD J TRUMP","REPUBLICAN",14195,19190,20210622,"TOTAL",0.73970818134445,"11/30/2021",48,"Noble County","IN",36.2,17286,17285,43.1,16484,45.6,5947,75.4,98.7,18847,39.5,18745,46.7,17822,49.3,6200,78.6,"B",6,7,7,8,"Non-metro",6,7,7,8
"516",2020,"INDIANA","IN","OHIO",18115,"PRESIDENT","DONALD J TRUMP","REPUBLICAN",2054,3075,20210622,"TOTAL",0.667967479674797,"11/30/2021",48,"Ohio County","IN",70.7,4153,4150,81,4031,85.4,1642,99.9,98.7,4504,76.7,4486,87.6,4343,92,1713,99.9,"A",4,4,4,4,"Metro",4,4,4,4
"517",2020,"INDIANA","IN","ORANGE",18117,"PRESIDENT","DONALD J TRUMP","REPUBLICAN",6432,8832,20210622,"TOTAL",0.728260869565217,"11/30/2021",48,"Orange County","IN",52.1,10233,10226,61,9762,64.3,3611,92.8,98.7,11234,57.2,11148,66.5,10609,69.9,3836,98.6,"C",12,12,12,12,"Non-metro",8,8,8,8
"518",2020,"INDIANA","IN","OWEN",18119,"PRESIDENT","DONALD J TRUMP","REPUBLICAN",7286,9904,20210622,"TOTAL",0.735662358642973,"11/30/2021",48,"Owen County","IN",39.9,8299,8297,45.9,7947,48.2,2963,71.5,98.7,8946,43,8883,49.1,8476,51.4,3064,73.9,"B",6,7,7,8,"Metro",2,3,3,4
"519",2020,"INDIANA","IN","PARKE",18121,"PRESIDENT","DONALD J TRUMP","REPUBLICAN",5400,7013,20210622,"TOTAL",0.769998574076715,"11/30/2021",48,"Parke County","IN",37.4,6326,6323,43.5,6144,46.3,2213,65.5,98.7,6806,40.2,6781,46.6,6575,49.5,2292,67.8,"C",10,11,11,11,"Non-metro",6,7,7,7
"520",2020,"INDIANA","IN","PERRY",18123,"PRESIDENT","DONALD J TRUMP","REPUBLICAN",5345,8722,20210622,"TOTAL",0.612818160972254,"11/30/2021",48,"Perry County","IN",53.1,10179,10161,61.4,9617,63.5,3060,84.1,98.7,11086,57.8,10974,66.3,10344,68.3,3181,87.4,"B",8,8,8,8,"Non-metro",8,8,8,8
"521",2020,"INDIANA","IN","PIKE",18125,"PRESIDENT","DONALD J TRUMP","REPUBLICAN",4692,6220,20210622,"TOTAL",0.754340836012862,"11/30/2021",48,"Pike County","IN",54.3,6729,6728,63.1,6476,66.8,2503,98.5,98.7,7337,59.2,7321,68.7,7020,72.4,2615,99.9,"A",4,4,4,4,"Non-metro",8,8,8,8
"522",2020,"INDIANA","IN","PORTER",18127,"PRESIDENT","DONALD J TRUMP","REPUBLICAN",45008,86509,20210622,"TOTAL",0.520269567328255,"11/30/2021",48,"Porter County","IN",52.8,89938,89913,61.2,84351,63.3,24850,86.4,98.7,97897,57.5,96617,65.7,90363,67.8,26021,90.5,"A",4,4,4,4,"Metro",4,4,4,4
"523",2020,"INDIANA","IN","POSEY",18129,"PRESIDENT","DONALD J TRUMP","REPUBLICAN",9206,13236,20210622,"TOTAL",0.695527349652463,"11/30/2021",48,"Posey County","IN",44.5,11321,11321,51.8,10806,54.3,3722,74.4,98.7,12241,48.1,12136,55.5,11543,58,3868,77.3,"A",3,4,4,4,"Metro",3,4,4,4
"524",2020,"INDIANA","IN","PULASKI",18131,"PRESIDENT","DONALD J TRUMP","REPUBLICAN",4246,5806,20210622,"TOTAL",0.731312435411643,"11/30/2021",48,"Pulaski County","IN",42,5184,5184,48.6,4946,51.4,2014,81.2,98.7,5621,45.5,5599,52.5,5317,55.3,2086,84.1,"A",3,3,4,4,"Non-metro",7,7,8,8
"525",2020,"INDIANA","IN","PUTNAM",18133,"PRESIDENT","DONALD J TRUMP","REPUBLICAN",12278,16597,20210622,"TOTAL",0.739772247996626,"11/30/2021",48,"Putnam County","IN",39.8,14949,14941,45.4,14402,47.5,4609,71.9,98.7,16219,43.2,16111,49,15510,51.2,4806,75,"B",6,7,7,8,"Metro",2,3,3,4
"526",2020,"INDIANA","IN","RANDOLPH",18135,"PRESIDENT","DONALD J TRUMP","REPUBLICAN",8312,11070,20210622,"TOTAL",0.750858175248419,"11/30/2021",48,"Randolph County","IN",42,10371,10370,49.2,10019,52.4,4176,81.3,98.7,11474,46.5,11434,54.2,11015,57.7,4355,84.8,"B",7,7,8,8,"Non-metro",7,7,8,8
"527",2020,"INDIANA","IN","RIPLEY",18137,"PRESIDENT","DONALD J TRUMP","REPUBLICAN",11261,14271,20210622,"TOTAL",0.789082755237895,"11/30/2021",48,"Ripley County","IN",44.4,12581,12577,52.1,12057,55.5,4464,86.1,98.7,13743,48.5,13657,56.6,13057,60.2,4672,90.1,"B",7,8,8,8,"Non-metro",7,8,8,8
"528",2020,"INDIANA","IN","RUSH",18139,"PRESIDENT","DONALD J TRUMP","REPUBLICAN",6035,7932,20210622,"TOTAL",0.76084215834594,"11/30/2021",48,"Rush County","IN",43.9,7285,7285,51.2,6993,54.5,2582,83.1,98.7,7885,47.6,7838,55.1,7496,58.4,2679,86.2,"B",7,8,8,8,"Non-metro",7,8,8,8
"529",2020,"INDIANA","IN","ST. JOSEPH",18141,"PRESIDENT","DONALD J TRUMP","REPUBLICAN",53164,115238,20210622,"TOTAL",0.461340877141221,"11/30/2021",48,"St. Joseph County","IN",54.2,147222,146967,63.9,138121,66.3,37432,85.2,98.7,161051,59.2,158547,69,148441,71.3,39398,89.6,"C",12,12,12,12,"Metro",4,4,4,4
"530",2020,"INDIANA","IN","SCOTT",18143,"PRESIDENT","DONALD J TRUMP","REPUBLICAN",7331,10167,20210622,"TOTAL",0.721058325956526,"11/30/2021",48,"Scott County","IN",41.1,9821,9818,48.1,9374,50.6,3160,77.6,98.7,10724,44.9,10652,52.2,10111,54.6,3301,81,"B",7,7,8,8,"Metro",3,3,4,4
"531",2020,"INDIANA","IN","SHELBY",18145,"PRESIDENT","DONALD J TRUMP","REPUBLICAN",14568,19991,20210622,"TOTAL",0.728727927567405,"11/30/2021",48,"Shelby County","IN",53.6,23965,23959,62.7,22754,65.7,7038,89.9,98.7,26183,58.5,25962,67.9,24550,70.9,7406,94.6,"A",4,4,4,4,"Metro",4,4,4,4
"532",2020,"INDIANA","IN","SPENCER",18147,"PRESIDENT","DONALD J TRUMP","REPUBLICAN",7357,10769,20210622,"TOTAL",0.683164639242269,"11/30/2021",48,"Spencer County","IN",41.8,8469,8467,48.4,8085,50.9,2895,71.4,98.7,9257,45.7,9218,52.7,8782,55.3,3084,76.1,"A",3,3,4,4,"Non-metro",7,7,8,8
"533",2020,"INDIANA","IN","STARKE",18149,"PRESIDENT","DONALD J TRUMP","REPUBLICAN",7466,10290,20210622,"TOTAL",0.72555879494655,"11/30/2021",48,"Starke County","IN",34.2,7868,7868,40,7602,42.7,2986,68.3,98.7,8576,37.3,8543,43.5,8228,46.2,3136,71.7,"B",6,7,7,7,"Non-metro",6,7,7,7
"534",2020,"INDIANA","IN","STEUBEN",18151,"PRESIDENT","DONALD J TRUMP","REPUBLICAN",11327,16162,20210622,"TOTAL",0.70084148001485,"11/30/2021",48,"Steuben County","IN",44.7,15450,15449,51.2,14880,53.9,6003,82.8,98.7,16706,48.3,16608,55.1,15956,57.8,6360,87.7,"B",7,8,8,8,"Non-metro",7,8,8,8
"535",2020,"INDIANA","IN","SULLIVAN",18153,"PRESIDENT","DONALD J TRUMP","REPUBLICAN",6691,8994,20210622,"TOTAL",0.743940404714254,"11/30/2021",48,"Sullivan County","IN",46.4,9589,9585,53,9249,55.2,3069,80.3,98.7,10441,50.5,10390,57.4,9979,59.6,3193,83.6,"C",11,12,12,12,"Metro",3,4,4,4
"536",2020,"INDIANA","IN","SWITZERLAND",18155,"PRESIDENT","DONALD J TRUMP","REPUBLICAN",3133,4154,20210622,"TOTAL",0.754212806933077,"11/30/2021",48,"Switzerland County","IN",29,3120,3120,34.6,3023,37.3,1188,63.5,98.7,3392,31.6,3387,37.5,3286,40.6,1226,65.6,"C",9,10,10,11,"Non-metro",5,6,6,7
"537",2020,"INDIANA","IN","TIPPECANOE",18157,"PRESIDENT","DONALD J TRUMP","REPUBLICAN",34581,71448,20210622,"TOTAL",0.48400235136043,"11/30/2021",48,"Tippecanoe County","IN",53.4,104482,104440,61.9,98896,63.6,19610,84.2,98.7,113959,58.2,112001,66.4,105670,68,20594,88.5,"B",8,8,8,8,"Metro",4,4,4,4
"538",2020,"INDIANA","IN","TIPTON",18159,"PRESIDENT","DONALD J TRUMP","REPUBLICAN",6110,8116,20210622,"TOTAL",0.752833908329226,"11/30/2021",48,"Tipton County","IN",42.5,6433,6432,48.7,6176,51.2,2354,72.7,98.7,6980,46.1,6936,52.5,6629,54.9,2456,75.8,"A",3,3,4,4,"Non-metro",7,7,8,8
"539",2020,"INDIANA","IN","UNION",18161,"PRESIDENT","DONALD J TRUMP","REPUBLICAN",2688,3483,20210622,"TOTAL",0.771748492678725,"11/30/2021",48,"Union County","IN",45.9,3236,3235,52.7,3120,55.8,1203,86.5,98.7,3558,50.4,3543,57.8,3407,61,1287,92.6,"A",3,4,4,4,"Metro",3,4,4,4
"540",2020,"INDIANA","IN","VANDERBURGH",18163,"PRESIDENT","DONALD J TRUMP","REPUBLICAN",41844,77662,20210622,"TOTAL",0.538796322525817,"11/30/2021",48,"Vanderburgh County","IN",53.9,97754,97748,62.9,92609,65,27901,88.6,98.7,106353,58.6,105387,67.8,99537,69.9,29188,92.7,"C",12,12,12,12,"Metro",4,4,4,4
"541",2020,"INDIANA","IN","VERMILLION",18165,"PRESIDENT","DONALD J TRUMP","REPUBLICAN",5184,7481,20210622,"TOTAL",0.692955487234327,"11/30/2021",48,"Vermillion County","IN",43.9,6797,6797,51,6521,53.9,2516,79.9,98.7,7485,48.3,7442,55.8,7125,58.9,2682,85.2,"B",7,8,8,8,"Metro",3,4,4,4
"542",2020,"INDIANA","IN","VIGO",18167,"PRESIDENT","DONALD J TRUMP","REPUBLICAN",24545,43594,20210622,"TOTAL",0.563036197641877,"11/30/2021",48,"Vigo County","IN",46.8,50138,50121,54.2,47866,56.2,14389,80.5,98.7,54698,51.1,54202,58.6,51604,60.5,15039,84.1,"C",11,12,12,12,"Metro",3,4,4,4
"543",2020,"INDIANA","IN","WABASH",18169,"PRESIDENT","DONALD J TRUMP","REPUBLICAN",10762,14576,20210622,"TOTAL",0.738336992316136,"11/30/2021",48,"Wabash County","IN",39,12078,12078,44.8,11695,47.5,5184,78.7,98.7,13214,42.6,13157,48.8,12695,51.6,5465,83,"B",6,7,7,8,"Non-metro",6,7,7,8
"544",2020,"INDIANA","IN","WARREN",18171,"PRESIDENT","DONALD J TRUMP","REPUBLICAN",3401,4472,20210622,"TOTAL",0.760509838998211,"11/30/2021",48,"Warren County","IN",42.5,3511,3511,49.7,3347,52.1,1244,73.1,98.7,3802,46,3781,53.6,3589,55.8,1315,77.3,"A",3,3,4,4,"Non-metro",7,7,8,8
"545",2020,"INDIANA","IN","WARRICK",18173,"PRESIDENT","DONALD J TRUMP","REPUBLICAN",21326,33829,20210622,"TOTAL",0.630405864790564,"11/30/2021",48,"Warrick County","IN",58.5,36881,36880,68.7,34331,71.2,10634,94.3,98.7,40163,63.8,39603,73.7,36750,76.2,11103,98.5,"A",4,4,4,4,"Metro",4,4,4,4
"546",2020,"INDIANA","IN","WASHINGTON",18175,"PRESIDENT","DONALD J TRUMP","REPUBLICAN",9114,12139,20210622,"TOTAL",0.750803196309416,"11/30/2021",48,"Washington County","IN",37.7,10561,10558,44.1,10123,46.9,3497,71.9,98.7,11620,41.4,11542,48.2,10990,50.9,3654,75.2,"B",6,7,7,8,"Metro",2,3,3,4
"547",2020,"INDIANA","IN","WAYNE",18177,"PRESIDENT","DONALD J TRUMP","REPUBLICAN",17567,27679,20210622,"TOTAL",0.634668882546335,"11/30/2021",48,"Wayne County","IN",45.6,30015,29994,53.2,28536,55.5,10406,80.8,98.7,33012,50.1,32756,58,31051,60.4,10909,84.7,"C",11,12,12,12,"Non-metro",7,8,8,8
"548",2020,"INDIANA","IN","WELLS",18179,"PRESIDENT","DONALD J TRUMP","REPUBLICAN",10855,14050,20210622,"TOTAL",0.772597864768683,"11/30/2021",48,"Wells County","IN",39.1,11053,11053,46.5,10604,49.7,4101,77.8,98.7,12062,42.6,11999,50.5,11476,53.8,4313,81.8,"A",2,3,3,4,"Metro",2,3,3,4
"549",2020,"INDIANA","IN","WHITE",18181,"PRESIDENT","DONALD J TRUMP","REPUBLICAN",7957,11166,20210622,"TOTAL",0.712609708042271,"11/30/2021",48,"White County","IN",51,12293,12293,60.1,11749,63.5,4603,93.9,98.7,13277,55.1,13215,64.7,12590,68.1,4803,98,"A",4,4,4,4,"Non-metro",8,8,8,8
"550",2020,"INDIANA","IN","WHITLEY",18183,"PRESIDENT","DONALD J TRUMP","REPUBLICAN",12862,17556,20210622,"TOTAL",0.732627022100706,"11/30/2021",48,"Whitley County","IN",44.5,15119,15117,52.2,14549,55.6,5490,87.2,98.7,16308,48,16192,55.9,15545,59.4,5735,91.1,"A",3,4,4,4,"Metro",3,4,4,4
"551",2020,"KANSAS","KS","ALLEN",20001,"PRESIDENT","DONALD J TRUMP","REPUBLICAN",4218,5892,20210622,"TOTAL",0.715885947046843,"11/30/2021",48,"Allen County","KS",41.5,5136,5135,48.2,4891,50.8,1856,71.5,93.6,5719,46.2,5680,53.4,5406,56.1,2000,77.1,"B",7,7,8,8,"Non-metro",7,7,8,8
"552",2020,"KANSAS","KS","ANDERSON",20003,"PRESIDENT","DONALD J TRUMP","REPUBLICAN",2929,3792,20210622,"TOTAL",0.772415611814346,"11/30/2021",48,"Anderson County","KS",40,3147,3147,48.1,3008,51.5,1186,70.3,93.6,3511,44.7,3489,53.3,3329,57,1282,76,"A",3,3,4,4,"Non-metro",7,7,8,8
"553",2020,"KANSAS","KS","ATCHISON",20005,"PRESIDENT","DONALD J TRUMP","REPUBLICAN",4906,7440,20210622,"TOTAL",0.659408602150538,"11/30/2021",48,"Atchison County","KS",41.4,6655,6644,48.3,6225,50.1,2252,79.6,93.6,7737,48.1,7578,55.1,7070,57,2464,87.1,"B",7,7,8,8,"Non-metro",7,7,8,8
"554",2020,"KANSAS","KS","BARBER",20007,"PRESIDENT","DONALD J TRUMP","REPUBLICAN",2014,2342,20210622,"TOTAL",0.859948761742101,"11/30/2021",48,"Barber County","KS",43.8,1941,1941,51.9,1898,55.8,837,81.9,93.6,2156,48.7,2146,57.3,2091,61.5,886,86.7,"B",7,8,8,8,"Non-metro",7,8,8,8
"555",2020,"KANSAS","KS","BARTON",20009,"PRESIDENT","DONALD J TRUMP","REPUBLICAN",8608,11130,20210622,"TOTAL",0.77340521114106,"11/30/2021",48,"Barton County","KS",39.6,10213,10209,46.8,9789,49.7,3591,70,93.6,11390,44.2,11309,51.9,10807,54.8,3869,75.4,"C",10,11,11,12,"Non-metro",6,7,7,8
"556",2020,"KANSAS","KS","BOURBON",20011,"PRESIDENT","DONALD J TRUMP","REPUBLICAN",5023,6676,20210622,"TOTAL",0.752396644697424,"11/30/2021",48,"Bourbon County","KS",34.2,4976,4973,41.1,4716,43.6,1864,63.4,93.6,5499,37.8,5463,45.1,5156,47.6,2007,68.3,"C",10,11,11,11,"Non-metro",6,7,7,7
"557",2020,"KANSAS","KS","BROWN",20013,"PRESIDENT","DONALD J TRUMP","REPUBLICAN",3262,4471,20210622,"TOTAL",0.729590695593827,"11/30/2021",48,"Brown County","KS",55,5258,5258,66.3,4849,67.9,1773,89.4,93.6,5887,61.6,5800,73.1,5350,74.9,1920,96.8,"B",8,8,8,8,"Non-metro",8,8,8,8
"558",2020,"KANSAS","KS","BUTLER",20015,"PRESIDENT","DONALD J TRUMP","REPUBLICAN",22634,32520,20210622,"TOTAL",0.6960024600246,"11/30/2021",48,"Butler County","KS",43.5,29074,29022,51.7,27014,54.1,7797,74.2,93.6,33849,50.6,33264,59.2,30929,61.9,8735,83.2,"B",7,8,8,8,"Metro",3,4,4,4
"559",2020,"KANSAS","KS","CHASE",20017,"PRESIDENT","DONALD J TRUMP","REPUBLICAN",1123,1491,20210622,"TOTAL",0.753185781354795,"11/30/2021",48,"Chase County","KS",42,1111,1111,48.1,1067,50.2,422,61.4,93.6,1211,45.7,1201,52,1150,54.1,446,64.9,"B",7,7,8,7,"Non-metro",7,7,8,7
"560",2020,"KANSAS","KS","CHAUTAUQUA",20019,"PRESIDENT","DONALD J TRUMP","REPUBLICAN",1402,1639,20210622,"TOTAL",0.855399633923124,"11/30/2021",48,"Chautauqua County","KS",38.2,1241,1241,43.9,1218,46.7,515,57,93.6,1402,43.1,1399,49.4,1371,52.6,571,63.2,"C",10,11,11,11,"Non-metro",6,7,7,7
"561",2020,"KANSAS","KS","CHEROKEE",20021,"PRESIDENT","DONALD J TRUMP","REPUBLICAN",6766,9128,20210622,"TOTAL",0.741235758106924,"11/30/2021",48,"Cherokee County","KS",42.3,8425,8423,49.3,7937,51.6,2759,70.2,93.6,9688,48.6,9641,56.4,9087,59,3103,79,"B",7,7,8,8,"Non-metro",7,7,8,8
"562",2020,"KANSAS","KS","CHEYENNE",20023,"PRESIDENT","DONALD J TRUMP","REPUBLICAN",1183,1429,20210622,"TOTAL",0.827851644506648,"11/30/2021",48,"Cheyenne County","KS",41.7,1109,1109,48.9,1079,51.4,510,70.2,93.6,1239,46.6,1229,54.2,1194,56.8,565,77.8,"A",3,3,4,4,"Non-metro",7,7,8,8
"563",2020,"KANSAS","KS","CLARK",20025,"PRESIDENT","DONALD J TRUMP","REPUBLICAN",904,1067,20210622,"TOTAL",0.847235238987816,"11/30/2021",48,"Clark County","KS",43.4,865,865,51.5,825,55,338,79,93.6,937,47,935,55.6,890,59.3,362,84.6,"B",7,8,8,8,"Non-metro",7,8,8,8
"564",2020,"KANSAS","KS","CLAY",20027,"PRESIDENT","DONALD J TRUMP","REPUBLICAN",3177,4182,20210622,"TOTAL",0.759684361549498,"11/30/2021",48,"Clay County","KS",53.4,4273,4273,63,4031,65.7,1623,86.3,93.6,4647,58.1,4590,67.7,4333,70.7,1694,90.1,"A",4,4,4,4,"Non-metro",8,8,8,8
"565",2020,"KANSAS","KS","CLOUD",20029,"PRESIDENT","DONALD J TRUMP","REPUBLICAN",3242,4263,20210622,"TOTAL",0.760497302369224,"11/30/2021",48,"Cloud County","KS",44,3869,3869,52.2,3708,54.9,1525,80.4,93.6,4353,49.5,4305,58.1,4115,61,1632,86.1,"B",7,8,8,8,"Non-metro",7,8,8,8
"566",2020,"KANSAS","KS","COFFEY",20031,"PRESIDENT","DONALD J TRUMP","REPUBLICAN",3489,4565,20210622,"TOTAL",0.764293537787514,"11/30/2021",48,"Coffey County","KS",49.3,4032,4031,57.4,3869,60.5,1428,79.6,93.6,4519,55.3,4458,63.5,4254,66.6,1523,84.9,"A",3,4,4,4,"Non-metro",7,8,8,8
"567",2020,"KANSAS","KS","COMANCHE",20033,"PRESIDENT","DONALD J TRUMP","REPUBLICAN",762,916,20210622,"TOTAL",0.831877729257642,"11/30/2021",48,"Comanche County","KS",43.5,740,740,52,714,55.1,328,75.6,93.6,821,48.3,821,57.7,790,60.9,356,82,"A",3,4,4,4,"Non-metro",7,8,8,8
"568",2020,"KANSAS","KS","COWLEY",20035,"PRESIDENT","DONALD J TRUMP","REPUBLICAN",9656,14231,20210622,"TOTAL",0.67851872672335,"11/30/2021",48,"Cowley County","KS",43.7,15268,15261,51.7,14455,54.1,4848,73.9,93.6,17441,50,17269,58.5,16321,61,5354,81.6,"C",11,12,12,12,"Non-metro",7,8,8,8
"569",2020,"KANSAS","KS","CRAWFORD",20037,"PRESIDENT","DONALD J TRUMP","REPUBLICAN",10045,16645,20210622,"TOTAL",0.603484529888855,"11/30/2021",48,"Crawford County","KS",43.8,17002,16980,51.1,15915,52.4,4740,77.3,93.6,19176,49.4,18874,56.8,17655,58.2,5154,84,"C",11,12,12,12,"Non-metro",7,8,8,8
"570",2020,"KANSAS","KS","DECATUR",20039,"PRESIDENT","DONALD J TRUMP","REPUBLICAN",1260,1498,20210622,"TOTAL",0.841121495327103,"11/30/2021",48,"Decatur County","KS",37.8,1070,1070,43.8,1062,46.9,526,65.5,93.6,1147,40.6,1144,46.9,1135,50.1,557,69.4,"A",2,3,3,3,"Non-metro",6,7,7,7
"571",2020,"KANSAS","KS","DICKINSON",20041,"PRESIDENT","DONALD J TRUMP","REPUBLICAN",7126,9349,20210622,"TOTAL",0.762220558348486,"11/30/2021",48,"Dickinson County","KS",49.1,9059,9059,57.5,8692,61.3,2864,76.4,93.6,9983,54.1,9908,62.9,9475,66.8,3071,81.9,"B",7,8,8,8,"Non-metro",7,8,8,8
"572",2020,"KANSAS","KS","DONIPHAN",20043,"PRESIDENT","DONALD J TRUMP","REPUBLICAN",2976,3709,20210622,"TOTAL",0.802372607171744,"11/30/2021",48,"Doniphan County","KS",44.3,3370,3369,51.2,3235,53.8,1266,84.2,93.6,3804,50.1,3778,57.5,3618,60.2,1395,92.8,"A",3,4,4,4,"Metro",3,4,4,4
"573",2020,"KANSAS","KS","DOUGLAS",20045,"PRESIDENT","DONALD J TRUMP","REPUBLICAN",17286,59495,20210622,"TOTAL",0.290545423985209,"11/30/2021",48,"Douglas County","KS",55.9,68323,68259,63.4,63600,63.5,14901,95,93.6,91317,74.7,88797,82.5,83081,82.9,27136,99.9,"A",4,4,4,4,"Metro",4,4,4,4
"574",2020,"KANSAS","KS","EDWARDS",20047,"PRESIDENT","DONALD J TRUMP","REPUBLICAN",1141,1431,20210622,"TOTAL",0.797344514325646,"11/30/2021",48,"Edwards County","KS",44.5,1244,1244,52.2,1185,55.2,486,80.2,93.6,1346,48.1,1342,56.3,1280,59.7,508,83.8,"B",7,8,8,8,"Non-metro",7,8,8,8
"575",2020,"KANSAS","KS","ELK",20049,"PRESIDENT","DONALD J TRUMP","REPUBLICAN",1140,1361,20210622,"TOTAL",0.837619397501837,"11/30/2021",48,"Elk County","KS",31.3,792,792,36.8,765,39.2,381,52,93.6,885,35,883,41,847,43.4,407,55.6,"B",6,6,6,7,"Non-metro",6,6,6,7
"576",2020,"KANSAS","KS","ELLIS",20051,"PRESIDENT","DONALD J TRUMP","REPUBLICAN",9758,13800,20210622,"TOTAL",0.707101449275362,"11/30/2021",48,"Ellis County","KS",45.9,13092,13088,53.4,12394,55,3919,85.7,93.6,15061,52.7,14885,60.8,14102,62.6,4304,94.2,"A",3,4,4,4,"Non-metro",7,8,8,8
"577",2020,"KANSAS","KS","ELLSWORTH",20053,"PRESIDENT","DONALD J TRUMP","REPUBLICAN",2148,2853,20210622,"TOTAL",0.752891692954784,"11/30/2021",48,"Ellsworth County","KS",50.9,3108,3107,57.8,2967,59.5,1003,77.2,93.6,3382,55.4,3336,62,3178,63.8,1049,80.8,"B",8,8,8,8,"Non-metro",8,8,8,8
"578",2020,"KANSAS","KS","FINNEY",20055,"PRESIDENT","DONALD J TRUMP","REPUBLICAN",7236,11800,20210622,"TOTAL",0.613220338983051,"11/30/2021",48,"Finney County","KS",40.6,14821,14814,51,13569,53.3,2544,61.4,93.6,20121,55.2,19854,68.3,17976,70.6,3592,86.7,"D",15,16,16,15,"Non-metro",7,8,8,7
"579",2020,"KANSAS","KS","FORD",20057,"PRESIDENT","DONALD J TRUMP","REPUBLICAN",5803,8915,20210622,"TOTAL",0.650925406618059,"11/30/2021",48,"Ford County","KS",38.8,13046,13043,48.7,12076,51.2,2980,78.2,93.6,15230,45.3,15146,56.5,13891,58.9,3301,86.7,"D",14,15,16,16,"Non-metro",6,7,8,8
"580",2020,"KANSAS","KS","FRANKLIN",20059,"PRESIDENT","DONALD J TRUMP","REPUBLICAN",8479,12477,20210622,"TOTAL",0.679570409553579,"11/30/2021",48,"Franklin County","KS",47,11996,11992,55.4,11348,58.2,3640,83.8,93.6,13677,53.5,13487,62.3,12759,65.4,4065,93.5,"A",3,4,4,4,"Non-metro",7,8,8,8
"581",2020,"KANSAS","KS","GEARY",20061,"PRESIDENT","DONALD J TRUMP","REPUBLICAN",5323,9603,20210622,"TOTAL",0.554305946058523,"11/30/2021",48,"Geary County","KS",60.5,19154,19152,79.6,17998,82.1,2632,92.1,93.6,26472,83.6,26226,99.9,24688,99.9,3095,99.9,"C",12,12,12,12,"Non-metro",8,8,8,8
"582",2020,"KANSAS","KS","GOVE",20063,"PRESIDENT","DONALD J TRUMP","REPUBLICAN",1291,1471,20210622,"TOTAL",0.877634262406526,"11/30/2021",48,"Gove County","KS",45.3,1193,1193,53.9,1151,57.6,488,76.4,93.6,1349,51.2,1334,60.3,1279,64,529,82.8,"A",3,4,4,4,"Non-metro",7,8,8,8
"583",2020,"KANSAS","KS","GRAHAM",20065,"PRESIDENT","DONALD J TRUMP","REPUBLICAN",1080,1337,20210622,"TOTAL",0.807778608825729,"11/30/2021",48,"Graham County","KS",67.5,1676,1676,77.7,1644,83.5,513,73.8,93.6,1769,71.3,1755,81.4,1716,87.2,533,76.7,"A",4,4,4,4,"Non-metro",8,8,8,8
"584",2020,"KANSAS","KS","GRANT",20067,"PRESIDENT","DONALD J TRUMP","REPUBLICAN",1936,2501,20210622,"TOTAL",0.774090363854458,"11/30/2021",48,"Grant County","KS",43.2,3088,3088,53.7,2833,56.5,781,75,93.6,3423,47.9,3420,59.4,3133,62.4,845,81.1,"B",7,8,8,8,"Non-metro",7,8,8,8
"585",2020,"KANSAS","KS","GRAY",20069,"PRESIDENT","DONALD J TRUMP","REPUBLICAN",1911,2288,20210622,"TOTAL",0.835227272727273,"11/30/2021",48,"Gray County","KS",41,2454,2454,50.4,2339,54.8,796,85.7,93.6,2796,46.7,2775,57,2636,61.8,865,93.1,"B",7,8,8,8,"Non-metro",7,8,8,8
"586",2020,"KANSAS","KS","GREELEY",20071,"PRESIDENT","DONALD J TRUMP","REPUBLICAN",549,641,20210622,"TOTAL",0.856474258970359,"11/30/2021",48,"Greeley County","KS",48.5,598,598,59.5,571,63.5,199,81.9,93.6,637,51.7,637,63.4,608,67.6,209,86,"C",11,12,12,12,"Non-metro",7,8,8,8
"587",2020,"KANSAS","KS","GREENWOOD",20073,"PRESIDENT","DONALD J TRUMP","REPUBLICAN",2444,3077,20210622,"TOTAL",0.794280142996425,"11/30/2021",48,"Greenwood County","KS",46.4,2775,2775,53.8,2673,57.1,1210,79.8,93.6,3001,50.2,2991,58,2869,61.3,1274,84,"A",3,4,4,4,"Non-metro",7,8,8,8
"588",2020,"KANSAS","KS","HAMILTON",20075,"PRESIDENT","DONALD J TRUMP","REPUBLICAN",698,859,20210622,"TOTAL",0.812572759022119,"11/30/2021",48,"Hamilton County","KS",36.9,936,935,45.8,902,49.9,213,57.9,93.6,1088,42.9,1080,52.9,1024,56.6,236,64.1,"B",6,7,7,7,"Non-metro",6,7,7,7
"589",2020,"KANSAS","KS","HARPER",20077,"PRESIDENT","DONALD J TRUMP","REPUBLICAN",2168,2678,20210622,"TOTAL",0.809559372666169,"11/30/2021",48,"Harper County","KS",43.8,2381,2381,52.4,2279,55.7,935,73.2,93.6,2644,48.6,2627,57.8,2507,61.3,1016,79.6,"B",7,8,8,8,"Non-metro",7,8,8,8
"590",2020,"KANSAS","KS","HARVEY",20079,"PRESIDENT","DONALD J TRUMP","REPUBLICAN",10182,17309,20210622,"TOTAL",0.588248887861806,"11/30/2021",48,"Harvey County","KS",42.5,14639,14630,50.2,13658,52.2,4271,62.6,93.6,16762,48.7,16499,56.6,15361,58.7,4694,68.8,"B",7,8,8,7,"Metro",3,4,4,3
"591",2020,"KANSAS","KS","HASKELL",20081,"PRESIDENT","DONALD J TRUMP","REPUBLICAN",1122,1410,20210622,"TOTAL",0.795744680851064,"11/30/2021",48,"Haskell County","KS",35.3,1400,1400,43,1331,46.6,421,67.9,93.6,1604,40.4,1591,48.8,1489,52.1,454,73.2,"B",6,7,7,7,"Non-metro",6,7,7,7
"592",2020,"KANSAS","KS","HODGEMAN",20083,"PRESIDENT","DONALD J TRUMP","REPUBLICAN",875,1045,20210622,"TOTAL",0.837320574162679,"11/30/2021",48,"Hodgeman County","KS",42.4,761,761,49.9,735,53.1,280,63.9,93.6,831,46.3,831,54.5,804,58.1,300,68.5,"A",3,3,4,3,"Non-metro",7,7,8,7
"593",2020,"KANSAS","KS","JACKSON",20085,"PRESIDENT","DONALD J TRUMP","REPUBLICAN",4517,6584,20210622,"TOTAL",0.686057108140948,"11/30/2021",48,"Jackson County","KS",58.6,7718,7716,69.9,7154,72.5,2121,82.9,93.6,8533,64.8,8384,75.9,7765,78.7,2295,89.8,"B",8,8,8,8,"Metro",4,4,4,4
"594",2020,"KANSAS","KS","JEFFERSON",20087,"PRESIDENT","DONALD J TRUMP","REPUBLICAN",6334,9782,20210622,"TOTAL",0.647515845430382,"11/30/2021",48,"Jefferson County","KS",50,9516,9515,58.2,8995,61.1,3010,83.8,93.6,10789,56.7,10648,65.1,10048,68.2,3363,93.6,"A",4,4,4,4,"Metro",4,4,4,4
"595",2020,"KANSAS","KS","JEWELL",20089,"PRESIDENT","DONALD J TRUMP","REPUBLICAN",1387,1628,20210622,"TOTAL",0.851965601965602,"11/30/2021",48,"Jewell County","KS",43.1,1242,1242,50,1204,52.5,634,72.8,93.6,1328,46.1,1324,53.3,1282,55.9,661,75.9,"A",3,4,4,4,"Non-metro",7,8,8,8
"596",2020,"KANSAS","KS","JOHNSON",20091,"PRESIDENT","DONALD J TRUMP","REPUBLICAN",155631,347214,20210622,"TOTAL",0.448227894036531,"11/30/2021",48,"Johnson County","KS",67,403797,403182,79.3,368767,80.6,90612,99.9,93.6,504883,83.8,489642,96.3,449505,98.2,120198,99.9,"A",4,4,4,4,"Metro",4,4,4,4
"597",2020,"KANSAS","KS","KEARNY",20093,"PRESIDENT","DONALD J TRUMP","REPUBLICAN",1164,1455,20210622,"TOTAL",0.8,"11/30/2021",48,"Kearny County","KS",48.7,1868,1859,60.1,1759,64.3,476,75.3,93.6,2142,55.8,2099,67.9,1974,72.2,513,81.2,"B",7,8,8,8,"Non-metro",7,8,8,8
"598",2020,"KANSAS","KS","KINGMAN",20095,"PRESIDENT","DONALD J TRUMP","REPUBLICAN",3130,3949,20210622,"TOTAL",0.79260572296784,"11/30/2021",48,"Kingman County","KS",44.4,3174,3174,51.6,3059,55,1229,79.7,93.6,3477,48.6,3461,56.3,3331,59.9,1328,86.1,"A",3,4,4,4,"Metro",3,4,4,4
"599",2020,"KANSAS","KS","KIOWA",20097,"PRESIDENT","DONALD J TRUMP","REPUBLICAN",980,1165,20210622,"TOTAL",0.841201716738197,"11/30/2021",48,"Kiowa County","KS",47.3,1171,1171,55.9,1118,58.7,432,76.9,93.6,1282,51.8,1275,60.9,1222,64.1,464,82.6,"B",7,8,8,8,"Non-metro",7,8,8,8
"600",2020,"KANSAS","KS","LABETTE",20099,"PRESIDENT","DONALD J TRUMP","REPUBLICAN",5735,8563,20210622,"TOTAL",0.669741912881,"11/30/2021",48,"Labette County","KS",45.9,8999,8998,54.4,8423,56.4,2660,69.5,93.6,10009,51,9936,60.1,9273,62.1,2844,74.4,"C",11,12,12,11,"Non-metro",7,8,8,7
"601",2020,"KANSAS","KS","LANE",20101,"PRESIDENT","DONALD J TRUMP","REPUBLICAN",762,895,20210622,"TOTAL",0.851396648044693,"11/30/2021",48,"Lane County","KS",39.4,605,605,46.5,592,49.4,270,74.8,93.6,665,43.3,663,51,648,54.1,289,80.1,"A",2,3,3,4,"Non-metro",6,7,7,8
"602",2020,"KANSAS","KS","LEAVENWORTH",20103,"PRESIDENT","DONALD J TRUMP","REPUBLICAN",21610,36490,20210622,"TOTAL",0.592217045765963,"11/30/2021",48,"Leavenworth County","KS",55.1,45036,45026,65.3,42416,67.8,10631,86.5,93.6,52577,64.3,51680,75,48558,77.6,11930,97,"A",4,4,4,4,"Metro",4,4,4,4
"603",2020,"KANSAS","KS","LINCOLN",20105,"PRESIDENT","DONALD J TRUMP","REPUBLICAN",1283,1579,20210622,"TOTAL",0.812539582013933,"11/30/2021",48,"Lincoln County","KS",41.4,1225,1225,47.7,1190,51.3,560,74.4,93.6,1328,44.8,1322,51.5,1286,55.5,589,78.2,"A",3,3,4,4,"Non-metro",7,7,8,8
"604",2020,"KANSAS","KS","LINN",20107,"PRESIDENT","DONALD J TRUMP","REPUBLICAN",4048,5046,20210622,"TOTAL",0.80221957986524,"11/30/2021",48,"Linn County","KS",33,3203,3202,38,3091,40.8,1314,58.7,93.6,3562,36.7,3547,42.1,3424,45.1,1426,63.7,"B",6,6,7,7,"Metro",2,2,3,3
"605",2020,"KANSAS","KS","LOGAN",20109,"PRESIDENT","DONALD J TRUMP","REPUBLICAN",1249,1458,20210622,"TOTAL",0.856652949245542,"11/30/2021",48,"Logan County","KS",43.5,1215,1215,52.1,1183,55.8,521,88.2,93.6,1344,48.1,1335,57.2,1295,61.1,554,93.7,"A",3,4,4,4,"Non-metro",7,8,8,8
"606",2020,"KANSAS","KS","LYON",20111,"PRESIDENT","DONALD J TRUMP","REPUBLICAN",7550,13988,20210622,"TOTAL",0.539748355733486,"11/30/2021",48,"Lyon County","KS",52.1,17303,17297,61,16086,62.3,4479,86.3,93.6,19485,58.7,19005,67,17653,68.3,4858,93.6,"C",12,12,12,12,"Non-metro",8,8,8,8
"607",2020,"KANSAS","KS","MCPHERSON",20113,"PRESIDENT","DONALD J TRUMP","REPUBLICAN",9964,14438,20210622,"TOTAL",0.690123285773653,"11/30/2021",48,"McPherson County","KS",51.8,14789,14763,60.5,13981,63.4,4971,86.2,93.6,16425,57.5,16188,66.4,15325,69.5,5398,93.7,"A",4,4,4,4,"Non-metro",8,8,8,8
"608",2020,"KANSAS","KS","MARION",20115,"PRESIDENT","DONALD J TRUMP","REPUBLICAN",4465,6111,20210622,"TOTAL",0.730649648175421,"11/30/2021",48,"Marion County","KS",45.2,5375,5371,52.2,5081,54.2,2048,72.3,93.6,6104,51.4,6037,58.6,5710,60.9,2243,79.2,"A",3,4,4,4,"Non-metro",7,8,8,8
"609",2020,"KANSAS","KS","MARSHALL",20117,"PRESIDENT","DONALD J TRUMP","REPUBLICAN",3729,5114,20210622,"TOTAL",0.729174814235432,"11/30/2021",48,"Marshall County","KS",59.2,5748,5748,70.6,5429,73.7,2037,94.8,93.6,6291,64.8,6208,76.2,5851,79.5,2156,99.9,"A",4,4,4,4,"Non-metro",8,8,8,8
"610",2020,"KANSAS","KS","MEADE",20119,"PRESIDENT","DONALD J TRUMP","REPUBLICAN",1523,1825,20210622,"TOTAL",0.834520547945205,"11/30/2021",48,"Meade County","KS",37.1,1495,1495,44.6,1415,46.8,434,55.1,93.6,1944,48.2,1930,57.6,1834,60.6,727,92.3,"B",6,7,7,7,"Non-metro",6,7,7,7
"611",2020,"KANSAS","KS","MIAMI",20121,"PRESIDENT","DONALD J TRUMP","REPUBLICAN",12308,17937,20210622,"TOTAL",0.68617940569772,"11/30/2021",48,"Miami County","KS",44,15080,15074,52.1,14073,54.4,4404,75.4,93.6,17110,50,16812,58.1,15674,60.6,4977,85.2,"A",3,4,4,4,"Metro",3,4,4,4
"612",2020,"KANSAS","KS","MITCHELL",20123,"PRESIDENT","DONALD J TRUMP","REPUBLICAN",2504,3101,20210622,"TOTAL",0.807481457594324,"11/30/2021",48,"Mitchell County","KS",50.2,3003,3003,59.4,2853,61.8,1159,80.3,93.6,3192,53.4,3163,62.5,3002,65,1199,83,"B",8,8,8,8,"Non-metro",8,8,8,8
"613",2020,"KANSAS","KS","MONTGOMERY",20125,"PRESIDENT","DONALD J TRUMP","REPUBLICAN",9931,13426,20210622,"TOTAL",0.739684194845821,"11/30/2021",48,"Montgomery County","KS",42.2,13418,13411,49.8,12683,52.3,4783,74,93.6,15438,48.5,15326,56.9,14485,59.7,5241,81.1,"D",15,15,16,16,"Non-metro",7,7,8,8
"614",2020,"KANSAS","KS","MORRIS",20127,"PRESIDENT","DONALD J TRUMP","REPUBLICAN",2124,2899,20210622,"TOTAL",0.732666436702311,"11/30/2021",48,"Morris County","KS",51.9,2918,2918,60.3,2735,61.4,1085,79,93.6,3248,57.8,3206,66.3,3009,67.6,1173,85.4,"A",4,4,4,4,"Non-metro",8,8,8,8
"615",2020,"KANSAS","KS","MORTON",20129,"PRESIDENT","DONALD J TRUMP","REPUBLICAN",1034,1198,20210622,"TOTAL",0.863105175292154,"11/30/2021",48,"Morton County","KS",37.7,976,976,44.5,920,46.8,369,65.2,93.6,1110,42.9,1106,50.5,1038,52.9,395,69.8,"B",6,7,7,7,"Non-metro",6,7,7,7
"616",2020,"KANSAS","KS","NEMAHA",20131,"PRESIDENT","DONALD J TRUMP","REPUBLICAN",4664,5684,20210622,"TOTAL",0.82054890921886,"11/30/2021",48,"Nemaha County","KS",49.5,5068,5067,60.8,4838,64.8,1761,86,93.6,5445,53.2,5376,64.5,5127,68.7,1811,88.5,"A",3,4,4,4,"Non-metro",7,8,8,8
"617",2020,"KANSAS","KS","NEOSHO",20133,"PRESIDENT","DONALD J TRUMP","REPUBLICAN",4970,6877,20210622,"TOTAL",0.722698851243275,"11/30/2021",48,"Neosho County","KS",24.8,3968,3968,29.5,3655,30.3,1150,35.5,93.6,4887,30.5,4815,35.8,4474,37,1364,42.2,"C",9,9,10,10,"Non-metro",5,5,6,6
"618",2020,"KANSAS","KS","NESS",20135,"PRESIDENT","DONALD J TRUMP","REPUBLICAN",1339,1513,20210622,"TOTAL",0.884996695307336,"11/30/2021",48,"Ness County","KS",48.9,1344,1344,56.5,1267,58.1,582,78.8,93.6,1483,53.9,1479,62.2,1397,64.1,620,83.9,"A",3,4,4,4,"Non-metro",7,8,8,8
"619",2020,"KANSAS","KS","NORTON",20137,"PRESIDENT","DONALD J TRUMP","REPUBLICAN",2007,2415,20210622,"TOTAL",0.831055900621118,"11/30/2021",48,"Norton County","KS",49.4,2649,2649,56.4,2582,59.3,818,71.8,93.6,2719,50.7,2706,57.6,2631,60.4,855,75,"B",7,8,8,8,"Non-metro",7,8,8,8
"620",2020,"KANSAS","KS","OSAGE",20139,"PRESIDENT","DONALD J TRUMP","REPUBLICAN",5705,8035,20210622,"TOTAL",0.710018668326073,"11/30/2021",48,"Osage County","KS",47,7497,7496,54.9,7105,58,2650,80.8,93.6,8383,52.6,8288,60.7,7836,63.9,2842,86.7,"A",3,4,4,4,"Metro",3,4,4,4
"621",2020,"KANSAS","KS","OSBORNE",20141,"PRESIDENT","DONALD J TRUMP","REPUBLICAN",1629,1945,20210622,"TOTAL",0.837532133676093,"11/30/2021",48,"Osborne County","KS",39.5,1351,1351,46.1,1323,49.2,607,71.1,93.6,1476,43.1,1471,50.2,1441,53.6,651,76.2,"A",2,3,3,4,"Non-metro",6,7,7,8
"622",2020,"KANSAS","KS","OTTAWA",20143,"PRESIDENT","DONALD J TRUMP","REPUBLICAN",2610,3191,20210622,"TOTAL",0.817925415230335,"11/30/2021",48,"Ottawa County","KS",38.1,2173,2173,44,2080,46.7,800,66,93.6,2418,42.4,2407,48.7,2301,51.6,859,70.8,"A",2,3,3,3,"Non-metro",6,7,7,7
"623",2020,"KANSAS","KS","PAWNEE",20145,"PRESIDENT","DONALD J TRUMP","REPUBLICAN",2045,2739,20210622,"TOTAL",0.74662285505659,"11/30/2021",48,"Pawnee County","KS",49.6,3183,3183,55.2,3081,57.4,1102,79.9,93.6,3449,53.8,3428,59.5,3316,61.8,1156,83.8,"B",7,8,8,8,"Non-metro",7,8,8,8
"624",2020,"KANSAS","KS","PHILLIPS",20147,"PRESIDENT","DONALD J TRUMP","REPUBLICAN",2418,2781,20210622,"TOTAL",0.869471413160734,"11/30/2021",48,"Phillips County","KS",41,2145,2145,47.9,2094,51.5,942,72.6,93.6,2345,44.8,2338,52.2,2280,56,1009,77.7,"A",3,3,4,4,"Non-metro",7,7,8,8
"625",2020,"KANSAS","KS","POTTAWATOMIE",20149,"PRESIDENT","DONALD J TRUMP","REPUBLICAN",9452,13083,20210622,"TOTAL",0.722464266605519,"11/30/2021",48,"Pottawatomie County","KS",36.4,8871,8862,45,8234,47.5,2514,70.5,93.6,10209,41.9,9964,50.6,9227,53.3,2721,76.3,"A",2,3,3,4,"Metro",2,3,3,4
"626",2020,"KANSAS","KS","PRATT",20151,"PRESIDENT","DONALD J TRUMP","REPUBLICAN",3108,4137,20210622,"TOTAL",0.751269035532995,"11/30/2021",48,"Pratt County","KS",45.2,4143,4143,53.6,3921,56.2,1448,74.5,93.6,4713,51.4,4656,60.3,4402,63.1,1614,83.1,"B",7,8,8,8,"Non-metro",7,8,8,8
"627",2020,"KANSAS","KS","RAWLINS",20153,"PRESIDENT","DONALD J TRUMP","REPUBLICAN",1261,1504,20210622,"TOTAL",0.83843085106383,"11/30/2021",48,"Rawlins County","KS",39.7,1005,1005,46.8,964,48.7,461,65.2,93.6,1106,43.7,1102,51.4,1055,53.3,488,69,"A",2,3,3,3,"Non-metro",6,7,7,7
"628",2020,"KANSAS","KS","RENO",20155,"PRESIDENT","DONALD J TRUMP","REPUBLICAN",18443,27941,20210622,"TOTAL",0.660069432017465,"11/30/2021",48,"Reno County","KS",46.5,28853,28843,54.2,27475,57,9823,78.2,93.6,31995,51.6,31786,59.7,30200,62.6,10488,83.5,"C",11,12,12,12,"Non-metro",7,8,8,8
"629",2020,"KANSAS","KS","REPUBLIC",20157,"PRESIDENT","DONALD J TRUMP","REPUBLICAN",2182,2657,20210622,"TOTAL",0.821226947685359,"11/30/2021",48,"Republic County","KS",48.7,2260,2260,57,2186,60.1,975,75.6,93.6,2405,51.9,2393,60.4,2309,63.5,1011,78.4,"A",3,4,4,4,"Non-metro",7,8,8,8
"630",2020,"KANSAS","KS","RICE",20159,"PRESIDENT","DONALD J TRUMP","REPUBLICAN",3262,4319,20210622,"TOTAL",0.755267423014587,"11/30/2021",48,"Rice County","KS",40.5,3867,3860,47.7,3679,49.8,1416,75.6,93.6,4354,45.7,4301,53.2,4094,55.4,1528,81.5,"B",7,7,7,8,"Non-metro",7,7,7,8
"631",2020,"KANSAS","KS","RILEY",20161,"PRESIDENT","DONALD J TRUMP","REPUBLICAN",11610,25171,20210622,"TOTAL",0.461245083627985,"11/30/2021",48,"Riley County","KS",35,25949,25927,39.5,24159,38.9,6229,85.5,93.6,29400,39.6,28546,43.5,26581,42.8,6707,92.1,"B",6,6,6,8,"Metro",2,2,2,4
"632",2020,"KANSAS","KS","ROOKS",20163,"PRESIDENT","DONALD J TRUMP","REPUBLICAN",2325,2699,20210622,"TOTAL",0.861430159318266,"11/30/2021",48,"Rooks County","KS",45,2212,2212,52.4,2127,55.6,851,74.8,93.6,2400,48.8,2386,56.5,2291,59.9,905,79.6,"A",3,4,4,4,"Non-metro",7,8,8,8
"633",2020,"KANSAS","KS","RUSH",20165,"PRESIDENT","DONALD J TRUMP","REPUBLICAN",1350,1677,20210622,"TOTAL",0.805008944543828,"11/30/2021",48,"Rush County","KS",47,1428,1427,54,1393,57.6,606,78.5,93.6,1591,52.4,1581,59.8,1530,63.3,647,83.8,"A",3,4,4,4,"Non-metro",7,8,8,8
"634",2020,"KANSAS","KS","RUSSELL",20167,"PRESIDENT","DONALD J TRUMP","REPUBLICAN",2790,3467,20210622,"TOTAL",0.804730314392847,"11/30/2021",48,"Russell County","KS",40.2,2754,2754,47.3,2663,49.6,1121,66.2,93.6,3059,44.6,3038,52.2,2929,54.6,1200,70.8,"A",3,3,3,3,"Non-metro",7,7,7,7
"635",2020,"KANSAS","KS","SALINE",20169,"PRESIDENT","DONALD J TRUMP","REPUBLICAN",15722,24531,20210622,"TOTAL",0.6409033467857,"11/30/2021",48,"Saline County","KS",46,24926,24914,54.2,23353,56.1,6978,70.2,93.6,28202,52,27744,60.3,25977,62.5,7729,77.7,"B",7,8,8,8,"Non-metro",7,8,8,8
"636",2020,"KANSAS","KS","SCOTT",20171,"PRESIDENT","DONALD J TRUMP","REPUBLICAN",2014,2354,20210622,"TOTAL",0.855564995751912,"11/30/2021",48,"Scott County","KS",43.8,2112,2112,52.6,1968,55.3,662,68.1,93.6,2341,48.5,2318,57.7,2166,60.9,699,71.9,"B",7,8,8,7,"Non-metro",7,8,8,7
"637",2020,"KANSAS","KS","SEDGWICK",20173,"PRESIDENT","DONALD J TRUMP","REPUBLICAN",122416,223688,20210622,"TOTAL",0.547262258145274,"11/30/2021",48,"Sedgwick County","KS",47.1,243282,242882,56.7,225408,58.6,58363,75.8,93.6,303862,58.9,299200,69.8,277565,72.1,72915,94.7,"C",11,12,12,12,"Metro",3,4,4,4
"638",2020,"KANSAS","KS","SEWARD",20175,"PRESIDENT","DONALD J TRUMP","REPUBLICAN",3372,5294,20210622,"TOTAL",0.636947487721949,"11/30/2021",48,"Seward County","KS",40.9,8762,8761,52.2,8162,55.9,1595,73.8,93.6,11881,55.4,11850,70.6,11043,75.7,1891,87.5,"D",15,16,16,16,"Non-metro",7,8,8,8
"639",2020,"KANSAS","KS","SHAWNEE",20177,"PRESIDENT","DONALD J TRUMP","REPUBLICAN",40443,85657,20210622,"TOTAL",0.472150553953559,"11/30/2021",48,"Shawnee County","KS",56,99120,99043,66,92212,67.9,28932,86.8,93.6,112841,63.8,110727,73.8,102690,75.7,31305,94,"C",12,12,12,12,"Metro",4,4,4,4
"640",2020,"KANSAS","KS","SHERIDAN",20179,"PRESIDENT","DONALD J TRUMP","REPUBLICAN",1282,1445,20210622,"TOTAL",0.88719723183391,"11/30/2021",48,"Sheridan County","KS",33.3,840,840,39.4,818,42.9,366,61.2,93.6,934,37,931,43.7,904,47.5,390,65.2,"A",2,2,3,3,"Non-metro",6,6,7,7
"641",2020,"KANSAS","KS","SHERMAN",20181,"PRESIDENT","DONALD J TRUMP","REPUBLICAN",2269,2727,20210622,"TOTAL",0.832049871653832,"11/30/2021",48,"Sherman County","KS",40.5,2394,2394,48.6,2292,51.5,874,75.9,93.6,2639,44.6,2603,52.9,2486,55.9,935,81.2,"B",7,7,8,8,"Non-metro",7,7,8,8
"642",2020,"KANSAS","KS","SMITH",20183,"PRESIDENT","DONALD J TRUMP","REPUBLICAN",1763,2129,20210622,"TOTAL",0.828088304368248,"11/30/2021",48,"Smith County","KS",42.2,1512,1512,48.8,1458,51.3,720,71.9,93.6,1628,45.4,1622,52.3,1564,55.1,763,76.1,"A",3,3,4,4,"Non-metro",7,7,8,8
"643",2020,"KANSAS","KS","STAFFORD",20185,"PRESIDENT","DONALD J TRUMP","REPUBLICAN",1645,2034,20210622,"TOTAL",0.808751229105211,"11/30/2021",48,"Stafford County","KS",42.5,1768,1768,50.3,1691,53,688,71.7,93.6,1972,47.4,1954,55.6,1867,58.6,730,76.1,"B",7,8,8,8,"Non-metro",7,8,8,8
"644",2020,"KANSAS","KS","STANTON",20187,"PRESIDENT","DONALD J TRUMP","REPUBLICAN",614,776,20210622,"TOTAL",0.791237113402062,"11/30/2021",48,"Stanton County","KS",46.4,931,931,56.7,873,60.4,262,75.5,93.6,1044,52,1027,62.5,961,66.5,275,79.3,"B",7,8,8,8,"Non-metro",7,8,8,8
"645",2020,"KANSAS","KS","STEVENS",20189,"PRESIDENT","DONALD J TRUMP","REPUBLICAN",1760,2031,20210622,"TOTAL",0.86656819300837,"11/30/2021",48,"Stevens County","KS",33.3,1827,1826,40.5,1712,43.4,523,57.2,93.6,2144,39.1,2114,46.9,1977,50.1,582,63.6,"C",10,11,11,11,"Non-metro",6,7,7,7
"646",2020,"KANSAS","KS","SUMNER",20191,"PRESIDENT","DONALD J TRUMP","REPUBLICAN",8105,10928,20210622,"TOTAL",0.741672767203514,"11/30/2021",48,"Sumner County","KS",40.2,9187,9187,47.7,8717,50.4,3035,69.2,93.6,10378,45.4,10313,53.5,9780,56.6,3338,76.2,"A",3,3,4,3,"Metro",3,3,4,3
"647",2020,"KANSAS","KS","THOMAS",20193,"PRESIDENT","DONALD J TRUMP","REPUBLICAN",3130,3810,20210622,"TOTAL",0.821522309711286,"11/30/2021",48,"Thomas County","KS",38.6,3003,3003,46.2,2889,48.5,1007,71.7,93.6,3307,42.5,3305,50.9,3175,53.3,1072,76.3,"A",2,3,3,4,"Non-metro",6,7,7,8
"648",2020,"KANSAS","KS","TREGO",20195,"PRESIDENT","DONALD J TRUMP","REPUBLICAN",1363,1630,20210622,"TOTAL",0.836196319018405,"11/30/2021",48,"Trego County","KS",37.8,1060,1060,42.7,1021,44.2,390,51,93.6,1118,39.9,1115,45,1073,46.5,403,52.7,"A",2,3,3,3,"Non-metro",6,7,7,7
"649",2020,"KANSAS","KS","WABAUNSEE",20197,"PRESIDENT","DONALD J TRUMP","REPUBLICAN",2845,3902,20210622,"TOTAL",0.729113275243465,"11/30/2021",48,"Wabaunsee County","KS",43.7,3031,3031,51.3,2878,53.9,1093,75.4,93.6,3325,48,3276,55.5,3102,58.1,1155,79.7,"A",3,4,4,4,"Metro",3,4,4,4
"650",2020,"KANSAS","KS","WALLACE",20199,"PRESIDENT","DONALD J TRUMP","REPUBLICAN",770,825,20210622,"TOTAL",0.933333333333333,"11/30/2021",48,"Wallace County","KS",35.2,535,535,42.3,517,45.1,232,63,93.6,566,37.3,561,44.3,540,47.1,238,64.7,"A",2,3,3,3,"Non-metro",6,7,7,7
"651",2020,"KANSAS","KS","WASHINGTON",20201,"PRESIDENT","DONALD J TRUMP","REPUBLICAN",2363,2883,20210622,"TOTAL",0.819632327436698,"11/30/2021",48,"Washington County","KS",48.9,2641,2641,57.6,2536,60.6,1046,80.8,93.6,2905,53.7,2876,62.8,2745,65.6,1096,84.7,"A",3,4,4,4,"Non-metro",7,8,8,8
"652",2020,"KANSAS","KS","WICHITA",20203,"PRESIDENT","DONALD J TRUMP","REPUBLICAN",808,968,20210622,"TOTAL",0.834710743801653,"11/30/2021",48,"Wichita County","KS",46.8,992,992,57.3,941,60.2,299,69.7,93.6,1071,50.5,1058,61.2,999,64,313,73,"B",7,8,8,7,"Non-metro",7,8,8,7
"653",2020,"KANSAS","KS","WILSON",20205,"PRESIDENT","DONALD J TRUMP","REPUBLICAN",3153,3954,20210622,"TOTAL",0.79742033383915,"11/30/2021",48,"Wilson County","KS",40,3413,3413,47.5,3291,50.8,1341,71.4,93.6,3716,43.6,3691,51.3,3543,54.7,1382,73.6,"C",11,11,12,12,"Non-metro",7,7,8,8
"654",2020,"KANSAS","KS","WOODSON",20207,"PRESIDENT","DONALD J TRUMP","REPUBLICAN",1228,1546,20210622,"TOTAL",0.794307891332471,"11/30/2021",48,"Woodson County","KS",39.7,1246,1246,46,1205,48.9,540,68.4,93.6,1406,44.8,1399,51.7,1350,54.8,586,74.2,"B",6,7,7,7,"Non-metro",6,7,7,7
"655",2020,"KANSAS","KS","WYANDOTTE",20209,"PRESIDENT","DONALD J TRUMP","REPUBLICAN",18934,56785,20210622,"TOTAL",0.333433124944968,"11/30/2021",48,"Wyandotte County","KS",50.2,83118,83089,61.8,75373,63,15830,76.1,93.6,98350,59.5,96760,72,87124,72.8,17970,86.4,"D",16,16,16,16,"Metro",4,4,4,4
"656",2020,"LOUISIANA","LA","ACADIA",22001,"PRESIDENT","DONALD J TRUMP","REPUBLICAN",22596,28425,20210622,"TOTAL",0.794934036939314,"11/30/2021",48,"Acadia Parish","LA",49.1,30478,30475,59.1,29088,63.2,8957,91.4,96.7,33967,54.7,33831,65.6,32211,70,9453,96.5,"D",15,16,16,16,"Metro",3,4,4,4
"657",2020,"LOUISIANA","LA","ALLEN",22003,"PRESIDENT","DONALD J TRUMP","REPUBLICAN",7574,9810,20210622,"TOTAL",0.772069317023446,"11/30/2021",48,"Allen Parish","LA",33.4,8557,8557,39.2,8282,41.6,2358,60.4,96.7,9511,37.1,9498,43.5,9168,46.1,2536,64.9,"D",14,14,15,15,"Non-metro",6,6,7,7
"658",2020,"LOUISIANA","LA","ASCENSION",22005,"PRESIDENT","DONALD J TRUMP","REPUBLICAN",40687,62325,20210622,"TOTAL",0.652819895707982,"11/30/2021",48,"Ascension Parish","LA",46.6,58942,58936,56.4,54763,58.9,12962,83.4,96.7,65947,52.1,65358,62.6,60504,65.1,13593,87.5,"B",7,8,8,8,"Metro",3,4,4,4
"659",2020,"LOUISIANA","LA","ASSUMPTION",22007,"PRESIDENT","DONALD J TRUMP","REPUBLICAN",7271,11235,20210622,"TOTAL",0.647174009790832,"11/30/2021",48,"Assumption Parish","LA",39.6,8666,8666,45.8,8300,48.1,2797,68.2,96.7,9853,45,9826,51.9,9388,54.4,3016,73.5,"D",14,15,15,15,"Non-metro",6,7,7,7
"660",2020,"LOUISIANA","LA","AVOYELLES",22009,"PRESIDENT","DONALD J TRUMP","REPUBLICAN",12028,17292,20210622,"TOTAL",0.69558177191765,"11/30/2021",48,"Avoyelles Parish","LA",42.2,16941,16941,50.1,16056,52.2,4938,71,96.7,19740,49.2,19665,58.1,18566,60.4,5297,76.2,"D",15,16,16,16,"Non-metro",7,8,8,8
"661",2020,"LOUISIANA","LA","BEAUREGARD",22011,"PRESIDENT","DONALD J TRUMP","REPUBLICAN",13575,16357,20210622,"TOTAL",0.829919911964297,"11/30/2021",48,"Beauregard Parish","LA",31.2,11681,11680,37.3,11264,40,3840,64.4,96.7,13789,36.8,13732,43.9,13201,46.9,4317,72.4,"C",10,10,11,11,"Non-metro",6,6,7,7
"662",2020,"LOUISIANA","LA","BIENVILLE",22013,"PRESIDENT","DONALD J TRUMP","REPUBLICAN",3891,7050,20210622,"TOTAL",0.551914893617021,"11/30/2021",48,"Bienville Parish","LA",44.3,5862,5862,51.7,5652,54.9,2212,77,96.7,6584,49.7,6564,57.9,6316,61.3,2356,82,"D",15,16,16,16,"Non-metro",7,8,8,8
"663",2020,"LOUISIANA","LA","BOSSIER",22015,"PRESIDENT","DONALD J TRUMP","REPUBLICAN",38074,54655,20210622,"TOTAL",0.69662427957186,"11/30/2021",48,"Bossier Parish","LA",44.8,56877,56866,53.6,53717,56.1,14311,75.8,96.7,65324,51.4,64990,61.2,61130,63.9,15207,80.6,"C",11,12,12,12,"Metro",3,4,4,4
"664",2020,"LOUISIANA","LA","CADDO",22017,"PRESIDENT","DONALD J TRUMP","REPUBLICAN",48021,104912,20210622,"TOTAL",0.457726475522343,"11/30/2021",48,"Caddo Parish","LA",44.4,106567,106545,52.7,100878,54.9,32953,77.4,96.7,123329,51.3,122368,60.5,115177,62.6,35604,83.6,"D",15,16,16,16,"Metro",3,4,4,4
"665",2020,"LOUISIANA","LA","CALCASIEU",22019,"PRESIDENT","DONALD J TRUMP","REPUBLICAN",55066,82663,20210622,"TOTAL",0.666150514740573,"11/30/2021",48,"Calcasieu Parish","LA",38.9,79167,79164,46.8,75352,49.4,23058,74.5,96.7,91409,44.9,90891,53.7,86059,56.4,24909,80.4,"C",10,11,11,12,"Metro",2,3,3,4
"666",2020,"LOUISIANA","LA","CALDWELL",22021,"PRESIDENT","DONALD J TRUMP","REPUBLICAN",3976,4762,20210622,"TOTAL",0.834943301133977,"11/30/2021",48,"Caldwell Parish","LA",35.8,3547,3547,42.1,3421,44.7,1302,72.4,96.7,3953,39.9,3938,46.8,3787,49.5,1404,78,"D",14,15,15,16,"Non-metro",6,7,7,8
"667",2020,"LOUISIANA","LA","CAMERON",22023,"PRESIDENT","DONALD J TRUMP","REPUBLICAN",3671,4039,20210622,"TOTAL",0.908888338697697,"11/30/2021",48,"Cameron Parish","LA",16.9,1179,1179,19.7,1156,21.2,373,31.5,96.7,1314,18.8,1312,22,1289,23.7,396,33.5,"B",5,5,5,6,"Metro",1,1,1,2
"668",2020,"LOUISIANA","LA","CATAHOULA",22025,"PRESIDENT","DONALD J TRUMP","REPUBLICAN",3541,4858,20210622,"TOTAL",0.728900782214903,"11/30/2021",48,"Catahoula Parish","LA",37.5,3556,3556,43.4,3407,45.5,1266,74.5,96.7,4138,43.6,4114,50.2,3935,52.6,1433,84.3,"D",14,15,15,16,"Non-metro",6,7,7,8
"669",2020,"LOUISIANA","LA","CLAIBORNE",22027,"PRESIDENT","DONALD J TRUMP","REPUBLICAN",3770,6580,20210622,"TOTAL",0.572948328267477,"11/30/2021",48,"Claiborne Parish","LA",38.5,6031,6031,43.7,5810,45,2055,67.2,96.7,6534,41.7,6524,47.2,6264,48.5,2138,70,"D",14,15,15,15,"Non-metro",6,7,7,7
"670",2020,"LOUISIANA","LA","CONCORDIA",22029,"PRESIDENT","DONALD J TRUMP","REPUBLICAN",5550,8828,20210622,"TOTAL",0.628681468056185,"11/30/2021",48,"Concordia Parish","LA",37.6,7233,7232,44.6,6808,46.3,2123,62,96.7,8598,44.6,8531,52.6,7995,54.4,2484,72.5,"D",14,15,15,15,"Non-metro",6,7,7,7
"671",2020,"LOUISIANA","LA","DE SOTO",22031,"PRESIDENT","DONALD J TRUMP","REPUBLICAN",9112,14736,20210622,"TOTAL",0.618349619978285,"11/30/2021",48,"De Soto Parish","LA",39.3,10790,10790,46.4,10254,49,3535,70.5,96.7,12206,44.4,12155,52.3,11543,55.1,3788,75.5,"D",14,15,15,16,"Metro",2,3,3,4
"672",2020,"LOUISIANA","LA","EAST BATON ROUGE",22033,"PRESIDENT","DONALD J TRUMP","REPUBLICAN",88420,208182,20210622,"TOTAL",0.424724519891249,"11/30/2021",48,"East Baton Rouge Parish","LA",51.5,226619,226596,60.8,213104,62.7,58482,90.8,96.7,255697,58.1,253626,68.1,237515,69.9,61314,95.2,"C",12,12,12,12,"Metro",4,4,4,4
"673",2020,"LOUISIANA","LA","EAST CARROLL",22035,"PRESIDENT","DONALD J TRUMP","REPUBLICAN",1080,3036,20210622,"TOTAL",0.355731225296443,"11/30/2021",48,"East Carroll Parish","LA",41.3,2832,2832,49.1,2693,51.6,876,83.7,96.7,3182,46.4,3149,54.6,2968,56.8,909,86.8,"D",15,15,16,16,"Non-metro",7,7,8,8
"674",2020,"LOUISIANA","LA","EAST FELICIANA",22037,"PRESIDENT","DONALD J TRUMP","REPUBLICAN",6064,10509,20210622,"TOTAL",0.577029213055476,"11/30/2021",48,"East Feliciana Parish","LA",37.3,7139,7139,42.2,6830,43.5,2360,67.2,96.7,7912,41.3,7881,46.6,7516,47.8,2459,70,"D",14,15,15,15,"Metro",2,3,3,3
"675",2020,"LOUISIANA","LA","EVANGELINE",22039,"PRESIDENT","DONALD J TRUMP","REPUBLICAN",11053,15412,20210622,"TOTAL",0.717168440176486,"11/30/2021",48,"Evangeline Parish","LA",35.3,11777,11776,42.3,11153,44.5,3420,64.7,96.7,13349,40,13252,47.6,12504,49.9,3649,69,"D",14,15,15,15,"Non-metro",6,7,7,7
"676",2020,"LOUISIANA","LA","FRANKLIN",22041,"PRESIDENT","DONALD J TRUMP","REPUBLICAN",6970,9720,20210622,"TOTAL",0.717078189300412,"11/30/2021",48,"Franklin Parish","LA",34.1,6834,6834,41,6603,44.2,2400,65.1,96.7,7736,38.7,7690,46.1,7386,49.4,2581,70,"D",14,15,15,15,"Non-metro",6,7,7,7
"677",2020,"LOUISIANA","LA","GRANT",22043,"PRESIDENT","DONALD J TRUMP","REPUBLICAN",8117,9392,20210622,"TOTAL",0.864246166950596,"11/30/2021",48,"Grant Parish","LA",39.2,8771,8771,45.5,8502,48,2392,68.8,96.7,9693,43.3,9669,50.2,9325,52.7,2531,72.8,"C",10,11,11,11,"Metro",2,3,3,3
"678",2020,"LOUISIANA","LA","IBERIA",22045,"PRESIDENT","DONALD J TRUMP","REPUBLICAN",21251,32713,20210622,"TOTAL",0.649619417357014,"11/30/2021",48,"Iberia Parish","LA",42.5,29658,29658,51.2,27976,53.9,8608,78.7,96.7,33940,48.6,33688,58.2,31615,60.9,9013,82.4,"D",15,16,16,16,"Metro",3,4,4,4
"679",2020,"LOUISIANA","LA","IBERVILLE",22047,"PRESIDENT","DONALD J TRUMP","REPUBLICAN",7893,16719,20210622,"TOTAL",0.47209761349363,"11/30/2021",48,"Iberville Parish","LA",51,16565,16565,58.9,15713,60.7,4541,85.3,96.7,18608,57.2,18464,65.6,17433,67.3,4739,89,"D",16,16,16,16,"Metro",4,4,4,4
"680",2020,"LOUISIANA","LA","JACKSON",22049,"PRESIDENT","DONALD J TRUMP","REPUBLICAN",5394,7632,20210622,"TOTAL",0.706761006289308,"11/30/2021",48,"Jackson Parish","LA",38.7,6090,6090,45,5896,47.8,1954,60.3,96.7,6709,42.6,6684,49.3,6443,52.2,2076,64.1,"D",14,15,15,15,"Non-metro",6,7,7,7
"681",2020,"LOUISIANA","LA","JEFFERSON",22051,"PRESIDENT","DONALD J TRUMP","REPUBLICAN",105949,193733,20210622,"TOTAL",0.546881532831268,"11/30/2021",48,"Jefferson Parish","LA",60.2,260250,260214,70.8,244832,72.6,67619,88.4,96.7,297366,68.8,294944,80.2,275417,81.7,71465,93.4,"C",12,12,12,12,"Metro",4,4,4,4
"682",2020,"LOUISIANA","LA","JEFFERSON DAVIS",22053,"PRESIDENT","DONALD J TRUMP","REPUBLICAN",11423,14841,20210622,"TOTAL",0.76969206926757,"11/30/2021",48,"Jefferson Davis Parish","LA",34,10676,10676,40.9,10250,43.8,3479,66.3,96.7,11896,37.9,11860,45.4,11359,48.6,3720,70.9,"D",14,15,15,15,"Non-metro",6,7,7,7
"683",2020,"LOUISIANA","LA","LAFAYETTE",22055,"PRESIDENT","DONALD J TRUMP","REPUBLICAN",72519,114521,20210622,"TOTAL",0.63323757214834,"11/30/2021",48,"Lafayette Parish","LA",46.4,113385,113380,55.2,106592,57.1,27451,81.6,96.7,127550,52.2,126819,61.8,118786,63.7,28941,86,"C",11,12,12,12,"Metro",3,4,4,4
"684",2020,"LOUISIANA","LA","LAFOURCHE",22057,"PRESIDENT","DONALD J TRUMP","REPUBLICAN",36024,45388,20210622,"TOTAL",0.793689962104521,"11/30/2021",48,"Lafourche Parish","LA",41.3,40301,40299,48.7,38267,50.9,10790,69.3,96.7,45958,47.1,45776,55.4,43294,57.6,11868,76.2,"D",15,15,16,15,"Metro",3,3,4,3
"685",2020,"LOUISIANA","LA","LA SALLE",22059,"PRESIDENT","DONALD J TRUMP","REPUBLICAN",6378,7077,20210622,"TOTAL",0.901229334463756,"11/30/2021",48,"La Salle Parish","LA",40,5950,5950,47,5789,50.3,1712,66.9,96.7,6585,44.2,6562,51.8,6363,55.3,1835,71.7,"D",15,15,16,15,"Non-metro",7,7,8,7
"686",2020,"LOUISIANA","LA","LINCOLN",22061,"PRESIDENT","DONALD J TRUMP","REPUBLICAN",11311,19275,20210622,"TOTAL",0.586822308690013,"11/30/2021",48,"Lincoln Parish","LA",39.5,18442,18442,45.5,17633,47.1,5311,81.3,96.7,20925,44.8,20825,51.3,19714,52.7,5625,86.1,"D",14,15,15,16,"Non-metro",6,7,7,8
"687",2020,"LOUISIANA","LA","LIVINGSTON",22063,"PRESIDENT","DONALD J TRUMP","REPUBLICAN",54877,65230,20210622,"TOTAL",0.841284684960908,"11/30/2021",48,"Livingston Parish","LA",36.8,51786,51782,44.1,49049,46.8,14009,74.7,96.7,58835,41.8,58620,50,55302,52.7,14750,78.6,"B",6,7,7,8,"Metro",2,3,3,4
"688",2020,"LOUISIANA","LA","MADISON",22065,"PRESIDENT","DONALD J TRUMP","REPUBLICAN",1930,4670,20210622,"TOTAL",0.413276231263383,"11/30/2021",48,"Madison Parish","LA",40.1,4390,4390,47.8,4165,49.9,1187,72.6,96.7,5177,47.3,5155,56.1,4878,58.4,1383,84.6,"D",15,15,15,16,"Non-metro",7,7,7,8
"689",2020,"LOUISIANA","LA","MOREHOUSE",22067,"PRESIDENT","DONALD J TRUMP","REPUBLICAN",6510,11574,20210622,"TOTAL",0.562467599792639,"11/30/2021",48,"Morehouse Parish","LA",41.5,10311,10311,49.5,9893,52.5,3662,76.1,96.7,12141,48.8,12079,58,11494,61,4000,83.1,"D",15,15,16,16,"Non-metro",7,7,8,8
"690",2020,"LOUISIANA","LA","NATCHITOCHES",22069,"PRESIDENT","DONALD J TRUMP","REPUBLICAN",9358,16554,20210622,"TOTAL",0.56530143771898,"11/30/2021",48,"Natchitoches Parish","LA",39.5,15055,15055,46.6,14314,48.8,4739,72.6,96.7,16948,44.4,16862,52.2,16001,54.5,5001,76.6,"D",14,15,15,16,"Non-metro",6,7,7,8
"691",2020,"LOUISIANA","LA","ORLEANS",22071,"PRESIDENT","DONALD J TRUMP","REPUBLICAN",26664,177819,20210622,"TOTAL",0.149950230290351,"11/30/2021",48,"Orleans Parish","LA",63.5,247730,247662,73.4,233686,74.7,53219,87.7,96.7,285464,73.2,281871,83.5,263705,84.3,56038,92.3,"C",12,12,12,12,"Metro",4,4,4,4
"692",2020,"LOUISIANA","LA","OUACHITA",22073,"PRESIDENT","DONALD J TRUMP","REPUBLICAN",42255,69166,20210622,"TOTAL",0.610921551051094,"11/30/2021",48,"Ouachita Parish","LA",41.5,63662,63658,49.6,60226,52.1,18469,78.6,96.7,72346,47.2,72083,56.2,67753,58.6,19516,83,"D",15,15,16,16,"Metro",3,3,4,4
"693",2020,"LOUISIANA","LA","PLAQUEMINES",22075,"PRESIDENT","DONALD J TRUMP","REPUBLICAN",7412,11014,20210622,"TOTAL",0.672961685128019,"11/30/2021",48,"Plaquemines Parish","LA",56.7,13152,13151,68.2,12252,71.1,2714,83.5,96.7,15108,65.1,15009,77.9,13872,80.6,2884,88.7,"C",12,12,12,12,"Metro",4,4,4,4
"694",2020,"LOUISIANA","LA","POINTE COUPEE",22077,"PRESIDENT","DONALD J TRUMP","REPUBLICAN",7503,12371,20210622,"TOTAL",0.606499070406596,"11/30/2021",48,"Pointe Coupee Parish","LA",51.6,11205,11203,60,10633,62.2,3648,78.5,96.7,12310,56.6,12248,65.6,11562,67.7,3722,80.1,"D",16,16,16,16,"Metro",4,4,4,4
"695",2020,"LOUISIANA","LA","RAPIDES",22079,"PRESIDENT","DONALD J TRUMP","REPUBLICAN",38347,58865,20210622,"TOTAL",0.651439734986834,"11/30/2021",48,"Rapides Parish","LA",45.5,58976,58973,54.3,55615,56.9,17649,81.3,96.7,67988,52.4,67621,62.3,63479,64.9,18783,86.5,"D",15,16,16,16,"Metro",3,4,4,4
"696",2020,"LOUISIANA","LA","RED RIVER",22081,"PRESIDENT","DONALD J TRUMP","REPUBLICAN",2413,4132,20210622,"TOTAL",0.583978702807357,"11/30/2021",48,"Red River Parish","LA",33.3,2812,2812,39.4,2670,41.3,960,57.8,96.7,3197,37.9,3173,44.5,3006,46.5,1034,62.3,"D",14,14,15,15,"Non-metro",6,6,7,7
"697",2020,"LOUISIANA","LA","RICHLAND",22083,"PRESIDENT","DONALD J TRUMP","REPUBLICAN",6607,9940,20210622,"TOTAL",0.664688128772636,"11/30/2021",48,"Richland Parish","LA",39.8,8008,8008,47,7687,49.7,2763,75.8,96.7,8943,44.4,8905,52.2,8524,55.1,2944,80.8,"D",14,15,15,16,"Non-metro",6,7,7,8
"698",2020,"LOUISIANA","LA","SABINE",22085,"PRESIDENT","DONALD J TRUMP","REPUBLICAN",8776,10596,20210622,"TOTAL",0.828237070592676,"11/30/2021",48,"Sabine Parish","LA",34.6,8256,8256,40.6,8023,43.7,3252,64.3,96.7,9622,40.3,9595,47.2,9305,50.6,3504,69.2,"D",14,15,15,15,"Non-metro",6,7,7,7
"699",2020,"LOUISIANA","LA","ST. BERNARD",22087,"PRESIDENT","DONALD J TRUMP","REPUBLICAN",11179,17650,20210622,"TOTAL",0.633371104815864,"11/30/2021",48,"St. Bernard Parish","LA",44.5,21047,21046,54.2,19621,56.5,4480,79.1,96.7,24091,51,23936,61.7,22145,63.7,4657,82.2,"D",15,16,16,16,"Metro",3,4,4,4
"700",2020,"LOUISIANA","LA","ST. CHARLES",22089,"PRESIDENT","DONALD J TRUMP","REPUBLICAN",18233,28517,20210622,"TOTAL",0.639373005575622,"11/30/2021",48,"St. Charles Parish","LA",52.1,27651,27647,61.7,25832,64.2,6711,89.9,96.7,31299,58.9,31066,69.3,28807,71.6,6994,93.7,"B",8,8,8,8,"Metro",4,4,4,4
"701",2020,"LOUISIANA","LA","ST. HELENA",22091,"PRESIDENT","DONALD J TRUMP","REPUBLICAN",2714,6158,20210622,"TOTAL",0.440727508931471,"11/30/2021",48,"St. Helena Parish","LA",28.3,2864,2863,32.6,2672,33.2,904,43.2,96.7,3267,32.2,3257,37.1,3035,37.8,946,45.2,"D",13,14,14,14,"Metro",1,2,2,2
"702",2020,"LOUISIANA","LA","ST. JAMES",22093,"PRESIDENT","DONALD J TRUMP","REPUBLICAN",5954,12590,20210622,"TOTAL",0.472915011914218,"11/30/2021",48,"St. James Parish","LA",47.6,10051,10050,56.2,9459,58.1,2599,69.5,96.7,11971,56.7,11911,66.6,11185,68.8,3358,89.7,"C",11,12,12,11,"Metro",3,4,4,3
"703",2020,"LOUISIANA","LA","ST. JOHN THE BAPTIST",22095,"PRESIDENT","DONALD J TRUMP","REPUBLICAN",7538,21432,20210622,"TOTAL",0.351717058603957,"11/30/2021",48,"St. John the Baptist Parish","LA",54.2,23235,23234,64.4,21717,67.1,5546,87.9,96.7,26985,63,26833,74.4,24797,76.6,5950,94.3,"C",12,12,12,12,"Metro",4,4,4,4
"704",2020,"LOUISIANA","LA","ST. LANDRY",22097,"PRESIDENT","DONALD J TRUMP","REPUBLICAN",23171,41154,20210622,"TOTAL",0.563031540069009,"11/30/2021",48,"St. Landry Parish","LA",37.9,31140,31139,46,29105,48.2,8884,65.1,96.7,35344,43,35062,51.8,32699,54.2,9561,70.1,"D",14,15,15,15,"Non-metro",6,7,7,7
"705",2020,"LOUISIANA","LA","ST. MARTIN",22099,"PRESIDENT","DONALD J TRUMP","REPUBLICAN",18203,27038,20210622,"TOTAL",0.673237665507804,"11/30/2021",48,"St. Martin Parish","LA",37.3,19944,19942,44.4,18796,46.2,5748,68.4,96.7,22203,41.6,22063,49.1,20756,51,6014,71.6,"D",14,15,15,15,"Metro",2,3,3,3
"706",2020,"LOUISIANA","LA","ST. MARY",22101,"PRESIDENT","DONALD J TRUMP","REPUBLICAN",14811,23186,20210622,"TOTAL",0.638790649529889,"11/30/2021",48,"St. Mary Parish","LA",41.7,20565,20565,49.7,19688,52.4,6351,75.5,96.7,23443,47.5,23315,56.3,22244,59.2,6718,79.9,"D",15,15,16,16,"Non-metro",7,7,8,8
"707",2020,"LOUISIANA","LA","ST. TAMMANY",22103,"PRESIDENT","DONALD J TRUMP","REPUBLICAN",99666,140110,20210622,"TOTAL",0.711341089144244,"11/30/2021",48,"St. Tammany Parish","LA",52.8,137626,137616,62.2,129990,65.4,40345,88.6,96.7,153180,58.8,152351,68.8,143344,72.2,42234,92.7,"B",8,8,8,8,"Metro",4,4,4,4
"708",2020,"LOUISIANA","LA","TANGIPAHOA",22105,"PRESIDENT","DONALD J TRUMP","REPUBLICAN",37806,57661,20210622,"TOTAL",0.655659804720695,"11/30/2021",48,"Tangipahoa Parish","LA",42.6,57344,57341,51.1,54475,53.4,16596,82.5,96.7,65306,48.5,65173,58,61537,60.4,17508,87.1,"D",15,16,16,16,"Metro",3,4,4,4
"709",2020,"LOUISIANA","LA","TENSAS",22107,"PRESIDENT","DONALD J TRUMP","REPUBLICAN",1197,2554,20210622,"TOTAL",0.468676585747847,"11/30/2021",48,"Tensas Parish","LA",58.1,2516,2516,68,2398,71.3,898,80.5,96.7,2896,66.8,2877,77.8,2740,81.5,1001,89.8,"D",16,16,16,16,"Non-metro",8,8,8,8
"710",2020,"LOUISIANA","LA","TERREBONNE",22109,"PRESIDENT","DONALD J TRUMP","REPUBLICAN",34339,46240,20210622,"TOTAL",0.742625432525952,"11/30/2021",48,"Terrebonne Parish","LA",41.4,45784,45784,49.7,43691,52.8,13206,80,96.7,53888,48.8,53731,58.4,50930,61.6,14105,85.5,"D",15,15,16,16,"Metro",3,3,4,4
"711",2020,"LOUISIANA","LA","UNION",22111,"PRESIDENT","DONALD J TRUMP","REPUBLICAN",8407,11201,20210622,"TOTAL",0.750557985894117,"11/30/2021",48,"Union Parish","LA",42.1,9312,9312,48.9,8890,51.2,3316,71.1,96.7,10228,46.3,10203,53.6,9685,55.8,3411,73.2,"D",15,15,16,16,"Metro",3,3,4,4
"712",2020,"LOUISIANA","LA","VERMILION",22113,"PRESIDENT","DONALD J TRUMP","REPUBLICAN",21930,27324,20210622,"TOTAL",0.802591128678085,"11/30/2021",48,"Vermilion Parish","LA",35.1,20877,20874,41.9,19890,44.7,6077,64.6,96.7,23828,40,23700,47.6,22492,50.5,6476,68.8,"D",14,15,15,15,"Metro",2,3,3,3
"713",2020,"LOUISIANA","LA","VERNON",22115,"PRESIDENT","DONALD J TRUMP","REPUBLICAN",14107,17268,20210622,"TOTAL",0.816944637479731,"11/30/2021",48,"Vernon Parish","LA",48,22752,22751,58.3,21932,61.3,4884,81.2,96.7,26292,55.4,26058,66.8,25021,70,5307,88.2,"C",11,12,12,12,"Non-metro",7,8,8,8
"714",2020,"LOUISIANA","LA","WASHINGTON",22117,"PRESIDENT","DONALD J TRUMP","REPUBLICAN",13307,19513,20210622,"TOTAL",0.681955619330703,"11/30/2021",48,"Washington Parish","LA",38.6,17819,17819,45.7,17047,48.5,6063,70.9,96.7,20172,43.7,20131,51.6,19184,54.5,6558,76.7,"D",14,15,15,16,"Non-metro",6,7,7,8
"715",2020,"LOUISIANA","LA","WEBSTER",22119,"PRESIDENT","DONALD J TRUMP","REPUBLICAN",11830,18216,20210622,"TOTAL",0.649429073342117,"11/30/2021",48,"Webster Parish","LA",39.8,15263,15262,46.8,14562,48.9,5581,71.9,96.7,17180,44.8,17139,52.5,16331,54.9,5930,76.4,"D",14,15,15,16,"Metro",2,3,3,4
"716",2020,"LOUISIANA","LA","WEST BATON ROUGE",22121,"PRESIDENT","DONALD J TRUMP","REPUBLICAN",7684,14097,20210622,"TOTAL",0.545080513584451,"11/30/2021",48,"West Baton Rouge Parish","LA",49.8,13167,13166,59.5,12336,61.4,3106,82.3,96.7,14627,55.3,14523,65.6,13545,67.4,3183,84.3,"D",15,16,16,16,"Metro",3,4,4,4
"717",2020,"LOUISIANA","LA","WEST CARROLL",22123,"PRESIDENT","DONALD J TRUMP","REPUBLICAN",4317,5052,20210622,"TOTAL",0.854513064133017,"11/30/2021",48,"West Carroll Parish","LA",38.1,4127,4127,44.3,4019,47.8,1706,81.1,96.7,4622,42.7,4608,49.5,4465,53.1,1789,85,"C",10,11,11,12,"Non-metro",6,7,7,8
"718",2020,"LOUISIANA","LA","WEST FELICIANA",22125,"PRESIDENT","DONALD J TRUMP","REPUBLICAN",3863,6268,20210622,"TOTAL",0.616305041480536,"11/30/2021",48,"West Feliciana Parish","LA",83.2,12950,12949,93.2,12435,95.6,3222,99.9,96.7,14261,91.6,14216,99.9,13627,99.9,3393,99.9,"C",12,12,12,12,"Metro",4,4,4,4
"719",2020,"LOUISIANA","LA","WINN",22127,"PRESIDENT","DONALD J TRUMP","REPUBLICAN",4619,6225,20210622,"TOTAL",0.742008032128514,"11/30/2021",48,"Winn Parish","LA",41.8,5808,5806,48.2,5634,51,1848,69.6,96.7,6459,46.5,6448,53.6,6238,56.5,1971,74.2,"D",15,15,16,15,"Non-metro",7,7,8,7
"720",2020,"MAINE","ME","ANDROSCOGGIN",23001,"PRESIDENT","DONALD J TRUMP","REPUBLICAN",29268,59361,20210622,"TOTAL",0.493050993076262,"11/30/2021",48,"Androscoggin County","ME",63.4,68636,68625,74,64380,75.8,17902,91,96.5,76818,70.9,75123,81,70390,82.8,20194,99.9,"C",12,12,12,12,"Metro",4,4,4,4
"721",2020,"MAINE","ME","AROOSTOOK",23003,"PRESIDENT","DONALD J TRUMP","REPUBLICAN",21080,36210,20210622,"TOTAL",0.582159624413146,"11/30/2021",48,"Aroostook County","ME",63.4,42497,42465,71.8,40250,73.4,14186,84.9,96.5,46207,68.9,45481,76.9,43024,78.5,14935,89.3,"C",12,12,12,12,"Non-metro",8,8,8,8
"722",2020,"MAINE","ME","CUMBERLAND",23005,"PRESIDENT","DONALD J TRUMP","REPUBLICAN",59584,195914,20210622,"TOTAL",0.304133446308074,"11/30/2021",48,"Cumberland County","ME",79.3,234049,233788,89.8,218061,90.5,55796,99.4,96.5,263548,89.3,253311,97.3,236266,98,61637,99.9,"A",4,4,4,4,"Metro",4,4,4,4
"723",2020,"MAINE","ME","FRANKLIN",23007,"PRESIDENT","DONALD J TRUMP","REPUBLICAN",8754,17599,20210622,"TOTAL",0.497414625831013,"11/30/2021",48,"Franklin County","ME",58.7,17722,17722,66.2,16828,67.7,6042,88.1,96.5,19653,65.1,19337,72.2,18335,73.7,6736,98.2,"A",4,4,4,4,"Non-metro",8,8,8,8
"724",2020,"MAINE","ME","HANCOCK",23009,"PRESIDENT","DONALD J TRUMP","REPUBLICAN",14982,35676,20210622,"TOTAL",0.419946182307434,"11/30/2021",48,"Hancock County","ME",70.6,38824,38816,79.1,36782,80.6,12901,92.9,96.5,43364,78.9,42390,86.4,40104,87.9,14210,99.9,"A",4,4,4,4,"Non-metro",8,8,8,8
"725",2020,"MAINE","ME","KENNEBEC",23011,"PRESIDENT","DONALD J TRUMP","REPUBLICAN",34721,72615,20210622,"TOTAL",0.47815189699098,"11/30/2021",48,"Kennebec County","ME",65.2,79749,79725,74.3,75304,76.1,22929,91.2,96.5,90440,73.9,88331,82.4,83448,84.3,25697,99.9,"B",8,8,8,8,"Non-metro",8,8,8,8
"726",2020,"MAINE","ME","KNOX",23013,"PRESIDENT","DONALD J TRUMP","REPUBLICAN",9982,26032,20210622,"TOTAL",0.383451137062077,"11/30/2021",48,"Knox County","ME",76.7,30488,30447,86,28759,87.7,10440,99.9,96.5,34031,85.6,32977,93.2,31141,95,11474,99.9,"A",4,4,4,4,"Non-metro",8,8,8,8
"727",2020,"MAINE","ME","LINCOLN",23015,"PRESIDENT","DONALD J TRUMP","REPUBLICAN",10256,23857,20210622,"TOTAL",0.42989478978916,"11/30/2021",48,"Lincoln County","ME",74.4,25778,25778,83.5,24404,84.7,9695,99.3,96.5,28810,83.2,28040,90.8,26547,92.1,10685,99.9,"A",4,4,4,4,"Non-metro",8,8,8,8
"728",2020,"MAINE","ME","OXFORD",23017,"PRESIDENT","DONALD J TRUMP","REPUBLICAN",17698,33810,20210622,"TOTAL",0.523454599230997,"11/30/2021",48,"Oxford County","ME",62.1,35993,35983,69.9,34018,71.7,11527,88,96.5,40978,70.7,40230,78.2,37917,79.9,13160,99.9,"B",8,8,8,8,"Non-metro",8,8,8,8
"729",2020,"MAINE","ME","PENOBSCOT",23019,"PRESIDENT","DONALD J TRUMP","REPUBLICAN",44825,86133,20210622,"TOTAL",0.520416100681504,"11/30/2021",48,"Penobscot County","ME",65.3,99392,99355,73.7,93811,75.2,26592,91.4,96.5,110287,72.5,108096,80.2,102006,81.8,29469,99.9,"B",8,8,8,8,"Metro",4,4,4,4
"730",2020,"MAINE","ME","PISCATAQUIS",23021,"PRESIDENT","DONALD J TRUMP","REPUBLICAN",6143,9996,20210622,"TOTAL",0.614545818327331,"11/30/2021",48,"Piscataquis County","ME",57.9,9719,9717,64.5,9258,66.3,3739,81.4,96.5,10503,62.6,10416,69.2,9918,71,3974,86.5,"B",8,8,8,8,"Non-metro",8,8,8,8
"731",2020,"MAINE","ME","SAGADAHOC",23023,"PRESIDENT","DONALD J TRUMP","REPUBLICAN",9755,24280,20210622,"TOTAL",0.401771004942339,"11/30/2021",48,"Sagadahoc County","ME",72.2,25882,25881,82.1,24250,83.5,7963,97.6,96.5,28610,79.8,27721,87.9,25977,89.5,8475,99.9,"A",4,4,4,4,"Metro",4,4,4,4
"732",2020,"MAINE","ME","SOMERSET",23025,"PRESIDENT","DONALD J TRUMP","REPUBLICAN",16644,27873,20210622,"TOTAL",0.597137014314928,"11/30/2021",48,"Somerset County","ME",57,28795,28784,64.5,27411,66.8,9384,87.1,96.5,31507,62.4,31133,69.8,29600,72.2,10187,94.5,"C",12,12,12,12,"Non-metro",8,8,8,8
"733",2020,"MAINE","ME","WALDO",23027,"PRESIDENT","DONALD J TRUMP","REPUBLICAN",11196,24566,20210622,"TOTAL",0.455751852153383,"11/30/2021",48,"Waldo County","ME",65.4,25963,25952,73.9,24570,75.6,8802,95,96.5,28942,72.9,28441,81,26940,82.9,9714,99.9,"A",4,4,4,4,"Non-metro",8,8,8,8
"734",2020,"MAINE","ME","WASHINGTON",23029,"PRESIDENT","DONALD J TRUMP","REPUBLICAN",10194,17570,20210622,"TOTAL",0.580193511667615,"11/30/2021",48,"Washington County","ME",66.2,20763,20747,75.1,19724,77.5,7048,90.4,96.5,23178,73.9,22838,82.7,21684,85.2,7810,99.9,"C",12,12,12,12,"Non-metro",8,8,8,8
"735",2020,"MAINE","ME","YORK",23031,"PRESIDENT","DONALD J TRUMP","REPUBLICAN",54817,131042,20210622,"TOTAL",0.41831626501427,"11/30/2021",48,"York County","ME",73.9,153356,153247,83.6,144002,85,41692,94.9,96.5,176884,85.2,172164,93.9,161877,95.6,49034,99.9,"A",4,4,4,4,"Metro",4,4,4,4
"736",2020,"MICHIGAN","MI","ALCONA",26001,"PRESIDENT","DONALD J TRUMP","REPUBLICAN",4848,7064,20210622,"TOTAL",0.686296715741789,"11/30/2021",48,"Alcona County","MI",55.7,5797,5797,60.4,5693,62.6,2961,78.7,97.6,5981,57.5,5981,62.3,5899,64.9,3049,81.1,"B",8,8,8,8,"Non-metro",8,8,8,8
"737",2020,"MICHIGAN","MI","ALGER",26003,"PRESIDENT","DONALD J TRUMP","REPUBLICAN",3014,5128,20210622,"TOTAL",0.587753510140406,"11/30/2021",48,"Alger County","MI",59.7,5441,5441,65.9,5247,67.7,1999,83.5,97.6,5837,64.1,5837,70.6,5643,72.9,2132,89.1,"B",8,8,8,8,"Non-metro",8,8,8,8
"738",2020,"MICHIGAN","MI","ALLEGAN",26005,"PRESIDENT","DONALD J TRUMP","REPUBLICAN",41392,67094,20210622,"TOTAL",0.616925507496945,"11/30/2021",48,"Allegan County","MI",48.1,56852,56848,56.9,53340,59.3,16534,82.3,97.6,59537,50.4,59487,59.6,56101,62.3,17426,86.7,"A",3,4,4,4,"Non-metro",7,8,8,8
"739",2020,"MICHIGAN","MI","ALPENA",26007,"PRESIDENT","DONALD J TRUMP","REPUBLICAN",10686,16969,20210622,"TOTAL",0.629736578466616,"11/30/2021",48,"Alpena County","MI",52.4,14872,14872,59.6,14362,62.2,5984,88.2,97.6,15354,54.1,15352,61.5,14881,64.4,6164,90.9,"B",8,8,8,8,"Non-metro",8,8,8,8
"740",2020,"MICHIGAN","MI","ANTRIM",26009,"PRESIDENT","DONALD J TRUMP","REPUBLICAN",9748,15949,20210622,"TOTAL",0.611198194244153,"11/30/2021",48,"Antrim County","MI",55,12833,12833,61.7,12296,64,5279,80.8,97.6,13698,58.7,13691,65.8,13159,68.5,5654,86.5,"A",4,4,4,4,"Non-metro",8,8,8,8
"741",2020,"MICHIGAN","MI","ARENAC",26011,"PRESIDENT","DONALD J TRUMP","REPUBLICAN",5928,8831,20210622,"TOTAL",0.671271656664024,"11/30/2021",48,"Arenac County","MI",48.5,7215,7215,54.8,7041,57.7,3146,81.9,97.6,7664,51.5,7664,58.2,7514,61.6,3296,85.8,"C",11,12,12,12,"Non-metro",7,8,8,8
"742",2020,"MICHIGAN","MI","BARAGA",26013,"PRESIDENT","DONALD J TRUMP","REPUBLICAN",2512,4038,20210622,"TOTAL",0.622090143635463,"11/30/2021",48,"Baraga County","MI",56.6,4650,4649,63.3,4533,66.6,1502,80.4,97.6,5110,62.2,5109,69.5,5004,73.5,1647,88.2,"C",12,12,12,12,"Non-metro",8,8,8,8
"743",2020,"MICHIGAN","MI","BARRY",26015,"PRESIDENT","DONALD J TRUMP","REPUBLICAN",23471,35905,20210622,"TOTAL",0.653697256649492,"11/30/2021",48,"Barry County","MI",45.3,27903,27903,52.7,26418,55,9107,78.3,97.6,29193,47.4,29186,55.2,27698,57.6,9564,82.2,"A",3,4,4,4,"Metro",3,4,4,4
"744",2020,"MICHIGAN","MI","BAY",26017,"PRESIDENT","DONALD J TRUMP","REPUBLICAN",33125,60255,20210622,"TOTAL",0.54974690897021,"11/30/2021",48,"Bay County","MI",53.6,55240,55239,61.2,52451,63.5,18266,84.4,97.6,58781,57,58763,65.2,56079,67.9,19390,89.6,"B",8,8,8,8,"Metro",4,4,4,4
"745",2020,"MICHIGAN","MI","BENZIE",26019,"PRESIDENT","DONALD J TRUMP","REPUBLICAN",6601,12262,20210622,"TOTAL",0.538329799380199,"11/30/2021",48,"Benzie County","MI",63.4,11269,11269,71.4,10809,73.9,4092,85.5,97.6,11907,67,11901,75.5,11427,78.2,4386,91.6,"A",4,4,4,4,"Non-metro",8,8,8,8
"746",2020,"MICHIGAN","MI","BERRIEN",26021,"PRESIDENT","DONALD J TRUMP","REPUBLICAN",43519,82391,20210622,"TOTAL",0.528200895728902,"11/30/2021",48,"Berrien County","MI",52,79819,79819,60.6,75620,62.9,25740,82.7,97.6,87211,56.9,87105,66.1,82994,69,28383,91.2,"C",12,12,12,12,"Metro",4,4,4,4
"747",2020,"MICHIGAN","MI","BRANCH",26023,"PRESIDENT","DONALD J TRUMP","REPUBLICAN",14064,20536,20210622,"TOTAL",0.684846123880016,"11/30/2021",48,"Branch County","MI",41.7,18161,18160,49,17424,52,6313,77.7,97.6,19482,44.8,19464,52.5,18755,56,6778,83.4,"C",11,11,12,12,"Non-metro",7,7,8,8
"748",2020,"MICHIGAN","MI","CALHOUN",26025,"PRESIDENT","DONALD J TRUMP","REPUBLICAN",36221,66281,20210622,"TOTAL",0.546476365776014,"11/30/2021",48,"Calhoun County","MI",48.2,64654,64654,56.6,61157,58.9,19944,81.6,97.6,68416,51,68394,59.9,64639,62.3,20786,85.1,"C",11,12,12,12,"Metro",3,4,4,4
"749",2020,"MICHIGAN","MI","CASS",26027,"PRESIDENT","DONALD J TRUMP","REPUBLICAN",16699,26216,20210622,"TOTAL",0.636977418370461,"11/30/2021",48,"Cass County","MI",40.1,20741,20740,46,19814,48.2,7534,67.6,97.6,23399,45.2,23368,51.9,22406,54.5,8728,78.3,"B",7,7,7,7,"Metro",3,3,3,3
"750",2020,"MICHIGAN","MI","CHARLEVOIX",26029,"PRESIDENT","DONALD J TRUMP","REPUBLICAN",9841,17000,20210622,"TOTAL",0.578882352941177,"11/30/2021",48,"Charlevoix County","MI",61.1,15969,15969,68.9,15106,70.9,5680,86.5,97.6,16832,64.4,16819,72.5,15955,74.9,6024,91.7,"A",4,4,4,4,"Non-metro",8,8,8,8
"751",2020,"MICHIGAN","MI","CHEBOYGAN",26031,"PRESIDENT","DONALD J TRUMP","REPUBLICAN",10186,15868,20210622,"TOTAL",0.641920846987648,"11/30/2021",48,"Cheboygan County","MI",52.9,13362,13362,58.7,12904,60.9,5600,78.9,97.6,14123,55.9,14121,62,13679,64.6,5899,83.2,"B",8,8,8,8,"Non-metro",8,8,8,8
"752",2020,"MICHIGAN","MI","CHIPPEWA",26033,"PRESIDENT","DONALD J TRUMP","REPUBLICAN",10681,17642,20210622,"TOTAL",0.605430223330688,"11/30/2021",48,"Chippewa County","MI",65.2,24337,24335,73.7,22960,74.8,6699,95.7,97.6,26532,71,26399,79.9,24945,81.2,7264,99.9,"C",12,12,12,12,"Non-metro",8,8,8,8
"753",2020,"MICHIGAN","MI","CLARE",26035,"PRESIDENT","DONALD J TRUMP","REPUBLICAN",10861,16281,20210622,"TOTAL",0.667096615686997,"11/30/2021",48,"Clare County","MI",43.7,13516,13516,50.2,13047,52.6,5748,77,97.6,14187,45.8,14185,52.7,13731,55.4,6007,80.4,"D",15,16,16,16,"Non-metro",7,8,8,8
"754",2020,"MICHIGAN","MI","CLINTON",26037,"PRESIDENT","DONALD J TRUMP","REPUBLICAN",25098,47927,20210622,"TOTAL",0.523671416946606,"11/30/2021",48,"Clinton County","MI",53.1,42302,42299,61.8,39377,63.5,11537,83,97.6,44270,55.6,44257,64.6,41377,66.7,11916,85.8,"A",4,4,4,4,"Metro",4,4,4,4
"755",2020,"MICHIGAN","MI","CRAWFORD",26039,"PRESIDENT","DONALD J TRUMP","REPUBLICAN",5087,7861,20210622,"TOTAL",0.647118687189925,"11/30/2021",48,"Crawford County","MI",48.4,6793,6793,54.7,6472,56.3,2614,72.2,97.6,7213,51.4,7212,58.1,6915,60.2,2721,75.2,"B",7,8,8,8,"Non-metro",7,8,8,8
"756",2020,"MICHIGAN","MI","DELTA",26041,"PRESIDENT","DONALD J TRUMP","REPUBLICAN",13207,21151,20210622,"TOTAL",0.624414921280318,"11/30/2021",48,"Delta County","MI",58.7,21003,21002,67.1,20292,70.4,8706,97.9,97.6,22281,62.3,22267,71.2,21584,74.9,9255,99.9,"B",8,8,8,8,"Non-metro",8,8,8,8
"757",2020,"MICHIGAN","MI","DICKINSON",26043,"PRESIDENT","DONALD J TRUMP","REPUBLICAN",9617,14589,20210622,"TOTAL",0.659195284118171,"11/30/2021",48,"Dickinson County","MI",63.2,15956,15942,72.5,15345,76,6331,99.9,97.6,17368,68.8,17301,78.7,16692,82.7,6848,99.9,"A",4,4,4,4,"Non-metro",8,8,8,8
"758",2020,"MICHIGAN","MI","EATON",26045,"PRESIDENT","DONALD J TRUMP","REPUBLICAN",31798,64327,20210622,"TOTAL",0.494318093491069,"11/30/2021",48,"Eaton County","MI",53.1,58520,58514,61.3,55108,62.9,17737,84.3,97.6,61673,55.9,61661,64.6,58231,66.5,18548,88.2,"B",8,8,8,8,"Metro",4,4,4,4
"759",2020,"MICHIGAN","MI","EMMET",26047,"PRESIDENT","DONALD J TRUMP","REPUBLICAN",12135,22177,20210622,"TOTAL",0.547188528655815,"11/30/2021",48,"Emmet County","MI",68.8,22994,22992,78,21689,79.9,7285,93.5,97.6,24309,72.7,24297,82.4,23013,84.7,7732,99.2,"A",4,4,4,4,"Non-metro",8,8,8,8
"760",2020,"MICHIGAN","MI","GENESEE",26049,"PRESIDENT","DONALD J TRUMP","REPUBLICAN",98714,221360,20210622,"TOTAL",0.445943259848211,"11/30/2021",48,"Genesee County","MI",46.7,189628,189622,54.6,179711,57,58476,80.2,97.6,202726,50,202671,58.4,192859,61.2,61935,84.9,"C",11,12,12,12,"Metro",3,4,4,4
"761",2020,"MICHIGAN","MI","GLADWIN",26051,"PRESIDENT","DONALD J TRUMP","REPUBLICAN",9893,14603,20210622,"TOTAL",0.677463534890091,"11/30/2021",48,"Gladwin County","MI",45.3,11523,11523,51.6,11203,54.1,5280,76.4,97.6,12232,48.1,12231,54.8,11936,57.6,5550,80.4,"C",11,12,12,12,"Non-metro",7,8,8,8
"762",2020,"MICHIGAN","MI","GOGEBIC",26053,"PRESIDENT","DONALD J TRUMP","REPUBLICAN",4600,8266,20210622,"TOTAL",0.556496491652553,"11/30/2021",48,"Gogebic County","MI",62.4,8720,8720,70.1,8460,72.7,3678,92,97.6,9303,66.6,9294,74.7,9039,77.7,3943,98.6,"B",8,8,8,8,"Non-metro",8,8,8,8
"763",2020,"MICHIGAN","MI","GRAND TRAVERSE",26055,"PRESIDENT","DONALD J TRUMP","REPUBLICAN",30502,60236,20210622,"TOTAL",0.506374925293844,"11/30/2021",48,"Grand Traverse County","MI",63.5,59070,59070,72.8,55408,74.3,18029,93.3,97.6,62493,67.1,62470,77,58743,78.8,19052,98.6,"A",4,4,4,4,"Non-metro",8,8,8,8
"764",2020,"MICHIGAN","MI","GRATIOT",26057,"PRESIDENT","DONALD J TRUMP","REPUBLICAN",12102,19127,20210622,"TOTAL",0.63271814712187,"11/30/2021",48,"Gratiot County","MI",42.8,17435,17435,48.9,16751,51,6052,83.6,97.6,18259,44.9,18258,51.2,17583,53.5,6279,86.8,"C",11,11,12,12,"Non-metro",7,7,8,8
"765",2020,"MICHIGAN","MI","HILLSDALE",26059,"PRESIDENT","DONALD J TRUMP","REPUBLICAN",17037,23302,20210622,"TOTAL",0.731138958029354,"11/30/2021",48,"Hillsdale County","MI",35.7,16296,16295,41.4,15689,43.8,6384,69.4,97.6,17376,38.1,17366,44.2,16742,46.8,6796,73.9,"C",10,11,11,11,"Non-metro",6,7,7,7
"766",2020,"MICHIGAN","MI","HOUGHTON",26061,"PRESIDENT","DONALD J TRUMP","REPUBLICAN",10378,18501,20210622,"TOTAL",0.560942651748554,"11/30/2021",48,"Houghton County","MI",49,17480,17480,56.3,16542,58.2,5527,86.5,97.6,18337,51.4,18336,59.1,17553,61.7,5757,90.1,"B",7,8,8,8,"Non-metro",7,8,8,8
"767",2020,"MICHIGAN","MI","HURON",26063,"PRESIDENT","DONALD J TRUMP","REPUBLICAN",12731,18437,20210622,"TOTAL",0.690513641047893,"11/30/2021",48,"Huron County","MI",51.2,15851,15850,58.5,15382,61.4,6678,83.1,97.6,16552,53.4,16548,61,16060,64.2,6979,86.9,"B",8,8,8,8,"Non-metro",8,8,8,8
"768",2020,"MICHIGAN","MI","INGHAM",26065,"PRESIDENT","DONALD J TRUMP","REPUBLICAN",47639,144550,20210622,"TOTAL",0.329567623659633,"11/30/2021",48,"Ingham County","MI",53.3,155910,155903,61.4,145902,62.1,36007,88.6,97.6,165549,56.6,165478,65.1,155266,66.1,37747,92.9,"C",12,12,12,12,"Metro",4,4,4,4
"769",2020,"MICHIGAN","MI","IONIA",26067,"PRESIDENT","DONALD J TRUMP","REPUBLICAN",20657,32209,20210622,"TOTAL",0.641342481914993,"11/30/2021",48,"Ionia County","MI",43.6,28206,28206,50.8,26811,53.1,8111,82.4,97.6,29430,45.5,29426,53,28083,55.7,8410,85.4,"B",7,8,8,8,"Non-metro",7,8,8,8
"770",2020,"MICHIGAN","MI","IOSCO",26069,"PRESIDENT","DONALD J TRUMP","REPUBLICAN",9759,15363,20210622,"TOTAL",0.635227494629955,"11/30/2021",48,"Iosco County","MI",53.6,13472,13472,60.2,13111,62.6,6003,79.4,97.6,14324,57,14324,64.1,13980,66.7,6333,83.7,"B",8,8,8,8,"Non-metro",8,8,8,8
"771",2020,"MICHIGAN","MI","IRON",26071,"PRESIDENT","DONALD J TRUMP","REPUBLICAN",4216,6789,20210622,"TOTAL",0.621004566210046,"11/30/2021",48,"Iron County","MI",53.6,5927,5927,60.2,5772,62.7,2774,80.3,97.6,6264,56.6,6261,63.6,6110,66.3,2922,84.6,"B",8,8,8,8,"Non-metro",8,8,8,8
"772",2020,"MICHIGAN","MI","ISABELLA",26073,"PRESIDENT","DONALD J TRUMP","REPUBLICAN",14815,29421,20210622,"TOTAL",0.503551884708202,"11/30/2021",48,"Isabella County","MI",41.6,29081,29079,47,27519,47.7,7572,81.9,97.6,30889,44.2,30873,49.9,29282,50.7,7973,86.3,"C",11,11,11,12,"Non-metro",7,7,7,8
"773",2020,"MICHIGAN","MI","JACKSON",26075,"PRESIDENT","DONALD J TRUMP","REPUBLICAN",47372,80861,20210622,"TOTAL",0.585844844857224,"11/30/2021",48,"Jackson County","MI",49,77703,77702,56.9,73932,59.3,24433,84.4,97.6,80861,51,80841,59.2,77190,61.9,25346,87.5,"C",11,12,12,12,"Metro",3,4,4,4
"774",2020,"MICHIGAN","MI","KALAMAZOO",26077,"PRESIDENT","DONALD J TRUMP","REPUBLICAN",56823,143414,20210622,"TOTAL",0.3962165478963,"11/30/2021",48,"Kalamazoo County","MI",57.2,151519,151414,66.6,141018,67.7,37234,91,97.6,157977,59.6,157735,69.4,147499,70.9,38969,95.3,"B",8,8,8,8,"Metro",4,4,4,4
"775",2020,"MICHIGAN","MI","KALKASKA",26079,"PRESIDENT","DONALD J TRUMP","REPUBLICAN",7436,10631,20210622,"TOTAL",0.699463832188882,"11/30/2021",48,"Kalkaska County","MI",44.3,7987,7987,51,7672,53.5,3045,81.7,97.6,8388,46.5,8388,53.6,8071,56.3,3158,84.7,"C",11,12,12,12,"Non-metro",7,8,8,8
"776",2020,"MICHIGAN","MI","KENT",26081,"PRESIDENT","DONALD J TRUMP","REPUBLICAN",165741,361048,20210622,"TOTAL",0.459055305665729,"11/30/2021",48,"Kent County","MI",56.7,372512,372504,67.4,346189,69.3,79976,86.2,97.6,386109,58.8,385961,69.8,360943,72.2,83418,89.9,"B",8,8,8,8,"Metro",4,4,4,4
"777",2020,"MICHIGAN","MI","KEWEENAW",26083,"PRESIDENT","DONALD J TRUMP","REPUBLICAN",862,1557,20210622,"TOTAL",0.553628773281952,"11/30/2021",48,"Keweenaw County","MI",55.7,1179,1179,61,1151,63.5,591,73.2,97.6,1266,59.8,1266,65.5,1242,68.5,622,77.1,"A",4,4,4,4,"Non-metro",8,8,8,8
"778",2020,"MICHIGAN","MI","LAKE",26085,"PRESIDENT","DONALD J TRUMP","REPUBLICAN",3946,6323,20210622,"TOTAL",0.62407085244346,"11/30/2021",48,"Lake County","MI",54.6,6472,6472,61.3,6345,64.1,2360,66.7,97.6,6737,56.8,6736,63.8,6613,66.8,2451,69.3,"D",16,16,16,15,"Non-metro",8,8,8,7
"779",2020,"MICHIGAN","MI","LAPEER",26087,"PRESIDENT","DONALD J TRUMP","REPUBLICAN",35482,52650,20210622,"TOTAL",0.673922127255461,"11/30/2021",48,"Lapeer County","MI",44.2,38716,38716,50.5,37098,53.1,13009,78.7,97.6,41160,47,41156,53.6,39588,56.7,13740,83.1,"A",3,4,4,4,"Metro",3,4,4,4
"780",2020,"MICHIGAN","MI","LEELANAU",26089,"PRESIDENT","DONALD J TRUMP","REPUBLICAN",7916,16900,20210622,"TOTAL",0.468402366863905,"11/30/2021",48,"Leelanau County","MI",78.4,17058,17056,87.2,16135,88.3,6524,93.8,97.6,18358,84.4,18313,93.6,17386,95.2,6966,99.9,"A",4,4,4,4,"Non-metro",8,8,8,8
"781",2020,"MICHIGAN","MI","LENAWEE",26091,"PRESIDENT","DONALD J TRUMP","REPUBLICAN",31541,53375,20210622,"TOTAL",0.590932084309133,"11/30/2021",48,"Lenawee County","MI",49.3,48557,48557,56.8,46064,59.1,16268,85,97.6,51760,52.6,51683,60.5,49212,63.1,17248,90.1,"B",7,8,8,8,"Non-metro",7,8,8,8
"782",2020,"MICHIGAN","MI","LIVINGSTON",26093,"PRESIDENT","DONALD J TRUMP","REPUBLICAN",76982,127197,20210622,"TOTAL",0.605218676541113,"11/30/2021",48,"Livingston County","MI",56.7,108939,108936,65.1,102367,67.4,30052,87.4,97.6,113528,59.1,113499,67.9,107119,70.5,31339,91.2,"A",4,4,4,4,"Metro",4,4,4,4
"783",2020,"MICHIGAN","MI","LUCE",26095,"PRESIDENT","DONALD J TRUMP","REPUBLICAN",2109,3001,20210622,"TOTAL",0.702765744751749,"11/30/2021",48,"Luce County","MI",42,2616,2616,47,2541,48.6,1050,80,97.6,2817,45.2,2814,50.5,2728,52.2,1132,86.2,"C",11,11,11,12,"Non-metro",7,7,7,8
"784",2020,"MICHIGAN","MI","MACKINAC",26097,"PRESIDENT","DONALD J TRUMP","REPUBLICAN",4304,7015,20210622,"TOTAL",0.613542409123307,"11/30/2021",48,"Mackinac County","MI",71.2,7691,7690,78.7,7463,82,2737,88.7,97.6,8442,78.2,8426,86.3,8190,90,3000,97.3,"C",12,12,12,12,"Non-metro",8,8,8,8
"785",2020,"MICHIGAN","MI","MACOMB",26099,"PRESIDENT","DONALD J TRUMP","REPUBLICAN",263863,494256,20210622,"TOTAL",0.533858971868829,"11/30/2021",48,"Macomb County","MI",53.3,465835,465827,61.5,441851,63.8,127333,83.6,97.6,487740,55.8,487636,64.4,464666,67.1,132693,87.1,"B",8,8,8,8,"Metro",4,4,4,4
"786",2020,"MICHIGAN","MI","MANISTEE",26101,"PRESIDENT","DONALD J TRUMP","REPUBLICAN",8321,14655,20210622,"TOTAL",0.567792562265438,"11/30/2021",48,"Manistee County","MI",56.6,13893,13892,63.2,13273,65.3,5525,85.6,97.6,14500,59,14492,65.9,13901,68.3,5757,89.1,"B",8,8,8,8,"Non-metro",8,8,8,8
"787",2020,"MICHIGAN","MI","MARQUETTE",26103,"PRESIDENT","DONALD J TRUMP","REPUBLICAN",16286,37462,20210622,"TOTAL",0.434733863648497,"11/30/2021",48,"Marquette County","MI",60.5,40346,40343,68.5,38185,69.7,12141,92.8,97.6,42722,64.1,42705,72.6,40621,74.1,12838,98.1,"B",8,8,8,8,"Non-metro",8,8,8,8
"788",2020,"MICHIGAN","MI","MASON",26105,"PRESIDENT","DONALD J TRUMP","REPUBLICAN",10207,17254,20210622,"TOTAL",0.591572968586994,"11/30/2021",48,"Mason County","MI",56.8,16566,16565,65.4,15750,67.8,6260,88.6,97.6,17283,59.3,17279,68.2,16496,71,6504,92,"B",8,8,8,8,"Non-metro",8,8,8,8
"789",2020,"MICHIGAN","MI","MECOSTA",26107,"PRESIDENT","DONALD J TRUMP","REPUBLICAN",13267,21049,20210622,"TOTAL",0.630291225236353,"11/30/2021",48,"Mecosta County","MI",39,16953,16953,44.3,16291,46,6162,76.1,97.6,17598,40.5,17594,46,16981,47.9,6432,79.4,"C",10,11,11,12,"Non-metro",6,7,7,8
"790",2020,"MICHIGAN","MI","MENOMINEE",26109,"PRESIDENT","DONALD J TRUMP","REPUBLICAN",8117,12607,20210622,"TOTAL",0.643848655508844,"11/30/2021",48,"Menominee County","MI",66.6,15169,15167,74.7,14718,78.4,6478,99.9,97.6,16787,73.7,16729,82.4,16253,86.6,7172,99.9,"B",8,8,8,8,"Non-metro",8,8,8,8
"791",2020,"MICHIGAN","MI","MIDLAND",26111,"PRESIDENT","DONALD J TRUMP","REPUBLICAN",27675,49088,20210622,"TOTAL",0.563783409387223,"11/30/2021",48,"Midland County","MI",55.3,45978,45978,64,43063,65.8,13553,86.3,97.6,48736,58.6,48720,67.8,45748,69.9,14216,90.5,"A",4,4,4,4,"Metro",4,4,4,4
"792",2020,"MICHIGAN","MI","MISSAUKEE",26113,"PRESIDENT","DONALD J TRUMP","REPUBLICAN",6648,8755,20210622,"TOTAL",0.759337521416333,"11/30/2021",48,"Missaukee County","MI",45.1,6821,6821,53.1,6612,56.7,2579,82.3,97.6,7105,47,7102,55.3,6894,59.1,2670,85.2,"B",7,8,8,8,"Non-metro",7,8,8,8
"793",2020,"MICHIGAN","MI","MONROE",26115,"PRESIDENT","DONALD J TRUMP","REPUBLICAN",52710,87148,20210622,"TOTAL",0.604833157387433,"11/30/2021",48,"Monroe County","MI",52.3,78784,78769,60.4,74743,62.9,23949,84.8,97.6,85954,57.1,85647,65.7,81421,68.6,26389,93.5,"A",4,4,4,4,"Metro",4,4,4,4
"794",2020,"MICHIGAN","MI","MONTCALM",26117,"PRESIDENT","DONALD J TRUMP","REPUBLICAN",21815,32100,20210622,"TOTAL",0.679595015576324,"11/30/2021",48,"Montcalm County","MI",39.4,25163,25163,45.9,24150,48.4,8774,75.7,97.6,26086,40.8,26084,47.6,25112,50.4,9056,78.1,"C",10,11,11,12,"Metro",2,3,3,4
"795",2020,"MICHIGAN","MI","MONTMORENCY",26119,"PRESIDENT","DONALD J TRUMP","REPUBLICAN",4171,5859,20210622,"TOTAL",0.71189622802526,"11/30/2021",48,"Montmorency County","MI",51.8,4830,4830,57,4719,59.4,2518,82.2,97.6,5071,54.4,5069,59.8,4957,62.4,2646,86.4,"B",8,8,8,8,"Non-metro",8,8,8,8
"796",2020,"MICHIGAN","MI","MUSKEGON",26121,"PRESIDENT","DONALD J TRUMP","REPUBLICAN",45133,92444,20210622,"TOTAL",0.488219895287958,"11/30/2021",48,"Muskegon County","MI",51,88555,88555,60,83562,62.4,26600,87,97.6,91756,52.9,91730,62.2,87023,65,27648,90.5,"C",12,12,12,12,"Metro",4,4,4,4
"797",2020,"MICHIGAN","MI","NEWAYGO",26123,"PRESIDENT","DONALD J TRUMP","REPUBLICAN",18857,27161,20210622,"TOTAL",0.694267515923567,"11/30/2021",48,"Newaygo County","MI",41.6,20395,20395,48.6,19520,51.3,7361,76,97.6,21072,43,21070,50.2,20248,53.2,7619,78.7,"C",11,11,12,12,"Non-metro",7,7,8,8
"798",2020,"MICHIGAN","MI","OAKLAND",26125,"PRESIDENT","DONALD J TRUMP","REPUBLICAN",325971,770351,20210622,"TOTAL",0.423146072374801,"11/30/2021",48,"Oakland County","MI",62.2,782215,782192,71.7,730496,73.2,189950,87.3,97.6,832416,66.2,832089,76.2,780025,78.2,200473,92.1,"A",4,4,4,4,"Metro",4,4,4,4
"799",2020,"MICHIGAN","MI","OCEANA",26127,"PRESIDENT","DONALD J TRUMP","REPUBLICAN",8892,14062,20210622,"TOTAL",0.632342483288295,"11/30/2021",48,"Oceana County","MI",50.7,13411,13411,59.1,12736,62,4672,82.7,97.6,13908,52.5,13905,61.3,13278,64.6,4871,86.3,"D",16,16,16,16,"Non-metro",8,8,8,8
"800",2020,"MICHIGAN","MI","OGEMAW",26129,"PRESIDENT","DONALD J TRUMP","REPUBLICAN",8253,11907,20210622,"TOTAL",0.693121693121693,"11/30/2021",48,"Ogemaw County","MI",42.5,8934,8934,48.2,8709,50.9,4081,74,97.6,9422,44.9,9422,50.9,9206,53.8,4278,77.6,"C",11,11,12,12,"Non-metro",7,7,8,8
"801",2020,"MICHIGAN","MI","ONTONAGON",26131,"PRESIDENT","DONALD J TRUMP","REPUBLICAN",2358,3804,20210622,"TOTAL",0.6198738170347,"11/30/2021",48,"Ontonagon County","MI",66.5,3802,3802,71.4,3718,74.3,1810,84,97.6,4068,71.1,4065,76.4,3981,79.5,1927,89.5,"B",8,8,8,8,"Non-metro",8,8,8,8
"802",2020,"MICHIGAN","MI","OSCEOLA",26133,"PRESIDENT","DONALD J TRUMP","REPUBLICAN",8928,12329,20210622,"TOTAL",0.72414632168059,"11/30/2021",48,"Osceola County","MI",39.5,9276,9276,45.8,8958,49.1,3760,74.3,97.6,9679,41.3,9679,47.8,9359,51.3,3891,76.9,"C",10,11,11,12,"Non-metro",6,7,7,8
"803",2020,"MICHIGAN","MI","OSCODA",26135,"PRESIDENT","DONALD J TRUMP","REPUBLICAN",3466,4874,20210622,"TOTAL",0.711120229790726,"11/30/2021",48,"Oscoda County","MI",39.9,3288,3288,45.7,3231,48.6,1678,73.8,97.6,3571,43.3,3571,49.7,3504,52.7,1763,77.5,"C",10,11,11,12,"Non-metro",6,7,7,8
"804",2020,"MICHIGAN","MI","OTSEGO",26137,"PRESIDENT","DONALD J TRUMP","REPUBLICAN",9779,14757,20210622,"TOTAL",0.662668564071288,"11/30/2021",48,"Otsego County","MI",52.1,12853,12852,60.2,12278,62.8,4565,85.1,97.6,13621,55.2,13620,63.8,13069,66.9,4817,89.8,"B",8,8,8,8,"Non-metro",8,8,8,8
"805",2020,"MICHIGAN","MI","OTTAWA",26139,"PRESIDENT","DONALD J TRUMP","REPUBLICAN",100913,168713,20210622,"TOTAL",0.598134109404729,"11/30/2021",48,"Ottawa County","MI",53.4,155908,155897,63.2,144817,65.1,39386,87,97.6,163882,56.2,163641,66.3,152704,68.6,41822,92.3,"A",4,4,4,4,"Metro",4,4,4,4
"806",2020,"MICHIGAN","MI","PRESQUE ISLE",26141,"PRESIDENT","DONALD J TRUMP","REPUBLICAN",5342,8344,20210622,"TOTAL",0.640220517737296,"11/30/2021",48,"Presque Isle County","MI",57.2,7201,7201,63.3,7047,66.2,3481,85,97.6,7489,59.5,7488,65.9,7348,69.1,3611,88.2,"B",8,8,8,8,"Non-metro",8,8,8,8
"807",2020,"MICHIGAN","MI","ROSCOMMON",26143,"PRESIDENT","DONALD J TRUMP","REPUBLICAN",9670,15018,20210622,"TOTAL",0.643893993874018,"11/30/2021",48,"Roscommon County","MI",53.4,12826,12826,58.9,12543,61.3,6301,78.9,97.6,13560,56.5,13558,62.3,13313,65,6637,83.1,"B",8,8,8,8,"Non-metro",8,8,8,8
"808",2020,"MICHIGAN","MI","SAGINAW",26145,"PRESIDENT","DONALD J TRUMP","REPUBLICAN",50785,103349,20210622,"TOTAL",0.491393240379684,"11/30/2021",48,"Saginaw County","MI",49.3,93859,93851,57.2,89030,59.5,31134,83.2,97.6,98785,51.8,98704,60.2,94083,62.9,32580,87.1,"C",11,12,12,12,"Metro",3,4,4,4
"809",2020,"MICHIGAN","MI","ST. CLAIR",26147,"PRESIDENT","DONALD J TRUMP","REPUBLICAN",59185,92064,20210622,"TOTAL",0.64286800486618,"11/30/2021",48,"St. Clair County","MI",46.8,74468,74466,53.6,71191,56.3,24544,79.5,97.6,78441,49.3,78427,56.5,75267,59.5,25832,83.7,"B",7,8,8,8,"Metro",3,4,4,4
"810",2020,"MICHIGAN","MI","ST. JOSEPH",26149,"PRESIDENT","DONALD J TRUMP","REPUBLICAN",18127,27936,20210622,"TOTAL",0.648876002290951,"11/30/2021",48,"St. Joseph County","MI",42.1,25673,25671,50,24378,52.7,8631,76.7,97.6,27249,44.7,27244,53.1,25975,56.2,9144,81.2,"C",11,12,12,12,"Non-metro",7,8,8,8
"811",2020,"MICHIGAN","MI","SANILAC",26151,"PRESIDENT","DONALD J TRUMP","REPUBLICAN",16194,22446,20210622,"TOTAL",0.721464848970863,"11/30/2021",48,"Sanilac County","MI",40.3,16594,16593,46.6,16076,49.7,6601,72.6,97.6,17498,42.5,17494,49.1,16976,52.5,6950,76.4,"B",7,7,7,8,"Non-metro",7,7,7,8
"812",2020,"MICHIGAN","MI","SCHOOLCRAFT",26153,"PRESIDENT","DONALD J TRUMP","REPUBLICAN",3090,4745,20210622,"TOTAL",0.651211801896733,"11/30/2021",48,"Schoolcraft County","MI",53,4293,4293,59.6,4110,61.3,1803,80.9,97.6,4432,54.8,4432,61.5,4268,63.7,1847,82.9,"C",12,12,12,12,"Non-metro",8,8,8,8
"813",2020,"MICHIGAN","MI","SHIAWASSEE",26155,"PRESIDENT","DONALD J TRUMP","REPUBLICAN",23149,39224,20210622,"TOTAL",0.590174383030798,"11/30/2021",48,"Shiawassee County","MI",48,32693,32689,55.2,31087,57.6,10623,81.9,97.6,34557,50.7,34546,58.3,32931,61,11132,85.8,"A",3,4,4,4,"Non-metro",7,8,8,8
"814",2020,"MICHIGAN","MI","TUSCOLA",26157,"PRESIDENT","DONALD J TRUMP","REPUBLICAN",20297,29445,20210622,"TOTAL",0.68931906945152,"11/30/2021",48,"Tuscola County","MI",43.2,22583,22582,49.5,21684,52.1,8569,78.8,97.6,23821,45.6,23815,52.2,22893,55,8922,82,"B",7,7,8,8,"Non-metro",7,7,8,8
"815",2020,"MICHIGAN","MI","VAN BUREN",26159,"PRESIDENT","DONALD J TRUMP","REPUBLICAN",21591,39066,20210622,"TOTAL",0.552680079864844,"11/30/2021",48,"Van Buren County","MI",52.6,39792,39789,61.9,37385,64.2,11861,84,97.6,41333,54.6,41315,64.3,39105,67.2,12448,88.1,"C",12,12,12,12,"Metro",4,4,4,4
"816",2020,"MICHIGAN","MI","WASHTENAW",26161,"PRESIDENT","DONALD J TRUMP","REPUBLICAN",56241,216418,20210622,"TOTAL",0.259872099363269,"11/30/2021",48,"Washtenaw County","MI",66.8,245629,245604,75.8,229056,76.4,50957,95.5,97.6,261456,71.1,261088,80.6,244310,81.5,52942,99.2,"A",4,4,4,4,"Metro",4,4,4,4
"817",2020,"MICHIGAN","MI","WAYNE",26163,"PRESIDENT","DONALD J TRUMP","REPUBLICAN",264553,872469,20210622,"TOTAL",0.303223381002649,"11/30/2021",48,"Wayne County","MI",49.6,868498,868472,58.9,816520,61.1,219304,79.3,97.6,948222,54.2,947852,64.2,894102,66.9,237039,85.7,"D",15,16,16,16,"Metro",3,4,4,4
"818",2020,"MICHIGAN","MI","WEXFORD",26165,"PRESIDENT","DONALD J TRUMP","REPUBLICAN",12102,18265,20210622,"TOTAL",0.662578702436354,"11/30/2021",48,"Wexford County","MI",48.2,16208,16208,56.8,15429,59.6,5557,84.4,97.6,16926,50.3,16926,59.3,16150,62.4,5752,87.4,"C",11,12,12,12,"Non-metro",7,8,8,8
"819",2020,"MINNESOTA","MN","AITKIN",27001,"PRESIDENT","DONALD J TRUMP","REPUBLICAN",6258,10025,20210622,"TOTAL",0.624239401496259,"11/30/2021",48,"Aitkin County","MN",55.5,8815,8804,61.7,8467,63.8,4274,79.5,94.4,9516,59.9,9404,65.9,9009,67.9,4500,83.8,"B",8,8,8,8,"Non-metro",8,8,8,8
"820",2020,"MINNESOTA","MN","ANOKA",27003,"PRESIDENT","DONALD J TRUMP","REPUBLICAN",104902,211132,20210622,"TOTAL",0.496855048026827,"11/30/2021",48,"Anoka County","MN",52.9,188769,188221,62.4,173777,63.9,41269,79.7,94.4,204243,57.2,197785,65.5,182558,67.1,43397,83.8,"A",4,4,4,4,"Metro",4,4,4,4
"821",2020,"MINNESOTA","MN","BECKER",27005,"PRESIDENT","DONALD J TRUMP","REPUBLICAN",12438,19401,20210622,"TOTAL",0.641100974176589,"11/30/2021",48,"Becker County","MN",50.4,17332,17301,59.6,16399,62.8,6443,88.6,94.4,19009,55.2,18736,64.5,17743,68,6953,95.6,"B",8,8,8,8,"Non-metro",8,8,8,8
"822",2020,"MINNESOTA","MN","BELTRAMI",27007,"PRESIDENT","DONALD J TRUMP","REPUBLICAN",12188,24189,20210622,"TOTAL",0.503865393360618,"11/30/2021",48,"Beltrami County","MN",58.2,27459,27357,70.1,25213,71.3,7290,93.8,94.4,31756,67.3,30459,78.1,27953,79.1,7710,99.2,"D",16,16,16,16,"Non-metro",8,8,8,8
"823",2020,"MINNESOTA","MN","BENTON",27009,"PRESIDENT","DONALD J TRUMP","REPUBLICAN",14382,22260,20210622,"TOTAL",0.646091644204852,"11/30/2021",48,"Benton County","MN",37.8,15468,15422,45.5,14289,46.9,3777,64.5,94.4,17157,42,16611,49,15428,50.6,4110,70.2,"B",6,7,7,7,"Metro",2,3,3,3
"824",2020,"MINNESOTA","MN","BIG STONE",27011,"PRESIDENT","DONALD J TRUMP","REPUBLICAN",1863,2974,20210622,"TOTAL",0.626429051782112,"11/30/2021",48,"Big Stone County","MN",59,2947,2941,68.8,2782,71.1,1202,89.8,94.4,3134,62.8,3089,72.2,2925,74.8,1268,94.7,"A",4,4,4,4,"Non-metro",8,8,8,8
"825",2020,"MINNESOTA","MN","BLUE EARTH",27013,"PRESIDENT","DONALD J TRUMP","REPUBLICAN",16731,36051,20210622,"TOTAL",0.464092535574603,"11/30/2021",48,"Blue Earth County","MN",55.6,37590,37419,63.9,35173,64.9,9239,96,94.4,40498,59.9,39376,67.2,36969,68.2,9576,99.5,"B",8,8,8,8,"Metro",4,4,4,4
"826",2020,"MINNESOTA","MN","BROWN",27015,"PRESIDENT","DONALD J TRUMP","REPUBLICAN",9552,14635,20210622,"TOTAL",0.652681926887598,"11/30/2021",48,"Brown County","MN",61.1,15280,15247,71.1,14407,73.7,5368,99.9,94.4,16205,64.8,15872,74,14964,76.5,5492,99.9,"A",4,4,4,4,"Non-metro",8,8,8,8
"827",2020,"MINNESOTA","MN","CARLTON",27017,"PRESIDENT","DONALD J TRUMP","REPUBLICAN",9791,20369,20210622,"TOTAL",0.480681427659679,"11/30/2021",48,"Carlton County","MN",58.7,21069,21032,68.2,19730,70.8,5697,91,94.4,22995,64.1,22326,72.4,20891,74.9,5949,95,"B",8,8,8,8,"Metro",4,4,4,4
"828",2020,"MINNESOTA","MN","CARVER",27019,"PRESIDENT","DONALD J TRUMP","REPUBLICAN",34009,66361,20210622,"TOTAL",0.512484742544567,"11/30/2021",48,"Carver County","MN",60,63053,62650,71.6,56800,73.4,11847,89.4,94.4,69842,66.5,66231,75.7,60125,77.7,12513,94.4,"A",4,4,4,4,"Metro",4,4,4,4
"829",2020,"MINNESOTA","MN","CASS",27021,"PRESIDENT","DONALD J TRUMP","REPUBLICAN",11620,18289,20210622,"TOTAL",0.635354584723058,"11/30/2021",48,"Cass County","MN",51.4,15298,15278,59.3,14471,61.4,6481,82.2,94.4,17168,57.7,16776,65.1,15843,67.2,6924,87.8,"B",8,8,8,8,"Non-metro",8,8,8,8
"830",2020,"MINNESOTA","MN","CHIPPEWA",27023,"PRESIDENT","DONALD J TRUMP","REPUBLICAN",4250,6611,20210622,"TOTAL",0.64286794736046,"11/30/2021",48,"Chippewa County","MN",48.8,5758,5751,58.3,5439,60.8,2145,83.6,94.4,6198,52.5,6125,62.1,5797,64.7,2243,87.4,"B",7,8,8,8,"Non-metro",7,8,8,8
"831",2020,"MINNESOTA","MN","CHISAGO",27025,"PRESIDENT","DONALD J TRUMP","REPUBLICAN",21916,34570,20210622,"TOTAL",0.633960080995082,"11/30/2021",48,"Chisago County","MN",52.4,29644,29590,61.3,27934,63.9,8557,95.7,94.4,32286,57.1,31642,65.5,29870,68.3,9240,99.9,"A",4,4,4,4,"Metro",4,4,4,4
"832",2020,"MINNESOTA","MN","CLAY",27027,"PRESIDENT","DONALD J TRUMP","REPUBLICAN",15043,32239,20210622,"TOTAL",0.466608765780576,"11/30/2021",48,"Clay County","MN",52.9,33960,33850,63.6,31336,64.9,7951,92.6,94.4,41758,65,40508,76.1,37382,77.4,9660,99.9,"A",4,4,4,4,"Metro",4,4,4,4
"833",2020,"MINNESOTA","MN","CLEARWATER",27029,"PRESIDENT","DONALD J TRUMP","REPUBLICAN",3372,4708,20210622,"TOTAL",0.716227697536109,"11/30/2021",48,"Clearwater County","MN",39.3,3466,3462,46.8,3299,49.7,1439,79.8,94.4,3705,42,3676,49.7,3499,52.7,1496,82.9,"D",14,15,15,16,"Non-metro",6,7,7,8
"834",2020,"MINNESOTA","MN","COOK",27031,"PRESIDENT","DONALD J TRUMP","REPUBLICAN",1203,3806,20210622,"TOTAL",0.316079873883342,"11/30/2021",48,"Cook County","MN",75,4095,4093,83.2,3936,84.8,1523,95.1,94.4,4465,81.7,4314,87.7,4143,89.3,1580,98.7,"A",4,4,4,4,"Non-metro",8,8,8,8
"835",2020,"MINNESOTA","MN","COTTONWOOD",27033,"PRESIDENT","DONALD J TRUMP","REPUBLICAN",4165,6107,20210622,"TOTAL",0.68200425740953,"11/30/2021",48,"Cottonwood County","MN",52,5819,5791,61.8,5452,64.6,2142,82.7,94.4,6195,55.3,6081,64.8,5719,67.8,2212,85.4,"B",8,8,8,8,"Non-metro",8,8,8,8
"836",2020,"MINNESOTA","MN","CROW WING",27035,"PRESIDENT","DONALD J TRUMP","REPUBLICAN",25676,40173,20210622,"TOTAL",0.639135737933438,"11/30/2021",48,"Crow Wing County","MN",52.4,34102,34043,60.7,32397,63.3,13354,89.3,94.4,36966,56.8,36272,64.7,34477,67.4,14212,95.1,"A",4,4,4,4,"Non-metro",8,8,8,8
"837",2020,"MINNESOTA","MN","DAKOTA",27037,"PRESIDENT","DONALD J TRUMP","REPUBLICAN",109638,262259,20210622,"TOTAL",0.418052383330982,"11/30/2021",48,"Dakota County","MN",62.5,268032,266734,73.9,244912,75.4,56273,89.3,94.4,293994,68.5,282918,78.4,260124,80,59442,94.3,"A",4,4,4,4,"Metro",4,4,4,4
"838",2020,"MINNESOTA","MN","DODGE",27039,"PRESIDENT","DONALD J TRUMP","REPUBLICAN",7783,12187,20210622,"TOTAL",0.638631328464758,"11/30/2021",48,"Dodge County","MN",54.7,11442,11402,65,10459,67.2,2765,87.1,94.4,12283,58.7,11840,67.4,10861,69.7,2814,88.7,"A",4,4,4,4,"Metro",4,4,4,4
"839",2020,"MINNESOTA","MN","DOUGLAS",27041,"PRESIDENT","DONALD J TRUMP","REPUBLICAN",15799,24165,20210622,"TOTAL",0.65379681357335,"11/30/2021",48,"Douglas County","MN",52.8,20152,20069,61.3,19060,63.7,7978,89.4,94.4,21888,57.4,21417,65.4,20341,67.9,8477,95,"A",4,4,4,4,"Non-metro",8,8,8,8
"840",2020,"MINNESOTA","MN","FARIBAULT",27043,"PRESIDENT","DONALD J TRUMP","REPUBLICAN",5191,7914,20210622,"TOTAL",0.655926206722264,"11/30/2021",48,"Faribault County","MN",53.5,7301,7291,62.1,6932,65.1,2851,89.8,94.4,7780,57,7650,65.1,7259,68.2,2934,92.4,"A",4,4,4,4,"Non-metro",8,8,8,8
"841",2020,"MINNESOTA","MN","FILLMORE",27045,"PRESIDENT","DONALD J TRUMP","REPUBLICAN",7301,12141,20210622,"TOTAL",0.601350794827444,"11/30/2021",48,"Fillmore County","MN",63.3,13338,13302,75.5,12472,78.6,4654,99.9,94.4,14567,69.1,14205,80.6,13302,83.8,5057,99.9,"A",4,4,4,4,"Metro",4,4,4,4
"842",2020,"MINNESOTA","MN","FREEBORN",27047,"PRESIDENT","DONALD J TRUMP","REPUBLICAN",9578,16818,20210622,"TOTAL",0.569508859555238,"11/30/2021",48,"Freeborn County","MN",52.6,15916,15879,61.1,15081,63.7,5745,84.2,94.4,17092,56.4,16696,64.3,15826,66.9,5928,86.8,"B",8,8,8,8,"Non-metro",8,8,8,8
"843",2020,"MINNESOTA","MN","GOODHUE",27049,"PRESIDENT","DONALD J TRUMP","REPUBLICAN",16052,28636,20210622,"TOTAL",0.560553149881268,"11/30/2021",48,"Goodhue County","MN",60.9,28218,28152,70.9,26350,73,8647,92.6,94.4,30441,65.7,29610,74.5,27680,76.7,9026,96.7,"A",4,4,4,4,"Non-metro",8,8,8,8
"844",2020,"MINNESOTA","MN","GRANT",27051,"PRESIDENT","DONALD J TRUMP","REPUBLICAN",2269,3654,20210622,"TOTAL",0.62096332785988,"11/30/2021",48,"Grant County","MN",51.1,3052,3052,60.1,2895,62.6,1201,83.8,94.4,3244,54.3,3201,63,3032,65.6,1244,86.8,"A",4,4,4,4,"Non-metro",8,8,8,8
"845",2020,"MINNESOTA","MN","HENNEPIN",27053,"PRESIDENT","DONALD J TRUMP","REPUBLICAN",205973,755969,20210622,"TOTAL",0.272462230594112,"11/30/2021",48,"Hennepin County","MN",67,847611,842869,78.2,785150,79.3,169048,92,94.4,940065,74.3,901771,83.6,840704,84.9,177672,96.7,"B",8,8,8,8,"Metro",4,4,4,4
"846",2020,"MINNESOTA","MN","HOUSTON",27055,"PRESIDENT","DONALD J TRUMP","REPUBLICAN",6334,11440,20210622,"TOTAL",0.553671328671329,"11/30/2021",48,"Houston County","MN",56.2,10456,10442,65.3,9916,68.2,3896,95,94.4,12064,64.9,11939,74.7,11338,78,4681,99.9,"A",4,4,4,4,"Metro",4,4,4,4
"847",2020,"MINNESOTA","MN","HUBBARD",27057,"PRESIDENT","DONALD J TRUMP","REPUBLICAN",8202,12965,20210622,"TOTAL",0.63262630158118,"11/30/2021",48,"Hubbard County","MN",44.1,9476,9464,51.1,9052,53.5,4161,76.7,94.4,10333,48.1,10177,55,9722,57.4,4483,82.7,"A",3,4,4,4,"Non-metro",7,8,8,8
"848",2020,"MINNESOTA","MN","ISANTI",27059,"PRESIDENT","DONALD J TRUMP","REPUBLICAN",16491,24235,20210622,"TOTAL",0.680462141530844,"11/30/2021",48,"Isanti County","MN",39,15813,15804,45.9,14868,47.9,4871,72.4,94.4,17295,42.6,17054,49.6,16066,51.7,5403,80.3,"A",2,3,3,4,"Metro",2,3,3,4
"849",2020,"MINNESOTA","MN","ITASCA",27061,"PRESIDENT","DONALD J TRUMP","REPUBLICAN",15239,26561,20210622,"TOTAL",0.573735928617145,"11/30/2021",48,"Itasca County","MN",52.5,23675,23637,60.3,22436,62.7,9049,83.2,94.4,25614,56.8,25095,64,23799,66.5,9558,87.9,"B",8,8,8,8,"Non-metro",8,8,8,8
"850",2020,"MINNESOTA","MN","JACKSON",27063,"PRESIDENT","DONALD J TRUMP","REPUBLICAN",3948,5819,20210622,"TOTAL",0.678467090565389,"11/30/2021",48,"Jackson County","MN",47.6,4685,4676,55,4456,57.6,1706,75,94.4,5062,51.4,5005,58.9,4762,61.5,1813,79.7,"A",3,4,4,4,"Non-metro",7,8,8,8
"851",2020,"MINNESOTA","MN","KANABEC",27065,"PRESIDENT","DONALD J TRUMP","REPUBLICAN",6278,9242,20210622,"TOTAL",0.679290196927072,"11/30/2021",48,"Kanabec County","MN",38.8,6339,6327,44.8,5962,46.4,2428,71,94.4,6883,42.1,6770,47.9,6373,49.6,2551,74.6,"B",6,7,7,8,"Non-metro",6,7,7,8
"852",2020,"MINNESOTA","MN","KANDIYOHI",27067,"PRESIDENT","DONALD J TRUMP","REPUBLICAN",14437,23367,20210622,"TOTAL",0.61783712072581,"11/30/2021",48,"Kandiyohi County","MN",49,21180,21118,58.4,20006,61.5,7204,87.4,94.4,23024,53.3,22647,62.6,21415,65.8,7549,91.6,"B",7,8,8,8,"Non-metro",7,8,8,8
"853",2020,"MINNESOTA","MN","KITTSON",27069,"PRESIDENT","DONALD J TRUMP","REPUBLICAN",1546,2639,20210622,"TOTAL",0.58582796513831,"11/30/2021",48,"Kittson County","MN",54.7,2352,2350,64,2236,66.7,915,85.6,94.4,2612,60.8,2590,70.6,2472,73.8,1026,96,"A",4,4,4,4,"Non-metro",8,8,8,8
"854",2020,"MINNESOTA","MN","KOOCHICHING",27071,"PRESIDENT","DONALD J TRUMP","REPUBLICAN",4131,6922,20210622,"TOTAL",0.596792834440913,"11/30/2021",48,"Koochiching County","MN",55.2,6751,6746,62,6501,64.6,2649,81.2,94.4,7085,57.9,7021,64.6,6766,67.2,2746,84.1,"B",8,8,8,8,"Non-metro",8,8,8,8
"855",2020,"MINNESOTA","MN","LAC QUI PARLE",27073,"PRESIDENT","DONALD J TRUMP","REPUBLICAN",2528,4040,20210622,"TOTAL",0.625742574257426,"11/30/2021",48,"Lac qui Parle County","MN",54.2,3588,3585,62.3,3386,64.4,1385,75,94.4,3803,57.4,3708,64.4,3494,66.4,1466,79.4,"A",4,4,4,4,"Non-metro",8,8,8,8
"856",2020,"MINNESOTA","MN","LAKE",27075,"PRESIDENT","DONALD J TRUMP","REPUBLICAN",3393,7202,20210622,"TOTAL",0.471119133574007,"11/30/2021",48,"Lake County","MN",62.1,6603,6584,70.7,6223,72.3,2391,83.7,94.4,6997,65.8,6804,73.1,6417,74.6,2459,86.1,"A",4,4,4,4,"Non-metro",8,8,8,8
"857",2020,"MINNESOTA","MN","LAKE OF THE WOODS",27077,"PRESIDENT","DONALD J TRUMP","REPUBLICAN",1704,2408,20210622,"TOTAL",0.707641196013289,"11/30/2021",48,"Lake of the Woods County","MN",52.1,1949,1947,59.1,1870,61.4,811,85.5,94.4,2063,55.2,2044,62,1963,64.4,852,89.8,"A",4,4,4,4,"Non-metro",8,8,8,8
"858",2020,"MINNESOTA","MN","LE SUEUR",27079,"PRESIDENT","DONALD J TRUMP","REPUBLICAN",10775,16818,20210622,"TOTAL",0.640682601974075,"11/30/2021",48,"Le Sueur County","MN",44,12722,12699,51.9,11879,54,3880,75.9,94.4,13703,47.4,13421,54.8,12514,56.9,4073,79.7,"A",3,4,4,4,"Metro",3,4,4,4
"859",2020,"MINNESOTA","MN","LINCOLN",27081,"PRESIDENT","DONALD J TRUMP","REPUBLICAN",2121,3115,20210622,"TOTAL",0.680898876404494,"11/30/2021",48,"Lincoln County","MN",49.2,2774,2772,58.1,2606,60.3,1136,80.3,94.4,2920,51.8,2858,60,2685,62.2,1201,84.9,"A",3,4,4,4,"Non-metro",7,8,8,8
"860",2020,"MINNESOTA","MN","LYON",27083,"PRESIDENT","DONALD J TRUMP","REPUBLICAN",7979,12893,20210622,"TOTAL",0.618862948886993,"11/30/2021",48,"Lyon County","MN",52.3,13315,13281,63.3,12445,65.8,3926,93.7,94.4,14228,55.9,13962,66.6,13087,69.2,4121,98.3,"B",8,8,8,8,"Non-metro",8,8,8,8
"861",2020,"MINNESOTA","MN","MCLEOD",27085,"PRESIDENT","DONALD J TRUMP","REPUBLICAN",13986,20933,20210622,"TOTAL",0.668131658147423,"11/30/2021",48,"McLeod County","MN",53.2,19111,19076,62.1,18040,65.1,6085,88.5,94.4,20539,57.2,20251,65.9,19130,69,6409,93.3,"A",4,4,4,4,"Non-metro",8,8,8,8
"862",2020,"MINNESOTA","MN","MAHNOMEN",27087,"PRESIDENT","DONALD J TRUMP","REPUBLICAN",1142,2304,20210622,"TOTAL",0.495659722222222,"11/30/2021",48,"Mahnomen County","MN",55,3038,3033,70.9,2832,75.1,1033,99.9,94.4,3415,61.8,3365,78.7,3127,83,1091,99.9,"D",16,16,16,16,"Non-metro",8,8,8,8
"863",2020,"MINNESOTA","MN","MARSHALL",27089,"PRESIDENT","DONALD J TRUMP","REPUBLICAN",3721,5113,20210622,"TOTAL",0.727752787013495,"11/30/2021",48,"Marshall County","MN",46.8,4366,4361,55.2,4138,57.5,1589,76.3,94.4,4807,51.5,4719,59.8,4477,62.2,1743,83.7,"A",3,4,4,4,"Non-metro",7,8,8,8
"864",2020,"MINNESOTA","MN","MARTIN",27091,"PRESIDENT","DONALD J TRUMP","REPUBLICAN",7480,11009,20210622,"TOTAL",0.679444091198111,"11/30/2021",48,"Martin County","MN",51.8,10201,10192,60.4,9739,63.4,3926,82.7,94.4,10816,55,10664,63.2,10180,66.2,4098,86.3,"A",4,4,4,4,"Non-metro",8,8,8,8
"865",2020,"MINNESOTA","MN","MEEKER",27093,"PRESIDENT","DONALD J TRUMP","REPUBLICAN",9359,13529,20210622,"TOTAL",0.691773227880848,"11/30/2021",48,"Meeker County","MN",43.7,10142,10122,51.6,9621,54.6,3820,80.2,94.4,10875,46.8,10721,54.6,10185,57.8,4029,84.6,"A",3,4,4,4,"Non-metro",7,8,8,8
"866",2020,"MINNESOTA","MN","MILLE LACS",27095,"PRESIDENT","DONALD J TRUMP","REPUBLICAN",9952,14689,20210622,"TOTAL",0.677513785826128,"11/30/2021",48,"Mille Lacs County","MN",53,13923,13907,62.7,13198,65.8,4875,99.7,94.4,15014,57.1,14860,67,14040,70,5224,99.9,"C",12,12,12,12,"Metro",4,4,4,4
"867",2020,"MINNESOTA","MN","MORRISON",27097,"PRESIDENT","DONALD J TRUMP","REPUBLICAN",14821,19558,20210622,"TOTAL",0.757797320789447,"11/30/2021",48,"Morrison County","MN",44.3,14798,14771,52.2,14091,55,5625,84.2,94.4,16918,50.7,16653,58.8,15905,62,6064,90.7,"B",7,8,8,8,"Non-metro",7,8,8,8
"868",2020,"MINNESOTA","MN","MOWER",27099,"PRESIDENT","DONALD J TRUMP","REPUBLICAN",10025,19345,20210622,"TOTAL",0.518221762729387,"11/30/2021",48,"Mower County","MN",56.3,22573,22522,67.3,20862,69.5,6562,88.4,94.4,24512,61.2,23836,71.3,22038,73.4,6705,90.4,"C",12,12,12,12,"Non-metro",8,8,8,8
"869",2020,"MINNESOTA","MN","MURRAY",27101,"PRESIDENT","DONALD J TRUMP","REPUBLICAN",3363,4896,20210622,"TOTAL",0.686887254901961,"11/30/2021",48,"Murray County","MN",50.5,4137,4134,58.6,3942,61.2,1646,77.2,94.4,4470,54.6,4387,62.2,4165,64.7,1745,81.8,"A",4,4,4,4,"Non-metro",8,8,8,8
"870",2020,"MINNESOTA","MN","NICOLLET",27103,"PRESIDENT","DONALD J TRUMP","REPUBLICAN",9018,19125,20210622,"TOTAL",0.471529411764706,"11/30/2021",48,"Nicollet County","MN",57.2,19617,19513,66.4,18013,67.3,4882,85.3,94.4,21212,61.9,20480,69.7,18879,70.6,5056,88.3,"B",8,8,8,8,"Metro",4,4,4,4
"871",2020,"MINNESOTA","MN","NOBLES",27105,"PRESIDENT","DONALD J TRUMP","REPUBLICAN",5600,8715,20210622,"TOTAL",0.642570281124498,"11/30/2021",48,"Nobles County","MN",55.3,11954,11941,68.2,11195,71.4,3174,87.5,94.4,13100,60.6,12706,72.6,11882,75.8,3373,93,"D",16,16,16,16,"Non-metro",8,8,8,8
"872",2020,"MINNESOTA","MN","NORMAN",27107,"PRESIDENT","DONALD J TRUMP","REPUBLICAN",1953,3441,20210622,"TOTAL",0.567567567567568,"11/30/2021",48,"Norman County","MN",56.1,3579,3564,66.3,3339,69.1,1228,89.6,94.4,3919,61.5,3852,71.6,3601,74.6,1317,96.1,"B",8,8,8,8,"Non-metro",8,8,8,8
"873",2020,"MINNESOTA","MN","OLMSTED",27109,"PRESIDENT","DONALD J TRUMP","REPUBLICAN",39692,91385,20210622,"TOTAL",0.434338239317175,"11/30/2021",48,"Olmsted County","MN",69,109203,108761,82.1,100022,83.6,23007,91.2,94.4,120251,76,114588,86.5,105343,88.1,23850,94.5,"B",8,8,8,8,"Metro",4,4,4,4
"874",2020,"MINNESOTA","MN","OTTER TAIL",27111,"PRESIDENT","DONALD J TRUMP","REPUBLICAN",23800,36399,20210622,"TOTAL",0.653864117146075,"11/30/2021",48,"Otter Tail County","MN",46.8,27514,27460,54.7,26068,56.7,11316,78.8,94.4,29983,51,29529,58.8,28065,61.1,12310,85.7,"A",3,4,4,4,"Non-metro",7,8,8,8
"875",2020,"MINNESOTA","MN","PENNINGTON",27113,"PRESIDENT","DONALD J TRUMP","REPUBLICAN",4532,7277,20210622,"TOTAL",0.622784114332829,"11/30/2021",48,"Pennington County","MN",49.3,6954,6950,58.1,6501,59.6,2060,77.4,94.4,7168,50.8,NA,0,NA,0,NA,0,"B",7,8,8,8,"Non-metro",7,8,8,8
"876",2020,"MINNESOTA","MN","PINE",27115,"PRESIDENT","DONALD J TRUMP","REPUBLICAN",10256,16001,20210622,"TOTAL",0.64095994000375,"11/30/2021",48,"Pine County","MN",45,13314,13301,51.2,12757,53.4,4875,76.7,94.4,14437,48.8,14230,54.8,13623,57,5175,81.4,"B",7,8,8,8,"Non-metro",7,8,8,8
"877",2020,"MINNESOTA","MN","PIPESTONE",27117,"PRESIDENT","DONALD J TRUMP","REPUBLICAN",3553,4940,20210622,"TOTAL",0.719230769230769,"11/30/2021",48,"Pipestone County","MN",50.5,4605,4602,61.1,4351,64.5,1753,92.6,94.4,4898,53.7,4851,64.4,4576,67.9,1808,95.5,"B",8,8,8,8,"Non-metro",8,8,8,8
"878",2020,"MINNESOTA","MN","POLK",27119,"PRESIDENT","DONALD J TRUMP","REPUBLICAN",9865,15594,20210622,"TOTAL",0.632615108375016,"11/30/2021",48,"Polk County","MN",53.1,16665,16647,63.4,15638,66.1,4965,86,94.4,18873,60.2,18527,70.6,17356,73.4,5738,99.4,"B",8,8,8,8,"Metro",4,4,4,4
"879",2020,"MINNESOTA","MN","POPE",27121,"PRESIDENT","DONALD J TRUMP","REPUBLICAN",4417,7022,20210622,"TOTAL",0.629023070350328,"11/30/2021",48,"Pope County","MN",52.1,5864,5851,60.5,5556,62.5,2372,85.2,94.4,6350,56.4,6227,64.4,5913,66.6,2505,90,"A",4,4,4,4,"Non-metro",8,8,8,8
"880",2020,"MINNESOTA","MN","RAMSEY",27123,"PRESIDENT","DONALD J TRUMP","REPUBLICAN",77376,295977,20210622,"TOTAL",0.261425718890319,"11/30/2021",48,"Ramsey County","MN",64.1,352860,350848,75.8,324913,76.9,75063,91.7,94.4,391413,71.1,376867,81.5,349037,82.6,78611,96.1,"C",12,12,12,12,"Metro",4,4,4,4
"881",2020,"MINNESOTA","MN","RED LAKE",27125,"PRESIDENT","DONALD J TRUMP","REPUBLICAN",1454,2196,20210622,"TOTAL",0.662112932604736,"11/30/2021",48,"Red Lake County","MN",52.4,2123,2122,62.2,1988,64.6,729,83.4,94.4,2342,57.8,2303,67.5,2152,69.9,795,91,"A",4,4,4,4,"Non-metro",8,8,8,8
"882",2020,"MINNESOTA","MN","REDWOOD",27127,"PRESIDENT","DONALD J TRUMP","REPUBLICAN",5771,8284,20210622,"TOTAL",0.696644133268952,"11/30/2021",48,"Redwood County","MN",49.8,7553,7539,59.2,7096,62.3,2744,83.8,94.4,7999,52.7,7858,61.7,7385,64.8,2817,86.1,"A",3,4,4,4,"Non-metro",7,8,8,8
"883",2020,"MINNESOTA","MN","RENVILLE",27129,"PRESIDENT","DONALD J TRUMP","REPUBLICAN",5467,8128,20210622,"TOTAL",0.672613188976378,"11/30/2021",48,"Renville County","MN",50.5,7350,7334,59.7,6985,62.6,2663,86.9,94.4,7809,53.7,7708,62.7,7324,65.6,2740,89.4,"A",4,4,4,4,"Non-metro",8,8,8,8
"884",2020,"MINNESOTA","MN","RICE",27131,"PRESIDENT","DONALD J TRUMP","REPUBLICAN",17464,35686,20210622,"TOTAL",0.489379588634198,"11/30/2021",48,"Rice County","MN",58,38874,38737,67.4,35992,68.6,10206,96.4,94.4,41738,62.3,40643,70.7,37741,72,10492,99.1,"B",8,8,8,8,"Non-metro",8,8,8,8
"885",2020,"MINNESOTA","MN","ROCK",27133,"PRESIDENT","DONALD J TRUMP","REPUBLICAN",3583,5240,20210622,"TOTAL",0.683778625954198,"11/30/2021",48,"Rock County","MN",50.1,4665,4644,58.9,4320,61.8,1729,90.5,94.4,5290,56.8,5174,65.7,4809,68.8,1912,99.9,"A",4,4,4,4,"Non-metro",8,8,8,8
"886",2020,"MINNESOTA","MN","ROSEAU",27135,"PRESIDENT","DONALD J TRUMP","REPUBLICAN",6065,8421,20210622,"TOTAL",0.720223251395321,"11/30/2021",48,"Roseau County","MN",48.2,7307,7303,57,6892,59.9,2313,84.1,94.4,7851,51.8,7795,60.9,7371,64.1,2462,89.5,"A",3,4,4,4,"Non-metro",7,8,8,8
"887",2020,"MINNESOTA","MN","SAINT LOUIS",27137,"PRESIDENT","DONALD J TRUMP","REPUBLICAN",49017,119531,20210622,"TOTAL",0.41007772042399,"11/30/2021",48,"St. Louis County","MN",61.3,122012,121636,69.7,114798,71.1,35788,89.7,94.4,135152,67.9,131022,75.1,123708,76.6,38163,95.6,"B",8,8,8,8,"Metro",4,4,4,4
"888",2020,"MINNESOTA","MN","SCOTT",27139,"PRESIDENT","DONALD J TRUMP","REPUBLICAN",45872,87965,20210622,"TOTAL",0.521480134144262,"11/30/2021",48,"Scott County","MN",62.6,93310,92881,75.4,84299,77.6,16385,96.9,94.4,101906,68.4,97846,79.5,88876,81.8,17120,99.9,"A",4,4,4,4,"Metro",4,4,4,4
"889",2020,"MINNESOTA","MN","SHERBURNE",27141,"PRESIDENT","DONALD J TRUMP","REPUBLICAN",36222,55612,20210622,"TOTAL",0.651334244407682,"11/30/2021",48,"Sherburne County","MN",41,39895,39792,49.2,36819,51.3,8896,78,94.4,43800,45,42653,52.8,39553,55.1,9774,85.7,"A",3,3,4,4,"Metro",3,3,4,4
"890",2020,"MINNESOTA","MN","SIBLEY",27143,"PRESIDENT","DONALD J TRUMP","REPUBLICAN",5864,8452,20210622,"TOTAL",0.69380028395646,"11/30/2021",48,"Sibley County","MN",44.5,6616,6605,52,6272,54.8,2202,78.4,94.4,7148,48.1,6993,55.1,6640,58,2294,81.6,"A",3,4,4,4,"Metro",3,4,4,4
"891",2020,"MINNESOTA","MN","STEARNS",27145,"PRESIDENT","DONALD J TRUMP","REPUBLICAN",50959,84835,20210622,"TOTAL",0.600683680084871,"11/30/2021",48,"Stearns County","MN",53.3,85874,85553,62.8,80311,64.9,24177,97,94.4,92895,57.7,90989,66.8,85366,69,25179,99.9,"B",8,8,8,8,"Metro",4,4,4,4
"892",2020,"MINNESOTA","MN","STEELE",27147,"PRESIDENT","DONALD J TRUMP","REPUBLICAN",12656,21128,20210622,"TOTAL",0.599015524422567,"11/30/2021",48,"Steele County","MN",55.5,20340,20280,65.7,18845,68.2,5887,87.8,94.4,21976,60,21299,69,19796,71.6,6071,90.5,"B",8,8,8,8,"Non-metro",8,8,8,8
"893",2020,"MINNESOTA","MN","STEVENS",27149,"PRESIDENT","DONALD J TRUMP","REPUBLICAN",3044,5085,20210622,"TOTAL",0.598623402163225,"11/30/2021",48,"Stevens County","MN",52.8,5177,5164,61.6,4875,63.3,1480,87,94.4,5587,57,5440,64.9,5138,66.7,1537,90.3,"A",4,4,4,4,"Non-metro",8,8,8,8
"894",2020,"MINNESOTA","MN","SWIFT",27151,"PRESIDENT","DONALD J TRUMP","REPUBLICAN",3316,5193,20210622,"TOTAL",0.638551896784132,"11/30/2021",48,"Swift County","MN",53.1,4917,4911,62.6,4639,65.2,1807,86.9,94.4,5313,57.3,5202,66.3,4907,69,1859,89.4,"B",8,8,8,8,"Non-metro",8,8,8,8
"895",2020,"MINNESOTA","MN","TODD",27153,"PRESIDENT","DONALD J TRUMP","REPUBLICAN",9753,13257,20210622,"TOTAL",0.735686806969903,"11/30/2021",48,"Todd County","MN",38.7,9555,9544,46.2,9153,48.8,3771,69.2,94.4,10209,41.4,10104,48.9,9670,51.5,3963,72.7,"B",6,7,7,7,"Non-metro",6,7,7,7
"896",2020,"MINNESOTA","MN","TRAVERSE",27155,"PRESIDENT","DONALD J TRUMP","REPUBLICAN",1172,1864,20210622,"TOTAL",0.628755364806867,"11/30/2021",48,"Traverse County","MN",58.4,1904,1900,67.8,1817,70.5,778,94,94.4,2075,63.7,2048,73,1948,75.5,816,98.6,"B",8,8,8,8,"Non-metro",8,8,8,8
"897",2020,"MINNESOTA","MN","WABASHA",27157,"PRESIDENT","DONALD J TRUMP","REPUBLICAN",8153,13123,20210622,"TOTAL",0.621275622952069,"11/30/2021",48,"Wabasha County","MN",67.6,14618,14591,78.6,13739,81.1,5255,99.9,94.4,15991,73.9,15686,84.5,14782,87.2,5784,99.9,"A",4,4,4,4,"Metro",4,4,4,4
"898",2020,"MINNESOTA","MN","WADENA",27159,"PRESIDENT","DONALD J TRUMP","REPUBLICAN",5520,7677,20210622,"TOTAL",0.719030871434154,"11/30/2021",48,"Wadena County","MN",45.8,6263,6260,55.1,6033,59.5,2629,90,94.4,6799,49.7,6699,59,6439,63.5,2925,99.9,"C",11,12,12,12,"Non-metro",7,8,8,8
"899",2020,"MINNESOTA","MN","WASECA",27161,"PRESIDENT","DONALD J TRUMP","REPUBLICAN",6624,10389,20210622,"TOTAL",0.637597458850708,"11/30/2021",48,"Waseca County","MN",52.6,9787,9762,61.5,9161,64.1,2987,86.3,94.4,10416,56,NA,0,NA,0,NA,0,"B",8,8,8,8,"Non-metro",8,8,8,8
"900",2020,"MINNESOTA","MN","WASHINGTON",27163,"PRESIDENT","DONALD J TRUMP","REPUBLICAN",73764,166786,20210622,"TOTAL",0.442267336587004,"11/30/2021",48,"Washington County","MN",62.6,164342,163558,73.7,149194,75.1,37515,91.8,94.4,182004,69.4,173292,78.1,158539,79.8,40016,97.9,"A",4,4,4,4,"Metro",4,4,4,4
"901",2020,"MINNESOTA","MN","WATONWAN",27165,"PRESIDENT","DONALD J TRUMP","REPUBLICAN",3103,5201,20210622,"TOTAL",0.596616035377812,"11/30/2021",48,"Watonwan County","MN",53,5774,5762,63.3,5392,65.3,1869,83.7,94.4,6042,55.4,5939,65.3,5521,66.9,1880,84.2,"C",12,12,12,12,"Non-metro",8,8,8,8
"902",2020,"MINNESOTA","MN","WILKIN",27167,"PRESIDENT","DONALD J TRUMP","REPUBLICAN",2328,3430,20210622,"TOTAL",0.678717201166181,"11/30/2021",48,"Wilkin County","MN",51.1,3173,3167,59.8,2987,62.1,1117,91.6,94.4,3687,59.4,3631,68.5,3430,71.3,1330,99.9,"A",4,4,4,4,"Non-metro",8,8,8,8
"903",2020,"MINNESOTA","MN","WINONA",27169,"PRESIDENT","DONALD J TRUMP","REPUBLICAN",13227,27173,20210622,"TOTAL",0.486769955470504,"11/30/2021",48,"Winona County","MN",59.4,30003,29801,66.7,28006,67.5,9020,99.9,94.4,33239,65.8,32181,72,30272,72.9,9909,99.9,"A",4,4,4,4,"Non-metro",8,8,8,8
"904",2020,"MINNESOTA","MN","WRIGHT",27171,"PRESIDENT","DONALD J TRUMP","REPUBLICAN",51973,82426,20210622,"TOTAL",0.630541334045083,"11/30/2021",48,"Wright County","MN",49.3,68242,68071,59.8,62744,62.7,15988,89,94.4,73446,53.1,71306,62.7,65693,65.7,16607,92.4,"A",3,4,4,4,"Metro",3,4,4,4
"905",2020,"MINNESOTA","MN","YELLOW MEDICINE",27173,"PRESIDENT","DONALD J TRUMP","REPUBLICAN",3734,5528,20210622,"TOTAL",0.675470332850941,"11/30/2021",48,"Yellow Medicine County","MN",53.4,5181,5170,62.5,4917,65.9,1923,95.2,94.4,5501,56.7,5441,65.8,5170,69.2,2021,99.9,"B",8,8,8,8,"Non-metro",8,8,8,8
"906",2020,"MISSISSIPPI","MS","ADAMS",28001,"PRESIDENT","DONALD J TRUMP","REPUBLICAN",5696,13759,20210622,"TOTAL",0.413983574387674,"11/30/2021",48,"Adams County","MS",49.6,15233,15231,57.1,14511,59,4996,83.2,98.3,17723,57.7,17654,66.2,16746,68.1,5561,92.6,"D",15,16,16,16,"Non-metro",7,8,8,8
"907",2020,"MISSISSIPPI","MS","ALCORN",28003,"PRESIDENT","DONALD J TRUMP","REPUBLICAN",12818,15793,20210622,"TOTAL",0.811625403659849,"11/30/2021",48,"Alcorn County","MS",35.7,13204,13203,41.7,12701,44.3,4672,67.1,98.3,15149,41,15114,47.7,14469,50.5,5105,73.3,"C",10,11,11,11,"Non-metro",6,7,7,7
"908",2020,"MISSISSIPPI","MS","AMITE",28005,"PRESIDENT","DONALD J TRUMP","REPUBLICAN",4503,7196,20210622,"TOTAL",0.625764313507504,"11/30/2021",48,"Amite County","MS",36.4,4476,4476,42,4271,43.6,1718,57.9,98.3,5073,41.3,5058,47.4,4818,49.1,1842,62.1,"D",14,15,15,15,"Non-metro",6,7,7,7
"909",2020,"MISSISSIPPI","MS","ATTALA",28007,"PRESIDENT","DONALD J TRUMP","REPUBLICAN",5178,8823,20210622,"TOTAL",0.586875212512751,"11/30/2021",48,"Attala County","MS",49.2,8937,8937,58.8,8429,61.8,3030,85.7,98.3,10199,56.1,10157,66.8,9509,69.7,3250,91.9,"D",15,16,16,16,"Non-metro",7,8,8,8
"910",2020,"MISSISSIPPI","MS","BENTON",28009,"PRESIDENT","DONALD J TRUMP","REPUBLICAN",2570,4289,20210622,"TOTAL",0.599207274422942,"11/30/2021",48,"Benton County","MS",46.9,3873,3873,54.3,3704,57,1272,81.2,98.3,4444,53.8,4433,62.2,4220,64.9,1374,87.7,"C",11,12,12,12,"Metro",3,4,4,4
"911",2020,"MISSISSIPPI","MS","BOLIVAR",28011,"PRESIDENT","DONALD J TRUMP","REPUBLICAN",4671,13744,20210622,"TOTAL",0.339857392316647,"11/30/2021",48,"Bolivar County","MS",53.8,16485,16484,64.5,15500,67,4590,91.9,98.3,18706,61.1,18628,72.9,17381,75.1,4930,98.7,"D",16,16,16,16,"Non-metro",8,8,8,8
"912",2020,"MISSISSIPPI","MS","CALHOUN",28013,"PRESIDENT","DONALD J TRUMP","REPUBLICAN",4625,6590,20210622,"TOTAL",0.701820940819423,"11/30/2021",48,"Calhoun County","MS",40.5,5822,5821,47.4,5627,51,1952,69.8,98.3,6713,46.7,6702,54.6,6468,58.6,2082,74.4,"D",15,15,16,15,"Non-metro",7,7,8,7
"913",2020,"MISSISSIPPI","MS","CARROLL",28015,"PRESIDENT","DONALD J TRUMP","REPUBLICAN",3924,5701,20210622,"TOTAL",0.688300298193299,"11/30/2021",48,"Carroll County","MS",38,3778,3777,42.8,3580,44.3,1343,55.7,98.3,4227,42.5,4219,47.8,3985,49.3,1466,60.8,"C",10,11,11,11,"Non-metro",6,7,7,7
"914",2020,"MISSISSIPPI","MS","CHICKASAW",28017,"PRESIDENT","DONALD J TRUMP","REPUBLICAN",4175,8141,20210622,"TOTAL",0.512836260901609,"11/30/2021",48,"Chickasaw County","MS",44.8,7669,7668,53.8,7356,57.3,2594,86.4,98.3,8646,50.6,8628,60.5,8251,64.3,2803,93.4,"D",15,16,16,16,"Non-metro",7,8,8,8
"915",2020,"MISSISSIPPI","MS","CHOCTAW",28019,"PRESIDENT","DONALD J TRUMP","REPUBLICAN",3001,4223,20210622,"TOTAL",0.710632251953587,"11/30/2021",48,"Choctaw County","MS",33.1,2716,2716,38.4,2556,39.6,933,51,98.3,3131,38.1,3126,44.2,2938,45.5,997,54.5,"D",14,14,14,15,"Non-metro",6,6,6,7
"916",2020,"MISSISSIPPI","MS","CLAIBORNE",28021,"PRESIDENT","DONALD J TRUMP","REPUBLICAN",603,4449,20210622,"TOTAL",0.135536075522589,"11/30/2021",48,"Claiborne County","MS",49.4,4436,4436,57.4,4041,56.9,1186,79.1,98.3,5126,57,5066,65.5,4601,64.7,1281,85.5,"D",15,16,16,16,"Non-metro",7,8,8,8
"917",2020,"MISSISSIPPI","MS","CLARKE",28023,"PRESIDENT","DONALD J TRUMP","REPUBLICAN",5417,8338,20210622,"TOTAL",0.649676181338451,"11/30/2021",48,"Clarke County","MS",53,8232,8232,61.6,7868,64.8,2634,81.3,98.3,9352,60.2,9332,69.9,8897,73.3,2826,87.2,"C",12,12,12,12,"Non-metro",8,8,8,8
"918",2020,"MISSISSIPPI","MS","CLAY",28025,"PRESIDENT","DONALD J TRUMP","REPUBLICAN",4181,10189,20210622,"TOTAL",0.410344489154971,"11/30/2021",48,"Clay County","MS",42.3,8172,8172,49.3,7722,51.5,2726,74.7,98.3,9222,47.7,9190,55.4,8642,57.6,2914,79.9,"C",11,11,12,12,"Non-metro",7,7,8,8
"919",2020,"MISSISSIPPI","MS","COAHOMA",28027,"PRESIDENT","DONALD J TRUMP","REPUBLICAN",2375,8501,20210622,"TOTAL",0.2793788966004,"11/30/2021",48,"Coahoma County","MS",46.4,10274,10273,57,9516,58.9,2877,81.2,98.3,11698,52.9,11646,64.7,10756,66.6,3089,87.2,"D",15,16,16,16,"Non-metro",7,8,8,8
"920",2020,"MISSISSIPPI","MS","COPIAH",28029,"PRESIDENT","DONALD J TRUMP","REPUBLICAN",6250,12883,20210622,"TOTAL",0.485135449817589,"11/30/2021",48,"Copiah County","MS",49.2,13796,13795,57.6,12854,59.2,4071,79.3,98.3,15663,55.8,15589,65.1,14437,66.5,4375,85.2,"D",15,16,16,16,"Metro",3,4,4,4
"921",2020,"MISSISSIPPI","MS","COVINGTON",28031,"PRESIDENT","DONALD J TRUMP","REPUBLICAN",5854,9360,20210622,"TOTAL",0.62542735042735,"11/30/2021",48,"Covington County","MS",46.3,8625,8625,55.2,8189,58.2,2719,85,98.3,9921,53.2,9897,63.3,9350,66.4,2935,91.7,"D",15,16,16,16,"Non-metro",7,8,8,8
"922",2020,"MISSISSIPPI","MS","DESOTO",28033,"PRESIDENT","DONALD J TRUMP","REPUBLICAN",46462,76124,20210622,"TOTAL",0.610346277126793,"11/30/2021",48,"DeSoto County","MS",48.5,89638,89637,57.6,82933,60.1,20310,82.9,98.3,105034,56.8,104246,67,95935,69.5,22707,92.7,"B",7,8,8,8,"Metro",3,4,4,4
"923",2020,"MISSISSIPPI","MS","FORREST",28035,"PRESIDENT","DONALD J TRUMP","REPUBLICAN",17290,31654,20210622,"TOTAL",0.546218487394958,"11/30/2021",48,"Forrest County","MS",38.1,28536,28534,45.3,26932,46.8,7170,68.9,98.3,33194,44.3,33047,52.4,31082,54,7656,73.5,"D",14,15,15,15,"Metro",2,3,3,3
"924",2020,"MISSISSIPPI","MS","FRANKLIN",28037,"PRESIDENT","DONALD J TRUMP","REPUBLICAN",2923,4461,20210622,"TOTAL",0.655234252409774,"11/30/2021",48,"Franklin County","MS",43.9,3387,3387,51.1,3203,53.7,1099,68.6,98.3,3825,49.6,3825,57.7,3599,60.3,1171,73.1,"C",11,12,12,11,"Non-metro",7,8,8,7
"925",2020,"MISSISSIPPI","MS","GEORGE",28039,"PRESIDENT","DONALD J TRUMP","REPUBLICAN",9713,11049,20210622,"TOTAL",0.87908408000724,"11/30/2021",48,"George County","MS",37.3,9135,9134,45.5,8837,49,3035,84.8,98.3,10516,42.9,10491,52.2,10120,56.2,3228,90.2,"C",10,11,11,12,"Non-metro",6,7,7,8
"926",2020,"MISSISSIPPI","MS","GREENE",28041,"PRESIDENT","DONALD J TRUMP","REPUBLICAN",4794,5812,20210622,"TOTAL",0.824845147969718,"11/30/2021",48,"Greene County","MS",34.8,4726,4725,39.6,4566,41.6,1179,56.8,98.3,5255,38.7,5250,44,5068,46.2,1263,60.9,"C",10,10,11,11,"Non-metro",6,6,7,7
"927",2020,"MISSISSIPPI","MS","GRENADA",28043,"PRESIDENT","DONALD J TRUMP","REPUBLICAN",6081,10911,20210622,"TOTAL",0.557327467693154,"11/30/2021",48,"Grenada County","MS",48.6,10083,10083,57.5,9514,60,3121,83,98.3,11330,54.6,11306,64.4,10596,66.9,3291,87.5,"D",15,16,16,16,"Non-metro",7,8,8,8
"928",2020,"MISSISSIPPI","MS","HANCOCK",28045,"PRESIDENT","DONALD J TRUMP","REPUBLICAN",16132,20957,20210622,"TOTAL",0.769766665076108,"11/30/2021",48,"Hancock County","MS",37.5,17877,17875,42.9,17166,45,6334,64.4,98.3,21105,44.3,21011,50.4,20109,52.7,7141,72.6,"C",10,11,11,11,"Metro",2,3,3,3
"929",2020,"MISSISSIPPI","MS","HARRISON",28047,"PRESIDENT","DONALD J TRUMP","REPUBLICAN",46822,75768,20210622,"TOTAL",0.617965367965368,"11/30/2021",48,"Harrison County","MS",49.6,103237,103227,58.9,97889,61.7,26502,82.6,98.3,122486,58.9,121720,69.5,115157,72.6,31025,96.7,"D",15,16,16,16,"Metro",3,4,4,4
"930",2020,"MISSISSIPPI","MS","HINDS",28049,"PRESIDENT","DONALD J TRUMP","REPUBLICAN",25141,99995,20210622,"TOTAL",0.251422571128556,"11/30/2021",48,"Hinds County","MS",52.8,122511,122496,62.6,113448,64.3,29992,87.5,98.3,138517,59.7,137450,70.3,126627,71.7,32087,93.6,"D",16,16,16,16,"Metro",4,4,4,4
"931",2020,"MISSISSIPPI","MS","HOLMES",28051,"PRESIDENT","DONALD J TRUMP","REPUBLICAN",1369,8115,20210622,"TOTAL",0.168699938385705,"11/30/2021",48,"Holmes County","MS",53.3,9070,9070,63.6,8369,65.6,2434,91.2,98.3,10208,60,10164,71.3,9324,73.1,2570,96.3,"D",16,16,16,16,"Non-metro",8,8,8,8
"932",2020,"MISSISSIPPI","MS","HUMPHREYS",28053,"PRESIDENT","DONALD J TRUMP","REPUBLICAN",1118,4189,20210622,"TOTAL",0.266889472427787,"11/30/2021",48,"Humphreys County","MS",52.7,4249,4247,63,3888,65.2,1159,81.2,98.3,5037,62.5,4980,73.9,4530,76,1274,89.2,"D",16,16,16,16,"Non-metro",8,8,8,8
"933",2020,"MISSISSIPPI","MS","ISSAQUENA",28055,"PRESIDENT","DONALD J TRUMP","REPUBLICAN",308,676,20210622,"TOTAL",0.455621301775148,"11/30/2021",48,"Issaquena County","MS",34,451,451,36.2,436,36.8,86,38.9,98.3,502,37.8,502,40.3,484,40.8,89,40.3,"D",14,14,14,14,"Non-metro",6,6,6,6
"934",2020,"MISSISSIPPI","MS","ITAWAMBA",28057,"PRESIDENT","DONALD J TRUMP","REPUBLICAN",9438,10819,20210622,"TOTAL",0.872354191699787,"11/30/2021",48,"Itawamba County","MS",32.4,7577,7577,37.7,7322,39.9,2800,66.5,98.3,8470,36.2,8462,42.1,8155,44.4,2997,71.1,"C",10,10,10,11,"Non-metro",6,6,6,7
"935",2020,"MISSISSIPPI","MS","JACKSON",28059,"PRESIDENT","DONALD J TRUMP","REPUBLICAN",36295,54543,20210622,"TOTAL",0.665438278055846,"11/30/2021",48,"Jackson County","MS",42.5,61015,61010,49.8,57353,51.9,17027,72.6,98.3,70767,49.3,70415,57.5,65914,59.7,18450,78.7,"C",11,11,12,12,"Metro",3,3,4,4
"936",2020,"MISSISSIPPI","MS","JASPER",28061,"PRESIDENT","DONALD J TRUMP","REPUBLICAN",4302,8736,20210622,"TOTAL",0.492445054945055,"11/30/2021",48,"Jasper County","MS",45.7,7483,7483,53.6,7039,55.3,2512,73.9,98.3,8594,52.5,8578,61.5,8018,63,2678,78.8,"D",15,16,16,16,"Non-metro",7,8,8,8
"937",2020,"MISSISSIPPI","MS","JEFFERSON",28063,"PRESIDENT","DONALD J TRUMP","REPUBLICAN",531,3908,20210622,"TOTAL",0.135875127942682,"11/30/2021",48,"Jefferson County","MS",63.3,4425,4422,74.6,4059,74.6,1025,84.4,98.3,5104,73,5064,85.4,4621,85,1100,90.5,"D",16,16,16,16,"Non-metro",8,8,8,8
"938",2020,"MISSISSIPPI","MS","JEFFERSON DAVIS",28065,"PRESIDENT","DONALD J TRUMP","REPUBLICAN",2534,6213,20210622,"TOTAL",0.407854498631901,"11/30/2021",48,"Jefferson Davis County","MS",40.6,4515,4515,47,4263,47.8,1490,58,98.3,5080,45.7,5057,52.6,4763,53.4,1566,60.9,"D",15,15,15,15,"Non-metro",7,7,7,7
"939",2020,"MISSISSIPPI","MS","JONES",28067,"PRESIDENT","DONALD J TRUMP","REPUBLICAN",21226,30091,20210622,"TOTAL",0.705393639294141,"11/30/2021",48,"Jones County","MS",39.5,26878,26878,47.3,25455,49.8,8994,76,98.3,30962,45.5,30893,54.3,29090,57,9648,81.6,"D",14,15,15,16,"Non-metro",6,7,7,8
"940",2020,"MISSISSIPPI","MS","KEMPER",28069,"PRESIDENT","DONALD J TRUMP","REPUBLICAN",1787,4731,20210622,"TOTAL",0.377721411963644,"11/30/2021",48,"Kemper County","MS",41,3996,3994,46.4,3698,46.3,1252,61.5,98.3,4503,46.2,4489,52.1,4135,51.8,1348,66.2,"D",15,15,15,15,"Non-metro",7,7,7,7
"941",2020,"MISSISSIPPI","MS","LAFAYETTE",28071,"PRESIDENT","DONALD J TRUMP","REPUBLICAN",12949,23423,20210622,"TOTAL",0.552832685821628,"11/30/2021",48,"Lafayette County","MS",50.9,27481,27476,58,26032,59.1,5976,82.9,98.3,30238,56,30008,63.3,28360,64.4,6372,88.4,"C",12,12,12,12,"Non-metro",8,8,8,8
"942",2020,"MISSISSIPPI","MS","LAMAR",28073,"PRESIDENT","DONALD J TRUMP","REPUBLICAN",20704,28485,20210622,"TOTAL",0.72683868702826,"11/30/2021",48,"Lamar County","MS",54.3,34425,34424,64.8,32171,67.4,9042,99.4,98.3,38672,61.1,38469,72.4,35816,75.1,9553,99.9,"C",12,12,12,12,"Metro",4,4,4,4
"943",2020,"MISSISSIPPI","MS","LAUDERDALE",28075,"PRESIDENT","DONALD J TRUMP","REPUBLICAN",17967,31247,20210622,"TOTAL",0.574999199923193,"11/30/2021",48,"Lauderdale County","MS",46.7,34648,34645,55.1,32847,57.8,10418,79.1,98.3,39772,53.7,39653,63.1,37410,65.8,11325,86,"D",15,16,16,16,"Non-metro",7,8,8,8
"944",2020,"MISSISSIPPI","MS","LAWRENCE",28077,"PRESIDENT","DONALD J TRUMP","REPUBLICAN",4285,6613,20210622,"TOTAL",0.647966127324966,"11/30/2021",48,"Lawrence County","MS",50.7,6375,6375,60.4,6023,63.5,2291,99.9,98.3,7286,57.9,7264,68.9,6824,72,2431,99.9,"C",12,12,12,12,"Non-metro",8,8,8,8
"945",2020,"MISSISSIPPI","MS","LEAKE",28079,"PRESIDENT","DONALD J TRUMP","REPUBLICAN",5228,9200,20210622,"TOTAL",0.568260869565217,"11/30/2021",48,"Leake County","MS",43.5,9917,9917,51.3,9281,54.6,2923,76.7,98.3,11451,50.3,11357,58.8,10587,62.3,3114,81.7,"D",15,16,16,16,"Non-metro",7,8,8,8
"946",2020,"MISSISSIPPI","MS","LEE",28081,"PRESIDENT","DONALD J TRUMP","REPUBLICAN",24207,36954,20210622,"TOTAL",0.655057639227147,"11/30/2021",48,"Lee County","MS",40.2,34357,34354,48.1,32534,50.7,9922,76.6,98.3,38545,45.1,38365,53.7,36161,56.4,10564,81.5,"D",15,15,16,16,"Non-metro",7,7,8,8
"947",2020,"MISSISSIPPI","MS","LEFLORE",28083,"PRESIDENT","DONALD J TRUMP","REPUBLICAN",3129,10893,20210622,"TOTAL",0.287248691820435,"11/30/2021",48,"Leflore County","MS",56.9,16025,16025,69.6,14776,72.5,3957,95.3,98.3,18254,64.8,18216,79.1,16702,82,4280,99.9,"D",16,16,16,16,"Non-metro",8,8,8,8
"948",2020,"MISSISSIPPI","MS","LINCOLN",28085,"PRESIDENT","DONALD J TRUMP","REPUBLICAN",11596,16801,20210622,"TOTAL",0.690197012082614,"11/30/2021",48,"Lincoln County","MS",35.6,12149,12148,42,11424,43.6,4011,67.3,98.3,14035,41.1,13988,48.3,13134,50.1,4393,73.7,"D",14,15,15,15,"Non-metro",6,7,7,7
"949",2020,"MISSISSIPPI","MS","LOWNDES",28087,"PRESIDENT","DONALD J TRUMP","REPUBLICAN",13800,27241,20210622,"TOTAL",0.506589332256525,"11/30/2021",48,"Lowndes County","MS",47,27529,27527,55.8,26147,58.5,7888,82.7,98.3,31281,53.4,31144,63.1,29453,65.9,8435,88.5,"D",15,16,16,16,"Non-metro",7,8,8,8
"950",2020,"MISSISSIPPI","MS","MADISON",28089,"PRESIDENT","DONALD J TRUMP","REPUBLICAN",31091,56212,20210622,"TOTAL",0.553102540382836,"11/30/2021",48,"Madison County","MS",58.6,62324,62322,69.6,57771,72.2,14715,99.9,98.3,69552,65.4,68776,76.8,63452,79.3,15697,99.9,"B",8,8,8,8,"Metro",4,4,4,4
"951",2020,"MISSISSIPPI","MS","MARION",28091,"PRESIDENT","DONALD J TRUMP","REPUBLICAN",8273,12177,20210622,"TOTAL",0.679395581834606,"11/30/2021",48,"Marion County","MS",41.9,10307,10307,49.2,9782,51.6,3442,72.4,98.3,11744,47.8,11706,55.9,11048,58.3,3677,77.4,"D",15,15,16,16,"Non-metro",7,7,8,8
"952",2020,"MISSISSIPPI","MS","MARSHALL",28093,"PRESIDENT","DONALD J TRUMP","REPUBLICAN",7566,15817,20210622,"TOTAL",0.478346083328065,"11/30/2021",48,"Marshall County","MS",48.9,17242,17242,56.6,16371,58.5,5275,82.3,98.3,20266,57.4,20206,66.3,19065,68.1,5898,92.1,"C",11,12,12,12,"Metro",3,4,4,4
"953",2020,"MISSISSIPPI","MS","MONROE",28095,"PRESIDENT","DONALD J TRUMP","REPUBLICAN",11177,17259,20210622,"TOTAL",0.647604148560171,"11/30/2021",48,"Monroe County","MS",46.9,16520,16519,54.6,15746,57.6,5809,83.5,98.3,18361,52.1,18337,60.6,17407,63.7,6104,87.8,"C",11,12,12,12,"Non-metro",7,8,8,8
"954",2020,"MISSISSIPPI","MS","MONTGOMERY",28097,"PRESIDENT","DONALD J TRUMP","REPUBLICAN",2917,5075,20210622,"TOTAL",0.574778325123153,"11/30/2021",48,"Montgomery County","MS",51.6,5047,5047,60.5,4786,63,1717,79.2,98.3,5570,57,5556,66.6,5245,69.1,1820,83.9,"D",16,16,16,16,"Non-metro",8,8,8,8
"955",2020,"MISSISSIPPI","MS","NESHOBA",28099,"PRESIDENT","DONALD J TRUMP","REPUBLICAN",8320,11703,20210622,"TOTAL",0.710928821669657,"11/30/2021",48,"Neshoba County","MS",36.6,10658,10657,44.5,9744,46.3,2977,63.6,98.3,12775,43.9,12561,52.4,11401,54.2,3229,69,"D",14,15,15,15,"Non-metro",6,7,7,7
"956",2020,"MISSISSIPPI","MS","NEWTON",28101,"PRESIDENT","DONALD J TRUMP","REPUBLICAN",6997,10183,20210622,"TOTAL",0.687125601492684,"11/30/2021",48,"Newton County","MS",48.3,10144,10143,57.7,9643,61.4,3408,95.1,98.3,11748,55.9,11655,66.3,11061,70.4,3668,99.9,"D",15,16,16,16,"Non-metro",7,8,8,8
"957",2020,"MISSISSIPPI","MS","NOXUBEE",28103,"PRESIDENT","DONALD J TRUMP","REPUBLICAN",1240,5339,20210622,"TOTAL",0.232253230942124,"11/30/2021",48,"Noxubee County","MS",51.3,5348,5348,61.5,5040,64.1,1550,89.4,98.3,5887,56.5,5876,67.6,5496,69.9,1616,93.2,"D",16,16,16,16,"Non-metro",8,8,8,8
"958",2020,"MISSISSIPPI","MS","OKTIBBEHA",28105,"PRESIDENT","DONALD J TRUMP","REPUBLICAN",9004,19757,20210622,"TOTAL",0.45573720706585,"11/30/2021",48,"Oktibbeha County","MS",47.7,23653,23652,54.2,22395,54.8,5165,86.8,98.3,26344,53.1,26164,59.9,24657,60.4,5521,92.7,"C",11,12,12,12,"Non-metro",7,8,8,8
"959",2020,"MISSISSIPPI","MS","PANOLA",28107,"PRESIDENT","DONALD J TRUMP","REPUBLICAN",8060,15627,20210622,"TOTAL",0.515773980930441,"11/30/2021",48,"Panola County","MS",42.9,14672,14672,51.3,13901,53.9,4537,81.2,98.3,16733,48.9,16661,58.3,15716,61,4877,87.3,"D",15,16,16,16,"Non-metro",7,8,8,8
"960",2020,"MISSISSIPPI","MS","PEARL RIVER",28109,"PRESIDENT","DONALD J TRUMP","REPUBLICAN",19595,24033,20210622,"TOTAL",0.815337244621978,"11/30/2021",48,"Pearl River County","MS",43,23876,23876,50.4,22990,53.5,8646,81.6,98.3,28372,51.1,28321,59.7,27142,63.2,9567,90.2,"C",11,12,12,12,"Non-metro",7,8,8,8
"961",2020,"MISSISSIPPI","MS","PERRY",28111,"PRESIDENT","DONALD J TRUMP","REPUBLICAN",4500,5916,20210622,"TOTAL",0.760649087221095,"11/30/2021",48,"Perry County","MS",34.1,4079,4078,39.7,3930,42.2,1438,64.3,98.3,4682,39.1,4669,45.5,4460,47.9,1533,68.6,"C",10,10,11,11,"Metro",2,2,3,3
"962",2020,"MISSISSIPPI","MS","PIKE",28113,"PRESIDENT","DONALD J TRUMP","REPUBLICAN",8479,17342,20210622,"TOTAL",0.488928612616769,"11/30/2021",48,"Pike County","MS",45.7,17973,17972,55,16935,58.1,5751,83.2,98.3,20752,52.8,20692,63.3,19387,66.5,6240,90.3,"D",15,16,16,16,"Non-metro",7,8,8,8
"963",2020,"MISSISSIPPI","MS","PONTOTOC",28115,"PRESIDENT","DONALD J TRUMP","REPUBLICAN",11550,14361,20210622,"TOTAL",0.804261541675371,"11/30/2021",48,"Pontotoc County","MS",38.6,12411,12411,46.5,11869,50.1,3951,81,98.3,14003,43.5,13954,52.3,13287,56.1,4222,86.5,"D",14,15,16,16,"Non-metro",6,7,8,8
"964",2020,"MISSISSIPPI","MS","PRENTISS",28117,"PRESIDENT","DONALD J TRUMP","REPUBLICAN",8370,10644,20210622,"TOTAL",0.786358511837655,"11/30/2021",48,"Prentiss County","MS",39.8,9990,9990,46.7,9668,49.6,3627,78.3,98.3,11188,44.5,11170,52.3,10793,55.3,3903,84.3,"D",14,15,15,16,"Non-metro",6,7,7,8
"965",2020,"MISSISSIPPI","MS","QUITMAN",28119,"PRESIDENT","DONALD J TRUMP","REPUBLICAN",1026,3226,20210622,"TOTAL",0.318040917544947,"11/30/2021",48,"Quitman County","MS",48.2,3271,3271,56.7,3094,59,922,74.9,98.3,3793,55.8,3771,65.4,3544,67.5,994,80.7,"D",15,16,16,16,"Non-metro",7,8,8,8
"966",2020,"MISSISSIPPI","MS","RANKIN",28121,"PRESIDENT","DONALD J TRUMP","REPUBLICAN",50895,70655,20210622,"TOTAL",0.72033118675253,"11/30/2021",48,"Rankin County","MS",47.7,74049,74037,55.8,69835,58.3,19469,80,98.3,82653,53.2,82179,62,77162,64.4,20748,85.3,"B",7,8,8,8,"Metro",3,4,4,4
"967",2020,"MISSISSIPPI","MS","SCOTT",28123,"PRESIDENT","DONALD J TRUMP","REPUBLICAN",6285,10733,20210622,"TOTAL",0.585577191838256,"11/30/2021",48,"Scott County","MS",46,12929,12929,56.2,12117,58.8,3712,85.6,98.3,14777,52.5,14749,64.1,13717,66.5,3970,91.5,"D",15,16,16,16,"Non-metro",7,8,8,8
"968",2020,"MISSISSIPPI","MS","SHARKEY",28125,"PRESIDENT","DONALD J TRUMP","REPUBLICAN",688,2183,20210622,"TOTAL",0.315162620247366,"11/30/2021",48,"Sharkey County","MS",50.4,2178,2178,59.9,2045,62.8,703,81.2,98.3,2461,57,2460,67.6,2291,70.4,747,86.3,"D",16,16,16,16,"Non-metro",8,8,8,8
"969",2020,"MISSISSIPPI","MS","SIMPSON",28127,"PRESIDENT","DONALD J TRUMP","REPUBLICAN",7635,11815,20210622,"TOTAL",0.646212441811257,"11/30/2021",48,"Simpson County","MS",41.2,10977,10976,48.2,10389,50.8,3582,74.3,98.3,12606,47.3,12563,55.2,11824,57.8,3837,79.5,"D",15,15,16,16,"Metro",3,3,4,4
"970",2020,"MISSISSIPPI","MS","SMITH",28129,"PRESIDENT","DONALD J TRUMP","REPUBLICAN",6458,8327,20210622,"TOTAL",0.775549417557344,"11/30/2021",48,"Smith County","MS",31,4939,4939,36.4,4664,38,1666,51,98.3,5707,35.9,5699,41.9,5374,43.8,1782,54.6,"B",6,6,6,7,"Non-metro",6,6,6,7
"971",2020,"MISSISSIPPI","MS","STONE",28131,"PRESIDENT","DONALD J TRUMP","REPUBLICAN",5964,7878,20210622,"TOTAL",0.757044935262757,"11/30/2021",48,"Stone County","MS",41.7,7655,7655,48.7,7350,51.1,2575,83.5,98.3,8929,48.7,8901,56.6,8530,59.3,2822,91.6,"C",11,11,12,12,"Non-metro",7,7,8,8
"972",2020,"MISSISSIPPI","MS","SUNFLOWER",28133,"PRESIDENT","DONALD J TRUMP","REPUBLICAN",2799,9681,20210622,"TOTAL",0.289123024480942,"11/30/2021",48,"Sunflower County","MS",48.7,12236,12236,56.7,11553,58.7,3067,85,98.3,13762,54.8,13724,63.6,12873,65.4,3249,90,"D",15,16,16,16,"Non-metro",7,8,8,8
"973",2020,"MISSISSIPPI","MS","TALLAHATCHIE",28135,"PRESIDENT","DONALD J TRUMP","REPUBLICAN",2488,5685,20210622,"TOTAL",0.43764291996482,"11/30/2021",48,"Tallahatchie County","MS",37.9,5236,5235,43.7,4990,44.9,1487,70.6,98.3,6017,43.6,6000,50.1,5705,51.4,1585,75.2,"D",14,15,15,16,"Non-metro",6,7,7,8
"974",2020,"MISSISSIPPI","MS","TATE",28137,"PRESIDENT","DONALD J TRUMP","REPUBLICAN",8707,13093,20210622,"TOTAL",0.665011838386924,"11/30/2021",48,"Tate County","MS",40.7,11535,11535,47.5,10897,49.7,3572,73.5,98.3,13140,46.4,13064,53.8,12303,56.2,3882,79.8,"D",15,15,15,16,"Metro",3,3,3,4
"975",2020,"MISSISSIPPI","MS","TIPPAH",28139,"PRESIDENT","DONALD J TRUMP","REPUBLICAN",8054,10102,20210622,"TOTAL",0.797267867748961,"11/30/2021",48,"Tippah County","MS",38.7,8528,8527,45.8,8224,49.2,3007,80.8,98.3,9800,44.5,9769,52.5,9367,56.1,3237,87,"D",14,15,15,16,"Non-metro",6,7,7,8
"976",2020,"MISSISSIPPI","MS","TISHOMINGO",28141,"PRESIDENT","DONALD J TRUMP","REPUBLICAN",7933,9138,20210622,"TOTAL",0.868133070693806,"11/30/2021",48,"Tishomingo County","MS",36.1,6991,6991,41.8,6767,44.5,2850,70.8,98.3,8088,41.7,8071,48.2,7770,51.1,3107,77.2,"C",10,11,11,12,"Non-metro",6,7,7,8
"977",2020,"MISSISSIPPI","MS","TUNICA",28143,"PRESIDENT","DONALD J TRUMP","REPUBLICAN",926,3562,20210622,"TOTAL",0.259966311061202,"11/30/2021",48,"Tunica County","MS",46.2,4454,4454,57.8,4044,59.2,1059,85.5,98.3,5101,53,5081,65.9,4587,67.1,1132,91.4,"D",15,16,16,16,"Metro",3,4,4,4
"978",2020,"MISSISSIPPI","MS","UNION",28145,"PRESIDENT","DONALD J TRUMP","REPUBLICAN",10373,12683,20210622,"TOTAL",0.81786643538595,"11/30/2021",48,"Union County","MS",36.6,10545,10545,43.8,10102,46.8,3571,73.5,98.3,11755,40.8,11710,48.6,11169,51.7,3759,77.4,"D",14,15,15,16,"Non-metro",6,7,7,8
"979",2020,"MISSISSIPPI","MS","WALTHALL",28147,"PRESIDENT","DONALD J TRUMP","REPUBLICAN",4220,7119,20210622,"TOTAL",0.592779884815283,"11/30/2021",48,"Walthall County","MS",37.5,5355,5355,43.7,5055,45.6,1797,63.1,98.3,6089,42.6,6080,49.7,5706,51.5,1888,66.3,"D",14,15,15,15,"Non-metro",6,7,7,7
"980",2020,"MISSISSIPPI","MS","WARREN",28149,"PRESIDENT","DONALD J TRUMP","REPUBLICAN",10365,21053,20210622,"TOTAL",0.492328884244526,"11/30/2021",48,"Warren County","MS",52.9,24024,24021,62.5,22327,64.4,6662,85.1,98.3,27215,60,27054,70.4,25074,72.3,7217,92.2,"D",16,16,16,16,"Non-metro",8,8,8,8
"981",2020,"MISSISSIPPI","MS","WASHINGTON",28151,"PRESIDENT","DONALD J TRUMP","REPUBLICAN",5300,18008,20210622,"TOTAL",0.294313638382941,"11/30/2021",48,"Washington County","MS",45.4,19931,19929,54.8,18739,57.3,6125,83.6,98.3,23003,52.4,22902,63,21407,65.5,6589,90,"D",15,16,16,16,"Non-metro",7,8,8,8
"982",2020,"MISSISSIPPI","MS","WAYNE",28153,"PRESIDENT","DONALD J TRUMP","REPUBLICAN",6307,10056,20210622,"TOTAL",0.627187748607796,"11/30/2021",48,"Wayne County","MS",35.6,7190,7190,42.5,6822,44.6,2246,63.2,98.3,8326,41.3,8315,49.1,7858,51.4,2394,67.3,"D",14,15,15,15,"Non-metro",6,7,7,7
"983",2020,"MISSISSIPPI","MS","WEBSTER",28155,"PRESIDENT","DONALD J TRUMP","REPUBLICAN",4291,5395,20210622,"TOTAL",0.795366079703429,"11/30/2021",48,"Webster County","MS",45,4356,4356,52.8,4218,56.9,1612,92.7,98.3,4842,50,4837,58.7,4674,63.1,1683,96.8,"C",11,12,12,12,"Non-metro",7,8,8,8
"984",2020,"MISSISSIPPI","MS","WILKINSON",28157,"PRESIDENT","DONALD J TRUMP","REPUBLICAN",1324,4127,20210622,"TOTAL",0.320814150714805,"11/30/2021",48,"Wilkinson County","MS",59.3,5116,5114,68.4,4787,70,1465,95.4,98.3,5791,67.1,5758,77.1,5344,78.2,1599,99.9,"D",16,16,16,16,"Non-metro",8,8,8,8
"985",2020,"MISSISSIPPI","MS","WINSTON",28159,"PRESIDENT","DONALD J TRUMP","REPUBLICAN",5112,9236,20210622,"TOTAL",0.553486357730619,"11/30/2021",48,"Winston County","MS",44.4,7979,7979,51.7,7591,54.5,2840,77.2,98.3,8975,50,8966,58.1,8488,60.9,3005,81.7,"D",15,16,16,16,"Non-metro",7,8,8,8
"986",2020,"MISSISSIPPI","MS","YALOBUSHA",28161,"PRESIDENT","DONALD J TRUMP","REPUBLICAN",3671,6535,20210622,"TOTAL",0.561744452945677,"11/30/2021",48,"Yalobusha County","MS",60.9,7373,7372,71,7051,74.7,2540,99.8,98.3,8271,68.3,8253,79.5,7871,83.4,2690,99.9,"C",12,12,12,12,"Non-metro",8,8,8,8
"987",2020,"MISSISSIPPI","MS","YAZOO",28163,"PRESIDENT","DONALD J TRUMP","REPUBLICAN",4832,10436,20210622,"TOTAL",0.463012648524339,"11/30/2021",48,"Yazoo County","MS",44.9,13322,13321,51.8,12517,53.2,3153,82.8,98.3,14982,50.5,14897,57.9,13892,59,3363,88.3,"D",15,16,16,16,"Metro",3,4,4,4
"988",2020,"MISSOURI","MO","ADAIR",29001,"PRESIDENT","DONALD J TRUMP","REPUBLICAN",6413,10336,20210622,"TOTAL",0.620452786377709,"11/30/2021",48,"Adair County","MO",41.8,10592,10578,47.2,10127,48.7,2919,76.2,91.2,12025,47.4,11853,52.9,11331,54.5,3236,84.5,"B",7,7,7,8,"Non-metro",7,7,7,8
"989",2020,"MISSOURI","MO","ANDREW",29003,"PRESIDENT","DONALD J TRUMP","REPUBLICAN",7255,9752,20210622,"TOTAL",0.743949958982773,"11/30/2021",48,"Andrew County","MO",33.8,5990,5988,39.8,5761,42.2,1954,56.9,91.2,6723,38,6662,44.2,6387,46.8,2207,64.3,"A",2,2,3,3,"Metro",2,2,3,3
"990",2020,"MISSOURI","MO","ATCHISON",29005,"PRESIDENT","DONALD J TRUMP","REPUBLICAN",2199,2814,20210622,"TOTAL",0.781449893390192,"11/30/2021",48,"Atchison County","MO",52.2,2683,2682,59.9,2580,62.8,1082,80.4,91.2,3015,58.6,2998,66.9,2878,70.1,1213,90.2,"A",4,4,4,4,"Non-metro",8,8,8,8
"991",2020,"MISSOURI","MO","AUDRAIN",29007,"PRESIDENT","DONALD J TRUMP","REPUBLICAN",7732,10656,20210622,"TOTAL",0.725600600600601,"11/30/2021",48,"Audrain County","MO",35,8892,8889,40.9,8485,43.1,3291,71.2,91.2,10148,40,10094,46.4,9630,49,3656,79.2,"C",10,11,11,12,"Non-metro",6,7,7,8
"992",2020,"MISSOURI","MO","BARRY",29009,"PRESIDENT","DONALD J TRUMP","REPUBLICAN",12425,15598,20210622,"TOTAL",0.796576484164636,"11/30/2021",48,"Barry County","MO",40.9,14655,14651,48,13981,50.6,5229,69.5,91.2,17164,48,17055,55.9,16207,58.6,5901,78.4,"C",11,11,12,11,"Non-metro",7,7,8,7
"993",2020,"MISSOURI","MO","BARTON",29011,"PRESIDENT","DONALD J TRUMP","REPUBLICAN",5168,6077,20210622,"TOTAL",0.850419614941583,"11/30/2021",48,"Barton County","MO",31.3,3680,3679,36.6,3569,39.5,1482,59.4,91.2,4203,35.8,4187,41.7,4050,44.9,1638,65.7,"C",10,10,10,11,"Non-metro",6,6,6,7
"994",2020,"MISSOURI","MO","BATES",29013,"PRESIDENT","DONALD J TRUMP","REPUBLICAN",6597,8416,20210622,"TOTAL",0.783864068441065,"11/30/2021",48,"Bates County","MO",36.2,5855,5854,42.4,5603,45,2132,67.4,91.2,6591,40.8,6559,47.5,6270,50.4,2293,72.4,"B",6,7,7,7,"Metro",2,3,3,3
"995",2020,"MISSOURI","MO","BENTON",29015,"PRESIDENT","DONALD J TRUMP","REPUBLICAN",8109,10476,20210622,"TOTAL",0.774054982817869,"11/30/2021",48,"Benton County","MO",44.6,8678,8678,50.2,8423,52.4,4250,70,91.2,9724,50,9707,56.2,9412,58.6,4715,77.6,"C",11,12,12,12,"Non-metro",7,8,8,8
"996",2020,"MISSOURI","MO","BOLLINGER",29017,"PRESIDENT","DONALD J TRUMP","REPUBLICAN",5167,5983,20210622,"TOTAL",0.863613571786729,"11/30/2021",48,"Bollinger County","MO",30.5,3701,3700,35.3,3591,37.6,1486,58.1,91.2,4184,34.5,4177,39.9,4047,42.3,1603,62.7,"B",6,6,6,7,"Metro",2,2,2,3
"997",2020,"MISSOURI","MO","BOONE",29019,"PRESIDENT","DONALD J TRUMP","REPUBLICAN",38646,91168,20210622,"TOTAL",0.423898736398736,"11/30/2021",48,"Boone County","MO",56,101110,101062,64.9,94523,65.8,20714,89.7,91.2,118561,65.7,115204,74,107708,74.9,23079,99.9,"B",8,8,8,8,"Metro",4,4,4,4
"998",2020,"MISSOURI","MO","BUCHANAN",29021,"PRESIDENT","DONALD J TRUMP","REPUBLICAN",22450,36598,20210622,"TOTAL",0.613421498442538,"11/30/2021",48,"Buchanan County","MO",35.2,30736,30726,41.3,29274,43.2,8275,56.7,91.2,35463,40.6,35024,47.1,33292,49.1,9137,62.6,"C",10,11,11,11,"Metro",2,3,3,3
"999",2020,"MISSOURI","MO","BUTLER",29023,"PRESIDENT","DONALD J TRUMP","REPUBLICAN",14602,18141,20210622,"TOTAL",0.804917038751998,"11/30/2021",48,"Butler County","MO",31.4,13349,13347,37.1,12858,39.5,4868,59.8,91.2,15676,36.9,15613,43.4,14995,46,5422,66.6,"D",14,14,14,15,"Non-metro",6,6,6,7
"1000",2020,"MISSOURI","MO","CALDWELL",29025,"PRESIDENT","DONALD J TRUMP","REPUBLICAN",3725,4682,20210622,"TOTAL",0.795600170867151,"11/30/2021",48,"Caldwell County","MO",36.3,3277,3277,42.5,3120,45.1,1219,67.3,91.2,3687,40.9,3653,47.4,3460,50,1326,73.2,"B",6,7,7,7,"Metro",2,3,3,3
"1001",2020,"MISSOURI","MO","CALLAWAY",29027,"PRESIDENT","DONALD J TRUMP","REPUBLICAN",14815,21144,20210622,"TOTAL",0.700671585319712,"11/30/2021",48,"Callaway County","MO",43.4,19436,19432,50.2,18476,52.2,5629,75.3,91.2,21991,49.1,21789,56.3,20682,58.4,6245,83.5,"B",7,8,8,8,"Metro",3,4,4,4
"1002",2020,"MISSOURI","MO","CAMDEN",29029,"PRESIDENT","DONALD J TRUMP","REPUBLICAN",18850,24812,20210622,"TOTAL",0.759713042076415,"11/30/2021",48,"Camden County","MO",42,19459,19459,47.2,18836,49.3,8789,65.7,91.2,21957,47.4,21875,53.1,21134,55.3,9752,72.9,"B",7,7,7,7,"Non-metro",7,7,7,7
"1003",2020,"MISSOURI","MO","CAPE GIRARDEAU",29031,"PRESIDENT","DONALD J TRUMP","REPUBLICAN",28907,40328,20210622,"TOTAL",0.716797262447927,"11/30/2021",48,"Cape Girardeau County","MO",45.3,35692,35676,52.6,33933,54.7,11026,81.7,91.2,40140,50.9,39990,59,37930,61.1,11970,88.6,"B",7,8,8,8,"Metro",3,4,4,4
"1004",2020,"MISSOURI","MO","CARROLL",29033,"PRESIDENT","DONALD J TRUMP","REPUBLICAN",3706,4532,20210622,"TOTAL",0.817740511915269,"11/30/2021",48,"Carroll County","MO",46.3,4018,4018,54.1,3920,58.3,1608,83.9,91.2,4426,51,4405,59.3,4285,63.7,1742,90.9,"C",11,12,12,12,"Non-metro",7,8,8,8
"1005",2020,"MISSOURI","MO","CARTER",29035,"PRESIDENT","DONALD J TRUMP","REPUBLICAN",2451,2897,20210622,"TOTAL",0.846047635484985,"11/30/2021",48,"Carter County","MO",30.6,1830,1830,36,1757,38.2,744,59.5,91.2,2172,36.3,2169,42.6,2089,45.4,837,67,"C",10,10,10,11,"Non-metro",6,6,6,7
"1006",2020,"MISSOURI","MO","CASS",29037,"PRESIDENT","DONALD J TRUMP","REPUBLICAN",37197,57408,20210622,"TOTAL",0.647941053511706,"11/30/2021",48,"Cass County","MO",46.8,49518,49516,55.3,46102,57.2,14043,76.6,91.2,57836,54.7,56909,63.5,52976,65.7,16007,87.3,"A",3,4,4,4,"Metro",3,4,4,4
"1007",2020,"MISSOURI","MO","CEDAR",29039,"PRESIDENT","DONALD J TRUMP","REPUBLICAN",5788,7044,20210622,"TOTAL",0.821692220329358,"11/30/2021",48,"Cedar County","MO",30.2,4330,4329,35.8,4198,38.5,1957,57.5,91.2,4842,33.7,4819,39.8,4676,42.9,2099,61.7,"C",10,10,10,11,"Non-metro",6,6,6,7
"1008",2020,"MISSOURI","MO","CHARITON",29041,"PRESIDENT","DONALD J TRUMP","REPUBLICAN",3111,4077,20210622,"TOTAL",0.763061074319352,"11/30/2021",48,"Chariton County","MO",35.4,2628,2628,41.7,2548,44.4,1047,58,91.2,2930,39.5,2922,46.4,2822,49.2,1137,63,"A",2,3,3,3,"Non-metro",6,7,7,7
"1009",2020,"MISSOURI","MO","CHRISTIAN",29043,"PRESIDENT","DONALD J TRUMP","REPUBLICAN",34920,46839,20210622,"TOTAL",0.745532569013002,"11/30/2021",48,"Christian County","MO",42.6,37726,37705,50.8,35084,52.9,10690,75.1,91.2,42699,48.2,42148,56.8,39167,59,11807,83,"A",3,4,4,4,"Metro",3,4,4,4
"1010",2020,"MISSOURI","MO","CLARK",29045,"PRESIDENT","DONALD J TRUMP","REPUBLICAN",2672,3394,20210622,"TOTAL",0.787271655863288,"11/30/2021",48,"Clark County","MO",28.3,1924,1924,33.1,1858,35.3,763,52.3,91.2,2213,32.6,2198,37.9,2115,40.1,838,57.4,"B",5,6,6,7,"Non-metro",5,6,6,7
"1011",2020,"MISSOURI","MO","CLAY",29047,"PRESIDENT","DONALD J TRUMP","REPUBLICAN",64605,126569,20210622,"TOTAL",0.51043304442636,"11/30/2021",48,"Clay County","MO",48.6,121467,121419,57.6,111156,58.4,28513,79,91.2,139852,56,136477,64.8,124870,65.7,31495,87.3,"A",3,4,4,4,"Metro",3,4,4,4
"1012",2020,"MISSOURI","MO","CLINTON",29049,"PRESIDENT","DONALD J TRUMP","REPUBLICAN",7799,10888,20210622,"TOTAL",0.716293166789126,"11/30/2021",48,"Clinton County","MO",43.8,8934,8934,51.2,8399,53.7,2686,72.5,91.2,10206,50.1,10079,57.7,9472,60.5,3008,81.2,"A",3,4,4,4,"Metro",3,4,4,4
"1013",2020,"MISSOURI","MO","COLE",29051,"PRESIDENT","DONALD J TRUMP","REPUBLICAN",26086,39529,20210622,"TOTAL",0.659920564648739,"11/30/2021",48,"Cole County","MO",49.2,37728,37711,57.4,35569,59.5,11127,83.7,91.2,42782,55.7,42292,64.3,39802,66.6,12250,92.2,"B",7,8,8,8,"Metro",3,4,4,4
"1014",2020,"MISSOURI","MO","COOPER",29053,"PRESIDENT","DONALD J TRUMP","REPUBLICAN",6272,8693,20210622,"TOTAL",0.721500057517543,"11/30/2021",48,"Cooper County","MO",40.5,7167,7167,47,6757,48.6,2347,72.3,91.2,8022,45.3,7973,52.3,7499,54,2555,78.7,"B",7,7,7,8,"Non-metro",7,7,7,8
"1015",2020,"MISSOURI","MO","CRAWFORD",29055,"PRESIDENT","DONALD J TRUMP","REPUBLICAN",8725,10973,20210622,"TOTAL",0.795133509523376,"11/30/2021",48,"Crawford County","MO",30.6,7323,7323,35.7,7010,37.8,2706,56.3,91.2,8268,34.6,8239,40.1,7847,42.3,2968,61.7,"D",14,14,14,15,"Non-metro",6,6,6,7
"1016",2020,"MISSOURI","MO","DADE",29057,"PRESIDENT","DONALD J TRUMP","REPUBLICAN",3414,4119,20210622,"TOTAL",0.82884195193008,"11/30/2021",48,"Dade County","MO",41.1,3109,3109,47.2,3011,50.3,1286,71.2,91.2,3467,45.9,3451,52.4,3337,55.7,1441,79.8,"C",11,11,12,12,"Non-metro",7,7,8,8
"1017",2020,"MISSOURI","MO","DALLAS",29059,"PRESIDENT","DONALD J TRUMP","REPUBLICAN",6619,8104,20210622,"TOTAL",0.816757156959526,"11/30/2021",48,"Dallas County","MO",32.9,5558,5557,39,5358,41.6,2276,64.9,91.2,6335,37.5,6313,44.3,6066,47.1,2480,70.7,"C",10,10,11,11,"Metro",2,2,3,3
"1018",2020,"MISSOURI","MO","DAVIESS",29061,"PRESIDENT","DONALD J TRUMP","REPUBLICAN",3102,3911,20210622,"TOTAL",0.793147532600358,"11/30/2021",48,"Daviess County","MO",29.9,2474,2473,35.6,2366,38.3,913,52.1,91.2,2754,33.3,2742,39.5,2621,42.4,998,57,"B",5,6,6,7,"Non-metro",5,6,6,7
"1019",2020,"MISSOURI","MO","DEKALB",29063,"PRESIDENT","DONALD J TRUMP","REPUBLICAN",3828,4843,20210622,"TOTAL",0.790419161676647,"11/30/2021",48,"DeKalb County","MO",26.2,3292,3292,29.6,3201,30.8,1134,54.6,91.2,3661,29.2,3642,32.8,3534,34,1241,59.7,"B",5,5,6,7,"Metro",1,1,2,3
"1020",2020,"MISSOURI","MO","DENT",29065,"PRESIDENT","DONALD J TRUMP","REPUBLICAN",5987,7142,20210622,"TOTAL",0.838280593671241,"11/30/2021",48,"Dent County","MO",29.2,4550,4550,34.3,4356,35.9,1722,49.5,91.2,5234,33.6,5208,39.2,5003,41.3,1897,54.5,"C",9,10,10,10,"Non-metro",5,6,6,6
"1021",2020,"MISSOURI","MO","DOUGLAS",29067,"PRESIDENT","DONALD J TRUMP","REPUBLICAN",5898,7000,20210622,"TOTAL",0.842571428571429,"11/30/2021",48,"Douglas County","MO",22.6,2979,2979,26.3,2888,28.1,1311,39.9,91.2,3340,25.3,3326,29.4,3215,31.3,1415,43.1,"C",9,9,9,10,"Non-metro",5,5,5,6
"1022",2020,"MISSOURI","MO","DUNKLIN",29069,"PRESIDENT","DONALD J TRUMP","REPUBLICAN",8135,10419,20210622,"TOTAL",0.780785104136673,"11/30/2021",48,"Dunklin County","MO",34.3,9995,9995,41.4,9527,43.9,3241,59.1,91.2,11673,40.1,11652,48.3,11075,51,3646,66.5,"D",14,15,15,15,"Non-metro",6,7,7,7
"1023",2020,"MISSOURI","MO","FRANKLIN",29071,"PRESIDENT","DONALD J TRUMP","REPUBLICAN",38058,53685,20210622,"TOTAL",0.708913104219056,"11/30/2021",48,"Franklin County","MO",50.7,52729,52710,59.5,49879,62,16598,88.6,91.2,58851,56.6,58064,65.5,54841,68.2,17891,95.5,"A",4,4,4,4,"Metro",4,4,4,4
"1024",2020,"MISSOURI","MO","GASCONADE",29073,"PRESIDENT","DONALD J TRUMP","REPUBLICAN",6222,7923,20210622,"TOTAL",0.78530859522908,"11/30/2021",48,"Gasconade County","MO",48.5,7133,7133,55.8,6826,58.4,2869,84.5,91.2,7791,53,7749,60.7,7394,63.3,3053,89.9,"A",3,4,4,4,"Non-metro",7,8,8,8
"1025",2020,"MISSOURI","MO","GENTRY",29075,"PRESIDENT","DONALD J TRUMP","REPUBLICAN",2581,3237,20210622,"TOTAL",0.797343219029966,"11/30/2021",48,"Gentry County","MO",40.4,2652,2652,48.8,2523,51.2,984,75.3,91.2,2954,45,2933,54,2782,56.5,1093,83.6,"B",7,7,8,8,"Non-metro",7,7,8,8
"1026",2020,"MISSOURI","MO","GREENE",29077,"PRESIDENT","DONALD J TRUMP","REPUBLICAN",83630,141800,20210622,"TOTAL",0.589774330042313,"11/30/2021",48,"Greene County","MO",45.4,133081,133000,52.7,125054,53.8,38682,78.8,91.2,151389,51.7,149192,59.1,139867,60.2,42460,86.5,"B",7,8,8,8,"Metro",3,4,4,4
"1027",2020,"MISSOURI","MO","GRUNDY",29079,"PRESIDENT","DONALD J TRUMP","REPUBLICAN",3585,4437,20210622,"TOTAL",0.807978363759297,"11/30/2021",48,"Grundy County","MO",33,3248,3247,39.5,3129,41.8,1350,61.3,91.2,3662,37.2,3656,44.5,3516,47,1498,68,"C",10,10,11,11,"Non-metro",6,6,7,7
"1028",2020,"MISSOURI","MO","HARRISON",29081,"PRESIDENT","DONALD J TRUMP","REPUBLICAN",3198,3826,20210622,"TOTAL",0.835859905906952,"11/30/2021",48,"Harrison County","MO",31.3,2611,2611,36.9,2526,39.9,1150,60.4,91.2,3053,36.6,3041,43,2936,46.4,1314,69,"C",10,10,10,11,"Non-metro",6,6,6,7
"1029",2020,"MISSOURI","MO","HENRY",29083,"PRESIDENT","DONALD J TRUMP","REPUBLICAN",8027,10788,20210622,"TOTAL",0.744067482387838,"11/30/2021",48,"Henry County","MO",42.2,9203,9201,49.2,8788,51.5,3504,72.6,91.2,10541,48.3,10438,55.8,9952,58.3,3844,79.6,"C",11,11,12,12,"Non-metro",7,7,8,8
"1030",2020,"MISSOURI","MO","HICKORY",29085,"PRESIDENT","DONALD J TRUMP","REPUBLICAN",3966,5080,20210622,"TOTAL",0.780708661417323,"11/30/2021",48,"Hickory County","MO",36.2,3454,3454,40.5,3403,42.8,1896,59.7,91.2,3909,41,3901,45.7,3825,48.1,2051,64.6,"B",6,7,7,7,"Non-metro",6,7,7,7
"1031",2020,"MISSOURI","MO","HOLT",29087,"PRESIDENT","DONALD J TRUMP","REPUBLICAN",1976,2343,20210622,"TOTAL",0.843363209560393,"11/30/2021",48,"Holt County","MO",38.8,1710,1710,44.6,1659,47.2,755,65.4,91.2,1916,43.5,1913,49.9,1851,52.7,836,72.4,"A",2,3,3,3,"Non-metro",6,7,7,7
"1032",2020,"MISSOURI","MO","HOWARD",29089,"PRESIDENT","DONALD J TRUMP","REPUBLICAN",3553,5092,20210622,"TOTAL",0.697761194029851,"11/30/2021",48,"Howard County","MO",40.6,4060,4059,47.4,3881,49.7,1420,72.2,91.2,4602,46,4566,53.3,4360,55.8,1574,80,"B",7,7,7,8,"Non-metro",7,7,7,8
"1033",2020,"MISSOURI","MO","HOWELL",29091,"PRESIDENT","DONALD J TRUMP","REPUBLICAN",15181,18650,20210622,"TOTAL",0.813994638069705,"11/30/2021",48,"Howell County","MO",30.5,12250,12247,36.2,11596,38,4400,54.6,91.2,14318,35.7,14237,42.1,13464,44.1,4915,61,"C",10,10,10,11,"Non-metro",6,6,6,7
"1034",2020,"MISSOURI","MO","IRON",29093,"PRESIDENT","DONALD J TRUMP","REPUBLICAN",3596,4592,20210622,"TOTAL",0.783101045296167,"11/30/2021",48,"Iron County","MO",36,3640,3639,41.3,3522,43.9,1441,65.1,91.2,4110,40.6,4094,46.4,3958,49.4,1533,69.2,"D",14,15,15,15,"Non-metro",6,7,7,7
"1035",2020,"MISSOURI","MO","JACKSON",29095,"PRESIDENT","DONALD J TRUMP","REPUBLICAN",100142,196418,20210622,"TOTAL",0.509841256911281,"11/30/2021",48,"Jackson County","MO",50.9,357963,357736,60.3,332103,61.7,88045,81.4,91.2,436075,62,427251,72,396200,73.6,102902,95.2,"C",12,12,12,12,"Metro",4,4,4,4
"1036",2020,"MISSOURI","MO","JASPER",29097,"PRESIDENT","DONALD J TRUMP","REPUBLICAN",37728,52352,20210622,"TOTAL",0.720660146699266,"11/30/2021",48,"Jasper County","MO",43.8,53155,53133,52.4,50086,54.8,15509,80.1,91.2,61100,50.4,60462,59.6,56838,62.2,17103,88.3,"C",11,12,12,12,"Metro",3,4,4,4
"1037",2020,"MISSOURI","MO","JEFFERSON",29099,"PRESIDENT","DONALD J TRUMP","REPUBLICAN",77046,116688,20210622,"TOTAL",0.660273549979432,"11/30/2021",48,"Jefferson County","MO",40.5,91083,91027,47.5,85465,49.2,24551,70.2,91.2,106491,47.3,104900,54.7,98262,56.6,27503,78.6,"A",3,3,3,4,"Metro",3,3,3,4
"1038",2020,"MISSOURI","MO","JOHNSON",29101,"PRESIDENT","DONALD J TRUMP","REPUBLICAN",15489,23123,20210622,"TOTAL",0.669852527786187,"11/30/2021",48,"Johnson County","MO",37.5,20252,20248,43.9,19162,45.2,4587,65.8,91.2,24974,46.2,24736,53.7,23496,55.4,5154,74,"B",6,7,7,7,"Non-metro",6,7,7,7
"1039",2020,"MISSOURI","MO","KNOX",29103,"PRESIDENT","DONALD J TRUMP","REPUBLICAN",1486,1854,20210622,"TOTAL",0.80151024811219,"11/30/2021",48,"Knox County","MO",37.6,1487,1487,44.4,1422,46.9,602,68.6,91.2,1615,40.8,1606,47.9,1533,50.6,647,73.8,"C",10,11,11,11,"Non-metro",6,7,7,7
"1040",2020,"MISSOURI","MO","LACLEDE",29105,"PRESIDENT","DONALD J TRUMP","REPUBLICAN",13762,16793,20210622,"TOTAL",0.819508128386828,"11/30/2021",48,"Laclede County","MO",34.4,12282,12281,41,11764,43.7,4371,68.8,91.2,14031,39.3,13980,46.7,13353,49.7,4826,76,"C",10,11,11,11,"Non-metro",6,7,7,7
"1041",2020,"MISSOURI","MO","LAFAYETTE",29107,"PRESIDENT","DONALD J TRUMP","REPUBLICAN",12273,17055,20210622,"TOTAL",0.719613016710642,"11/30/2021",48,"Lafayette County","MO",42.5,13895,13891,49.8,13172,52.3,4602,74.3,91.2,15815,48.4,15640,56.1,14805,58.8,5033,81.3,"B",7,7,8,8,"Metro",3,3,4,4
"1042",2020,"MISSOURI","MO","LAWRENCE",29109,"PRESIDENT","DONALD J TRUMP","REPUBLICAN",14426,17905,20210622,"TOTAL",0.805696732756213,"11/30/2021",48,"Lawrence County","MO",35.2,13520,13519,42.2,12849,44.8,4603,65.1,91.2,15410,40.2,15335,47.9,14552,50.8,5111,72.2,"D",14,15,15,15,"Non-metro",6,7,7,7
"1043",2020,"MISSOURI","MO","LEWIS",29111,"PRESIDENT","DONALD J TRUMP","REPUBLICAN",3553,4609,20210622,"TOTAL",0.770883054892601,"11/30/2021",48,"Lewis County","MO",32.1,3135,3135,37.4,3054,40.1,1300,70.8,91.2,3794,38.8,3790,45.2,3705,48.6,1559,85,"B",6,6,7,8,"Non-metro",6,6,7,8
"1044",2020,"MISSOURI","MO","LINCOLN",29113,"PRESIDENT","DONALD J TRUMP","REPUBLICAN",21848,29018,20210622,"TOTAL",0.752911985664071,"11/30/2021",48,"Lincoln County","MO",36.1,21323,21317,43.5,20217,45.9,5960,73.8,91.2,24107,40.9,23897,48.7,22641,51.4,6642,82.3,"B",6,7,7,8,"Metro",2,3,3,4
"1045",2020,"MISSOURI","MO","LINN",29115,"PRESIDENT","DONALD J TRUMP","REPUBLICAN",4363,5726,20210622,"TOTAL",0.761962975899406,"11/30/2021",48,"Linn County","MO",42.8,5101,5101,50.2,4911,53.7,1978,77.6,91.2,5892,49.4,5869,57.7,5653,61.8,2299,90.2,"B",7,8,8,8,"Non-metro",7,8,8,8
"1046",2020,"MISSOURI","MO","LIVINGSTON",29117,"PRESIDENT","DONALD J TRUMP","REPUBLICAN",5267,6758,20210622,"TOTAL",0.779372595442439,"11/30/2021",48,"Livingston County","MO",40.8,6212,6212,47.3,5995,49.9,2246,75.6,91.2,6970,45.8,6939,52.8,6679,55.5,2449,82.4,"B",7,7,7,8,"Non-metro",7,7,7,8
"1047",2020,"MISSOURI","MO","MCDONALD",29119,"PRESIDENT","DONALD J TRUMP","REPUBLICAN",7465,9053,20210622,"TOTAL",0.824588534187562,"11/30/2021",48,"McDonald County","MO",29.6,6770,6768,35.6,6370,37.5,1715,48.2,91.2,8550,37.4,8501,44.8,7944,46.8,1988,55.8,"D",13,14,14,14,"Metro",1,2,2,2
"1048",2020,"MISSOURI","MO","MACON",29121,"PRESIDENT","DONALD J TRUMP","REPUBLICAN",6076,7836,20210622,"TOTAL",0.775395610005105,"11/30/2021",48,"Macon County","MO",37.4,5655,5655,43.7,5446,46.8,2334,67.8,91.2,6195,41,6158,47.6,5919,50.9,2505,72.7,"C",10,11,11,11,"Non-metro",6,7,7,7
"1049",2020,"MISSOURI","MO","MADISON",29123,"PRESIDENT","DONALD J TRUMP","REPUBLICAN",4584,5676,20210622,"TOTAL",0.807610993657505,"11/30/2021",48,"Madison County","MO",35.8,4330,4330,42.1,4172,44.8,1572,66.3,91.2,5014,41.5,4990,48.6,4788,51.4,1718,72.5,"B",6,7,7,7,"Non-metro",6,7,7,7
"1050",2020,"MISSOURI","MO","MARIES",29125,"PRESIDENT","DONALD J TRUMP","REPUBLICAN",3892,4771,20210622,"TOTAL",0.815761894780968,"11/30/2021",48,"Maries County","MO",35.6,3092,3092,40.7,2953,42.5,1115,58.2,91.2,3420,39.3,3402,44.8,3238,46.6,1181,61.6,"C",10,11,11,11,"Non-metro",6,7,7,7
"1051",2020,"MISSOURI","MO","MARION",29127,"PRESIDENT","DONALD J TRUMP","REPUBLICAN",9915,13348,20210622,"TOTAL",0.742807911297573,"11/30/2021",48,"Marion County","MO",38.8,11064,11064,45.7,10613,48.4,4158,79.5,91.2,12220,42.8,12195,50.4,11699,53.3,4435,84.8,"C",10,11,11,12,"Non-metro",6,7,7,8
"1052",2020,"MISSOURI","MO","MERCER",29129,"PRESIDENT","DONALD J TRUMP","REPUBLICAN",1541,1779,20210622,"TOTAL",0.866216975829117,"11/30/2021",48,"Mercer County","MO",32.5,1175,1175,38.4,1153,41.9,476,58.5,91.2,1347,37.2,1346,44,1317,47.8,529,65,"B",6,6,7,7,"Non-metro",6,6,7,7
"1053",2020,"MISSOURI","MO","MILLER",29131,"PRESIDENT","DONALD J TRUMP","REPUBLICAN",10176,12382,20210622,"TOTAL",0.821838152156356,"11/30/2021",48,"Miller County","MO",30.8,7898,7896,36.4,7589,38.7,2810,56.1,91.2,8942,34.9,8901,41.1,8528,43.5,3075,61.4,"C",10,10,10,11,"Non-metro",6,6,6,7
"1054",2020,"MISSOURI","MO","MISSISSIPPI",29133,"PRESIDENT","DONALD J TRUMP","REPUBLICAN",3537,4756,20210622,"TOTAL",0.743692178301093,"11/30/2021",48,"Mississippi County","MO",40.6,5352,5350,46.9,5193,49.8,1739,72.7,91.2,6040,45.8,6017,52.7,5807,55.6,1932,80.7,"D",15,15,15,16,"Non-metro",7,7,7,8
"1055",2020,"MISSOURI","MO","MONITEAU",29135,"PRESIDENT","DONALD J TRUMP","REPUBLICAN",5744,7157,20210622,"TOTAL",0.802570909598994,"11/30/2021",48,"Moniteau County","MO",33.7,5435,5435,40.1,5095,41.7,1826,70,91.2,6034,37.4,5991,44.2,5625,46,1953,74.8,"C",10,11,11,12,"Metro",2,3,3,4
"1056",2020,"MISSOURI","MO","MONROE",29137,"PRESIDENT","DONALD J TRUMP","REPUBLICAN",3477,4483,20210622,"TOTAL",0.775596698639304,"11/30/2021",48,"Monroe County","MO",41,3543,3542,47.7,3452,50.9,1539,74.2,91.2,4036,46.7,4028,54.2,3920,57.8,1657,79.9,"B",7,7,8,8,"Non-metro",7,7,8,8
"1057",2020,"MISSOURI","MO","MONTGOMERY",29139,"PRESIDENT","DONALD J TRUMP","REPUBLICAN",4465,5772,20210622,"TOTAL",0.773562023562024,"11/30/2021",48,"Montgomery County","MO",45.5,5257,5256,52.8,5075,56.3,2044,82.9,91.2,5921,51.3,5860,58.9,5644,62.6,2175,88.2,"C",11,12,12,12,"Non-metro",7,8,8,8
"1058",2020,"MISSOURI","MO","MORGAN",29141,"PRESIDENT","DONALD J TRUMP","REPUBLICAN",7442,9487,20210622,"TOTAL",0.784441867819121,"11/30/2021",48,"Morgan County","MO",34.9,7204,7203,41.3,7022,44.3,3476,71.9,91.2,8164,39.6,8150,46.7,7928,50,3811,78.8,"C",10,11,11,12,"Non-metro",6,7,7,8
"1059",2020,"MISSOURI","MO","NEW MADRID",29143,"PRESIDENT","DONALD J TRUMP","REPUBLICAN",5447,7250,20210622,"TOTAL",0.751310344827586,"11/30/2021",48,"New Madrid County","MO",31.1,5305,5304,36.7,5120,39.1,1907,57.2,91.2,6099,35.7,6085,42.1,5848,44.6,2060,61.8,"D",14,14,14,15,"Non-metro",6,6,6,7
"1060",2020,"MISSOURI","MO","NEWTON",29145,"PRESIDENT","DONALD J TRUMP","REPUBLICAN",22120,28405,20210622,"TOTAL",0.778736138003873,"11/30/2021",48,"Newton County","MO",23.8,13888,13885,28.1,13191,29.6,4414,41.1,91.2,16099,27.6,16008,32.4,15130,34,4849,45.2,"B",5,5,5,6,"Metro",1,1,1,2
"1061",2020,"MISSOURI","MO","NODAWAY",29147,"PRESIDENT","DONALD J TRUMP","REPUBLICAN",6865,9893,20210622,"TOTAL",0.693924997472961,"11/30/2021",48,"Nodaway County","MO",45,9945,9942,50.1,9506,51,3057,88.5,91.2,10873,49.2,10826,54.5,10335,55.4,3218,93.1,"A",3,4,4,4,"Non-metro",7,8,8,8
"1062",2020,"MISSOURI","MO","OREGON",29149,"PRESIDENT","DONALD J TRUMP","REPUBLICAN",3847,4739,20210622,"TOTAL",0.811774635999156,"11/30/2021",48,"Oregon County","MO",28.8,3032,3032,33.7,2911,35.6,1197,48,91.2,3545,33.7,3536,39.3,3394,41.5,1346,53.9,"B",5,6,6,6,"Non-metro",5,6,6,6
"1063",2020,"MISSOURI","MO","OSAGE",29151,"PRESIDENT","DONALD J TRUMP","REPUBLICAN",6425,7539,20210622,"TOTAL",0.852235044435601,"11/30/2021",48,"Osage County","MO",37.4,5098,5097,43.6,4825,45.9,1647,68.2,91.2,5550,40.8,5522,47.2,5209,49.5,1731,71.7,"A",2,3,3,3,"Metro",2,3,3,3
"1064",2020,"MISSOURI","MO","OZARK",29153,"PRESIDENT","DONALD J TRUMP","REPUBLICAN",4064,4864,20210622,"TOTAL",0.835526315789474,"11/30/2021",48,"Ozark County","MO",29.1,2669,2668,33,2613,35.2,1236,46.1,91.2,3246,35.4,3234,40,3156,42.6,1506,56.1,"C",9,10,10,10,"Non-metro",5,6,6,6
"1065",2020,"MISSOURI","MO","PEMISCOT",29155,"PRESIDENT","DONALD J TRUMP","REPUBLICAN",4120,5735,20210622,"TOTAL",0.718395815170009,"11/30/2021",48,"Pemiscot County","MO",28.1,4438,4438,33.9,4304,36.6,1428,51.3,91.2,5733,36.3,5710,43.7,5537,47,1909,68.6,"D",13,14,14,15,"Non-metro",5,6,6,7
"1066",2020,"MISSOURI","MO","PERRY",29157,"PRESIDENT","DONALD J TRUMP","REPUBLICAN",7657,9447,20210622,"TOTAL",0.810521858791151,"11/30/2021",48,"Perry County","MO",37.1,7103,7101,43.4,6876,46.6,2666,72.4,91.2,7849,41,7808,47.7,7550,51.2,2820,76.6,"A",2,3,3,4,"Non-metro",6,7,7,8
"1067",2020,"MISSOURI","MO","PETTIS",29159,"PRESIDENT","DONALD J TRUMP","REPUBLICAN",13854,19097,20210622,"TOTAL",0.725454259831387,"11/30/2021",48,"Pettis County","MO",39.4,16669,16669,47.1,15905,49.9,5039,69.6,91.2,19128,45.2,19031,53.8,18094,56.7,5552,76.6,"D",14,15,15,15,"Non-metro",6,7,7,7
"1068",2020,"MISSOURI","MO","PHELPS",29161,"PRESIDENT","DONALD J TRUMP","REPUBLICAN",13480,19568,20210622,"TOTAL",0.688879803761243,"11/30/2021",48,"Phelps County","MO",40.3,17956,17946,46.7,16954,48.1,5183,68.6,91.2,20571,46.2,20279,52.7,19081,54.2,5750,76.1,"C",11,11,11,11,"Non-metro",7,7,7,7
"1069",2020,"MISSOURI","MO","PIKE",29163,"PRESIDENT","DONALD J TRUMP","REPUBLICAN",5863,7695,20210622,"TOTAL",0.761923326835607,"11/30/2021",48,"Pike County","MO",35.2,6441,6441,41.1,6248,43.6,2313,70.9,91.2,7215,39.4,7191,45.9,6960,48.6,2514,77,"C",10,11,11,12,"Non-metro",6,7,7,8
"1070",2020,"MISSOURI","MO","PLATTE",29165,"PRESIDENT","DONALD J TRUMP","REPUBLICAN",28917,57270,20210622,"TOTAL",0.504924044002095,"11/30/2021",48,"Platte County","MO",50.7,52990,52969,59.9,48465,60.6,12378,79.1,91.2,62466,59.8,60711,68.7,55583,69.5,14054,89.9,"A",4,4,4,4,"Metro",4,4,4,4
"1071",2020,"MISSOURI","MO","POLK",29167,"PRESIDENT","DONALD J TRUMP","REPUBLICAN",11850,15064,20210622,"TOTAL",0.786643653744025,"11/30/2021",48,"Polk County","MO",36.5,11735,11733,42.7,11137,44.8,4167,71,91.2,13354,41.5,13215,48.1,12498,50.3,4446,75.7,"C",10,11,11,12,"Metro",2,3,3,4
"1072",2020,"MISSOURI","MO","PULASKI",29169,"PRESIDENT","DONALD J TRUMP","REPUBLICAN",10329,14414,20210622,"TOTAL",0.716594977105592,"11/30/2021",48,"Pulaski County","MO",56.4,29645,29643,66.5,27839,67.6,3958,82.5,91.2,35075,66.7,34879,78.2,32637,79.3,4538,94.6,"C",12,12,12,12,"Non-metro",8,8,8,8
"1073",2020,"MISSOURI","MO","PUTNAM",29171,"PRESIDENT","DONALD J TRUMP","REPUBLICAN",1984,2361,20210622,"TOTAL",0.840321897501059,"11/30/2021",48,"Putnam County","MO",31.2,1463,1462,36.6,1431,39.3,661,56.5,91.2,1657,35.3,1650,41.3,1613,44.3,729,62.3,"C",10,10,10,11,"Non-metro",6,6,6,7
"1074",2020,"MISSOURI","MO","RALLS",29173,"PRESIDENT","DONALD J TRUMP","REPUBLICAN",4396,5662,20210622,"TOTAL",0.776404097492052,"11/30/2021",48,"Ralls County","MO",26.5,2730,2730,30.5,2630,32.3,1152,50.2,91.2,3012,29.2,3006,33.6,2894,35.6,1230,53.6,"A",1,2,2,3,"Non-metro",5,6,6,7
"1075",2020,"MISSOURI","MO","RANDOLPH",29175,"PRESIDENT","DONALD J TRUMP","REPUBLICAN",8018,10744,20210622,"TOTAL",0.746276991809382,"11/30/2021",48,"Randolph County","MO",34.5,8539,8535,40.2,8227,42.4,2893,68.1,91.2,10105,40.8,10032,47.2,9664,49.8,3329,78.3,"C",10,11,11,11,"Non-metro",6,7,7,7
"1076",2020,"MISSOURI","MO","RAY",29177,"PRESIDENT","DONALD J TRUMP","REPUBLICAN",8345,11649,20210622,"TOTAL",0.716370503905915,"11/30/2021",48,"Ray County","MO",36.9,8498,8496,43.2,8041,45,2626,60.5,91.2,9512,41.3,9417,47.8,8910,49.9,2862,65.9,"B",6,7,7,7,"Metro",2,3,3,3
"1077",2020,"MISSOURI","MO","REYNOLDS",29179,"PRESIDENT","DONALD J TRUMP","REPUBLICAN",2733,3298,20210622,"TOTAL",0.828684050939964,"11/30/2021",48,"Reynolds County","MO",24.3,1524,1524,27.7,1478,29.5,585,39.4,91.2,1774,28.3,1768,32.2,1712,34.2,659,44.4,"C",9,9,9,10,"Non-metro",5,5,5,6
"1078",2020,"MISSOURI","MO","RIPLEY",29181,"PRESIDENT","DONALD J TRUMP","REPUBLICAN",4839,5717,20210622,"TOTAL",0.846422949099178,"11/30/2021",48,"Ripley County","MO",26.9,3568,3568,31.7,3463,33.8,1525,55.1,91.2,4209,31.7,4202,37.4,4073,39.7,1682,60.7,"C",9,10,10,11,"Non-metro",5,6,6,7
"1079",2020,"MISSOURI","MO","ST. CHARLES",29183,"PRESIDENT","DONALD J TRUMP","REPUBLICAN",128389,222017,20210622,"TOTAL",0.578284545778026,"11/30/2021",48,"St. Charles County","MO",56.1,225448,225278,65.8,209376,67.6,55670,87.7,91.2,256131,63.7,250603,73.2,232687,75.1,61365,96.7,"A",4,4,4,4,"Metro",4,4,4,4
"1080",2020,"MISSOURI","MO","ST. CLAIR",29185,"PRESIDENT","DONALD J TRUMP","REPUBLICAN",3932,4974,20210622,"TOTAL",0.790510655408122,"11/30/2021",48,"St. Clair County","MO",32.1,3015,3015,36.6,2927,38.8,1385,53.5,91.2,3413,36.3,3401,41.3,3295,43.7,1487,57.4,"B",6,6,6,7,"Non-metro",6,6,6,7
"1081",2020,"MISSOURI","MO","STE. GENEVIEVE",29186,"PRESIDENT","DONALD J TRUMP","REPUBLICAN",6630,9484,20210622,"TOTAL",0.699072121467735,"11/30/2021",48,"Ste. Genevieve County","MO",42.3,7564,7563,49.1,7275,52,2696,74.9,91.2,8307,46.4,8236,53.5,7902,56.5,2852,79.3,"A",3,3,4,4,"Non-metro",7,7,8,8
"1082",2020,"MISSOURI","MO","ST. FRANCOIS",29187,"PRESIDENT","DONALD J TRUMP","REPUBLICAN",20511,28001,20210622,"TOTAL",0.732509553230242,"11/30/2021",48,"St. Francois County","MO",40.1,26964,26956,46.4,25864,48.7,7783,69.7,91.2,30946,46,30731,52.9,29471,55.5,8760,78.4,"C",11,11,11,11,"Non-metro",7,7,7,7
"1083",2020,"MISSOURI","MO","ST. LOUIS COUNTY",29189,"PRESIDENT","DONALD J TRUMP","REPUBLICAN",199493,536446,20210622,"TOTAL",0.371878996208379,"11/30/2021",48,"St. Louis County","MO",57.4,570660,570138,66.9,527469,67.9,157825,85.6,91.2,674591,67.9,657508,77.2,607172,78.2,177950,96.6,"B",8,8,8,8,"Metro",4,4,4,4
"1084",2020,"MISSOURI","MO","SALINE",29195,"PRESIDENT","DONALD J TRUMP","REPUBLICAN",6451,9519,20210622,"TOTAL",0.677697237104738,"11/30/2021",48,"Saline County","MO",43.5,9911,9911,51,9462,53.5,3179,74.7,91.2,11145,49,11093,57.1,10547,59.6,3417,80.3,"D",15,16,16,16,"Non-metro",7,8,8,8
"1085",2020,"MISSOURI","MO","SCHUYLER",29197,"PRESIDENT","DONALD J TRUMP","REPUBLICAN",1606,2003,20210622,"TOTAL",0.801797304043934,"11/30/2021",48,"Schuyler County","MO",26.5,1235,1235,32.3,1210,35,490,53.8,91.2,1372,29.4,1368,35.7,1341,38.7,551,60.5,"B",5,6,6,7,"Non-metro",5,6,6,7
"1086",2020,"MISSOURI","MO","SCOTLAND",29199,"PRESIDENT","DONALD J TRUMP","REPUBLICAN",1560,1984,20210622,"TOTAL",0.786290322580645,"11/30/2021",48,"Scotland County","MO",24.6,1205,1204,30.6,1143,32.8,503,55.4,91.2,1387,28.3,1382,35.1,1310,37.6,574,63.2,"C",9,10,10,11,"Non-metro",5,6,6,7
"1087",2020,"MISSOURI","MO","SCOTT",29201,"PRESIDENT","DONALD J TRUMP","REPUBLICAN",13769,17719,20210622,"TOTAL",0.777075455725492,"11/30/2021",48,"Scott County","MO",40.8,15635,15633,48.6,15110,51.9,5744,80.9,91.2,17779,46.4,17707,55,17030,58.5,6199,87.3,"D",15,15,16,16,"Non-metro",7,7,8,8
"1088",2020,"MISSOURI","MO","SHANNON",29203,"PRESIDENT","DONALD J TRUMP","REPUBLICAN",3165,3906,20210622,"TOTAL",0.810291858678955,"11/30/2021",48,"Shannon County","MO",28.5,2331,2331,33.2,2281,35.5,907,49.1,91.2,2525,30.9,2517,35.8,2458,38.3,941,50.9,"C",9,10,10,10,"Non-metro",5,6,6,6
"1089",2020,"MISSOURI","MO","SHELBY",29205,"PRESIDENT","DONALD J TRUMP","REPUBLICAN",2700,3350,20210622,"TOTAL",0.805970149253731,"11/30/2021",48,"Shelby County","MO",44.4,2634,2634,52.7,2538,56.4,1077,83.5,91.2,2865,48.3,2850,57,2748,61.1,1143,88.6,"B",7,8,8,8,"Non-metro",7,8,8,8
"1090",2020,"MISSOURI","MO","STODDARD",29207,"PRESIDENT","DONALD J TRUMP","REPUBLICAN",11484,13426,20210622,"TOTAL",0.855355280798451,"11/30/2021",48,"Stoddard County","MO",36.9,10719,10716,43,10330,45.5,4004,67.9,91.2,12249,42.2,12193,48.9,11730,51.7,4413,74.8,"B",6,7,7,7,"Non-metro",6,7,7,7
"1091",2020,"MISSOURI","MO","STONE",29209,"PRESIDENT","DONALD J TRUMP","REPUBLICAN",14800,18483,20210622,"TOTAL",0.800735811286047,"11/30/2021",48,"Stone County","MO",35.7,11422,11421,39.8,11073,41.4,5442,53.9,91.2,12859,40.2,12796,44.6,12382,46.3,6022,59.6,"B",6,6,7,7,"Non-metro",6,6,7,7
"1092",2020,"MISSOURI","MO","SULLIVAN",29211,"PRESIDENT","DONALD J TRUMP","REPUBLICAN",1974,2471,20210622,"TOTAL",0.798866855524079,"11/30/2021",48,"Sullivan County","MO",40.1,2442,2442,47.1,2354,49.8,866,68.5,91.2,2755,45.2,2747,52.9,2644,56,949,75,"C",11,11,11,11,"Non-metro",7,7,7,7
"1093",2020,"MISSOURI","MO","TANEY",29213,"PRESIDENT","DONALD J TRUMP","REPUBLICAN",20508,26288,20210622,"TOTAL",0.780127814972611,"11/30/2021",48,"Taney County","MO",37.9,21184,21179,43.8,20139,45.5,7452,60.2,91.2,24751,44.3,24584,50.8,23353,52.8,8719,70.4,"D",14,15,15,15,"Non-metro",6,7,7,7
"1094",2020,"MISSOURI","MO","TEXAS",29215,"PRESIDENT","DONALD J TRUMP","REPUBLICAN",9478,11315,20210622,"TOTAL",0.837649138311975,"11/30/2021",48,"Texas County","MO",30.4,7715,7715,35.3,7446,37.2,2831,51.9,91.2,8726,34.4,8693,39.8,8367,41.8,3099,56.8,"D",14,14,14,15,"Non-metro",6,6,6,7
"1095",2020,"MISSOURI","MO","VERNON",29217,"PRESIDENT","DONALD J TRUMP","REPUBLICAN",7155,9185,20210622,"TOTAL",0.778987479586282,"11/30/2021",48,"Vernon County","MO",32.7,6730,6730,38.6,6416,40.8,2394,59,91.2,7572,36.8,7551,43.3,7197,45.8,2608,64.3,"B",6,6,7,7,"Non-metro",6,6,7,7
"1096",2020,"MISSOURI","MO","WARREN",29219,"PRESIDENT","DONALD J TRUMP","REPUBLICAN",13222,18375,20210622,"TOTAL",0.71956462585034,"11/30/2021",48,"Warren County","MO",39,13894,13893,46.1,13169,48.4,4575,72.2,91.2,15426,43.3,15265,50.6,14450,53.1,4905,77.4,"B",6,7,7,8,"Metro",2,3,3,4
"1097",2020,"MISSOURI","MO","WASHINGTON",29221,"PRESIDENT","DONALD J TRUMP","REPUBLICAN",8047,9976,20210622,"TOTAL",0.806635926222935,"11/30/2021",48,"Washington County","MO",29.1,7204,7204,34.1,6931,36.2,2174,51,91.2,8507,34.4,8457,40,8122,42.5,2485,58.3,"D",13,14,14,15,"Non-metro",5,6,6,7
"1098",2020,"MISSOURI","MO","WAYNE",29223,"PRESIDENT","DONALD J TRUMP","REPUBLICAN",4987,5878,20210622,"TOTAL",0.848417829193603,"11/30/2021",48,"Wayne County","MO",33.7,4343,4342,38.9,4235,41.3,1952,62.3,91.2,5024,39,5003,44.8,4877,47.5,2183,69.7,"D",14,14,15,15,"Non-metro",6,6,7,7
"1099",2020,"MISSOURI","MO","WEBSTER",29225,"PRESIDENT","DONALD J TRUMP","REPUBLICAN",14880,18779,20210622,"TOTAL",0.79237446083391,"11/30/2021",48,"Webster County","MO",39.9,15787,15784,48.5,14990,51.8,4893,78.6,91.2,17857,45.1,17746,54.5,16813,58.1,5378,86.3,"C",10,11,12,12,"Metro",2,3,4,4
"1100",2020,"MISSOURI","MO","WORTH",29227,"PRESIDENT","DONALD J TRUMP","REPUBLICAN",877,1107,20210622,"TOTAL",0.79223125564589,"11/30/2021",48,"Worth County","MO",37.6,756,756,43.2,746,46.1,357,68.4,91.2,877,43.6,874,49.9,859,53.1,400,76.6,"A",2,3,3,3,"Non-metro",6,7,7,7
"1101",2020,"MISSOURI","MO","WRIGHT",29229,"PRESIDENT","DONALD J TRUMP","REPUBLICAN",7453,8739,20210622,"TOTAL",0.852843574779723,"11/30/2021",48,"Wright County","MO",33.8,6181,6179,40.5,5963,43.9,2462,68.6,91.2,7091,38.8,7073,46.4,6820,50.2,2732,76.2,"D",14,15,15,15,"Non-metro",6,7,7,7
"1102",2020,"MISSOURI","MO","ST. LOUIS CITY",29510,"PRESIDENT","DONALD J TRUMP","REPUBLICAN",21474,133867,20210622,"TOTAL",0.160412947178916,"11/30/2021",48,"St. Louis city","MO",51.9,156113,155993,59.8,147277,60.3,29312,68.2,91.2,191629,63.8,187632,72,176817,72.4,33922,78.9,"D",16,16,16,15,"Metro",4,4,4,3
"1103",2020,"MISSOURI","MO","KANSAS CITY",36000,"PRESIDENT","DONALD J TRUMP","REPUBLICAN",26393,136645,20210622,"TOTAL",0.193150133557759,NA,NA,NA,NA,NA,NA,NA,NA,NA,NA,NA,NA,NA,NA,NA,NA,NA,NA,NA,NA,NA,NA,NA,NA,NA,NA,NA,NA,NA,NA,NA
"1104",2020,"NEVADA","NV","CHURCHILL",32001,"PRESIDENT","DONALD J TRUMP","REPUBLICAN",9367,12881,20210622,"TOTAL",0.727195093548638,"11/30/2021",48,"Churchill County","NV",44.9,11182,11182,53.2,10606,55.2,3644,76.6,94.9,12960,52,12836,61.1,12167,63.3,4082,85.8,"C",11,12,12,12,"Non-metro",7,8,8,8
"1105",2020,"NEVADA","NV","CLARK",32003,"PRESIDENT","DONALD J TRUMP","REPUBLICAN",430809,972308,20210622,"TOTAL",0.443078736367489,"11/30/2021",48,"Clark County","NV",51.3,1163215,1161935,60.5,1087970,62.3,261519,76.3,94.9,1428566,63,1413606,73.6,1315353,75.3,311629,90.9,"C",12,12,12,12,"Metro",4,4,4,4
"1106",2020,"NEVADA","NV","DOUGLAS",32005,"PRESIDENT","DONALD J TRUMP","REPUBLICAN",21623,34117,20210622,"TOTAL",0.633789606354603,"11/30/2021",48,"Douglas County","NV",48.2,23592,23591,53.4,22651,55.1,10226,70.5,94.9,27094,55.4,26935,61,25810,62.8,11538,79.6,"A",3,4,4,4,"Non-metro",7,8,8,8
"1107",2020,"NEVADA","NV","ELKO",32007,"PRESIDENT","DONALD J TRUMP","REPUBLICAN",16734,21957,20210622,"TOTAL",0.762125973493647,"11/30/2021",48,"Elko County","NV",37.9,20005,20004,46.3,18756,48.8,4730,76,94.9,23699,44.9,23476,54.4,21826,56.8,5376,86.4,"C",10,11,11,12,"Non-metro",6,7,7,8
"1108",2020,"NEVADA","NV","ESMERALDA",32009,"PRESIDENT","DONALD J TRUMP","REPUBLICAN",395,480,20210622,"TOTAL",0.822916666666667,"11/30/2021",48,"Esmeralda County","NV",38.9,340,340,43,326,43.5,129,41.3,94.9,419,48,419,53,400,53.3,154,49.4,"C",10,11,11,10,"Non-metro",6,7,7,6
"1109",2020,"NEVADA","NV","EUREKA",32011,"PRESIDENT","DONALD J TRUMP","REPUBLICAN",887,1008,20210622,"TOTAL",0.879960317460317,"11/30/2021",48,"Eureka County","NV",24.9,506,506,29.4,499,32.6,162,48.8,94.9,596,29.4,594,34.5,582,38,182,54.8,"A",1,1,2,2,"Non-metro",5,5,6,6
"1110",2020,"NEVADA","NV","HUMBOLDT",32013,"PRESIDENT","DONALD J TRUMP","REPUBLICAN",5877,7771,20210622,"TOTAL",0.756273323896538,"11/30/2021",48,"Humboldt County","NV",38.3,6454,6451,46.8,6111,49.6,1799,74.1,94.9,7399,44,7354,53.4,6942,56.4,2033,83.8,"C",10,11,11,12,"Non-metro",6,7,7,8
"1111",2020,"NEVADA","NV","LANDER",32015,"PRESIDENT","DONALD J TRUMP","REPUBLICAN",2198,2765,20210622,"TOTAL",0.79493670886076,"11/30/2021",48,"Lander County","NV",36.7,2032,2032,44.8,1942,47.6,512,57.9,94.9,2255,40.8,2248,49.5,2137,52.3,560,63.3,"D",14,15,15,15,"Non-metro",6,7,7,7
"1112",2020,"NEVADA","NV","LINCOLN",32017,"PRESIDENT","DONALD J TRUMP","REPUBLICAN",2067,2446,20210622,"TOTAL",0.845053147996729,"11/30/2021",48,"Lincoln County","NV",36.2,1874,1873,41.3,1791,43,740,56.4,94.9,2036,39.3,2034,44.8,1943,46.7,777,59.3,"B",6,7,7,7,"Non-metro",6,7,7,7
"1113",2020,"NEVADA","NV","LYON",32019,"PRESIDENT","DONALD J TRUMP","REPUBLICAN",20906,30229,20210622,"TOTAL",0.691587548380694,"11/30/2021",48,"Lyon County","NV",38.2,21994,21992,44.5,21065,46.6,7154,58.7,94.9,25327,44,25171,50.9,24071,53.3,8054,66.1,"C",10,11,11,11,"Non-metro",6,7,7,7
"1114",2020,"NEVADA","NV","MINERAL",32021,"PRESIDENT","DONALD J TRUMP","REPUBLICAN",1420,2327,20210622,"TOTAL",0.61022776106575,"11/30/2021",48,"Mineral County","NV",52.7,2373,2372,60.9,2311,63.8,916,80,94.9,2740,60.8,2730,70.1,2651,73.2,1021,89.2,"D",16,16,16,16,"Non-metro",8,8,8,8
"1115",2020,"NEVADA","NV","NYE",32023,"PRESIDENT","DONALD J TRUMP","REPUBLICAN",17527,25376,20210622,"TOTAL",0.690691992433796,"11/30/2021",48,"Nye County","NV",42.8,19900,19889,47.9,19259,49.6,9567,67.9,94.9,22772,48.9,22605,54.4,21819,56.2,10584,75.1,"C",11,11,11,11,"Non-metro",7,7,7,7
"1116",2020,"NEVADA","NV","PERSHING",32027,"PRESIDENT","DONALD J TRUMP","REPUBLICAN",1731,2320,20210622,"TOTAL",0.746120689655172,"11/30/2021",48,"Pershing County","NV",33.7,2267,2267,37.9,2204,39.1,539,48.9,94.9,2648,39.4,2639,44.1,2549,45.2,588,53.3,"D",14,14,14,14,"Non-metro",6,6,6,6
"1117",2020,"NEVADA","NV","STOREY",32029,"PRESIDENT","DONALD J TRUMP","REPUBLICAN",1901,2868,20210622,"TOTAL",0.662831241283124,"11/30/2021",48,"Storey County","NV",19.1,789,789,20.5,759,20.9,314,23.7,94.9,895,21.7,893,23.2,859,23.7,353,26.6,"A",1,1,1,1,"Metro",1,1,1,1
"1118",2020,"NEVADA","NV","WASHOE",32031,"PRESIDENT","DONALD J TRUMP","REPUBLICAN",116653,251956,20210622,"TOTAL",0.462989569607392,"11/30/2021",48,"Washoe County","NV",59,278423,278329,68.7,260908,70.3,68439,86.2,94.9,321360,68.2,316930,78.3,296454,79.9,77417,97.5,"C",12,12,12,12,"Metro",4,4,4,4
"1119",2020,"NEVADA","NV","WHITE PINE",32033,"PRESIDENT","DONALD J TRUMP","REPUBLICAN",3400,4363,20210622,"TOTAL",0.779280311712125,"11/30/2021",48,"White Pine County","NV",48.7,4664,4663,56.1,4501,58.9,1370,78.1,94.9,5173,54,5157,62.1,4943,64.7,1478,84.3,"B",7,8,8,8,"Non-metro",7,8,8,8
"1120",2020,"NEVADA","NV","CARSON CITY",32510,"PRESIDENT","DONALD J TRUMP","REPUBLICAN",16113,29739,20210622,"TOTAL",0.541813779884999,"11/30/2021",48,"Carson City","NV",59.4,33208,33205,68.6,31482,70.6,10710,92.5,94.9,37714,67.4,37421,77.3,35358,79.3,11943,99.9,"D",16,16,16,16,"Metro",4,4,4,4
"1121",2020,"NEW HAMPSHIRE","NH","BELKNAP",33001,"PRESIDENT","DONALD J TRUMP","REPUBLICAN",20899,38391,20210622,"TOTAL",0.544372378942981,"11/30/2021",48,"Belknap County","NH",57.7,35392,35362,65.1,33634,67.1,11872,84.9,94.2,49830,81.3,49321,90.8,47211,94.2,20053,99.9,"A",4,4,4,4,"Non-metro",8,8,8,8
"1122",2020,"NEW HAMPSHIRE","NH","CARROLL",33003,"PRESIDENT","DONALD J TRUMP","REPUBLICAN",16150,33221,20210622,"TOTAL",0.486138286023901,"11/30/2021",48,"Carroll County","NH",66.9,32703,32697,74,31155,75.2,12140,85.7,94.2,42790,87.5,42239,95.5,40447,97.7,17174,99.9,"A",4,4,4,4,"Non-metro",8,8,8,8
"1123",2020,"NEW HAMPSHIRE","NH","CHESHIRE",33005,"PRESIDENT","DONALD J TRUMP","REPUBLICAN",17898,44220,20210622,"TOTAL",0.404748982360923,"11/30/2021",48,"Cheshire County","NH",58.2,44318,44276,65.8,41807,66.8,13831,87.9,94.2,59906,78.7,59315,88.1,56417,90.2,21903,99.9,"A",4,4,4,4,"Non-metro",8,8,8,8
"1124",2020,"NEW HAMPSHIRE","NH","COOS",33007,"PRESIDENT","DONALD J TRUMP","REPUBLICAN",8617,16515,20210622,"TOTAL",0.521768089615501,"11/30/2021",48,"Coos County","NH",61.1,19277,19270,67.8,18397,69.4,6391,83.6,94.2,25498,80.8,25211,88.7,24213,91.4,9274,99.9,"C",12,12,12,12,"Non-metro",8,8,8,8
"1125",2020,"NEW HAMPSHIRE","NH","GRAFTON",33009,"PRESIDENT","DONALD J TRUMP","REPUBLICAN",19905,53966,20210622,"TOTAL",0.368843345810325,"11/30/2021",48,"Grafton County","NH",69.7,62662,62615,77.5,59091,78.2,18090,94.3,94.2,84063,93.5,83060,99.9,78709,99.9,27843,99.9,"A",4,4,4,4,"Non-metro",8,8,8,8
"1126",2020,"NEW HAMPSHIRE","NH","HILLSBOROUGH",33011,"PRESIDENT","DONALD J TRUMP","REPUBLICAN",104625,230941,20210622,"TOTAL",0.453037788872483,"11/30/2021",48,"Hillsborough County","NH",58.6,244515,244362,67.2,228781,68.7,56138,83,94.2,333055,79.9,328852,90.5,309954,93.1,92625,99.9,"A",4,4,4,4,"Metro",4,4,4,4
"1127",2020,"NEW HAMPSHIRE","NH","MERRIMACK",33013,"PRESIDENT","DONALD J TRUMP","REPUBLICAN",39711,89805,20210622,"TOTAL",0.442191414731919,"11/30/2021",48,"Merrimack County","NH",64.2,97263,97155,72.8,91685,74.7,28402,99.9,94.2,130695,86.3,128859,96.6,122353,99.6,43623,99.9,"A",4,4,4,4,"Non-metro",8,8,8,8
"1128",2020,"NEW HAMPSHIRE","NH","ROCKINGHAM",33015,"PRESIDENT","DONALD J TRUMP","REPUBLICAN",95858,198798,20210622,"TOTAL",0.482187949576958,"11/30/2021",48,"Rockingham County","NH",62.1,192433,192293,70.4,179556,71.6,50050,87,94.2,264232,85.3,260359,95.3,245214,97.8,83072,99.9,"A",4,4,4,4,"Metro",4,4,4,4
"1129",2020,"NEW HAMPSHIRE","NH","STRAFFORD",33017,"PRESIDENT","DONALD J TRUMP","REPUBLICAN",30489,73596,20210622,"TOTAL",0.414275232349584,"11/30/2021",48,"Strafford County","NH",57.9,75642,75556,65.5,70599,66.1,18261,90.5,94.2,105237,80.6,103724,89.9,97887,91.6,31351,99.9,"A",4,4,4,4,"Metro",4,4,4,4
"1130",2020,"NEW HAMPSHIRE","NH","SULLIVAN",33019,"PRESIDENT","DONALD J TRUMP","REPUBLICAN",11508,24380,20210622,"TOTAL",0.472026251025431,"11/30/2021",48,"Sullivan County","NH",58.5,25251,25223,66.2,24015,68.4,8011,84.1,94.2,32724,75.8,32471,85.3,30922,88,11558,99.9,"A",4,4,4,4,"Non-metro",8,8,8,8
"1131",2020,"NEW JERSEY","NJ","ATLANTIC",34001,"PRESIDENT","DONALD J TRUMP","REPUBLICAN",64438,140031,20210622,"TOTAL",0.460169533888925,"11/30/2021",48,"Atlantic County","NJ",60.1,158449,158288,69.5,149471,71.8,40967,83.6,93.6,188041,71.3,185518,81.5,175174,84.2,48606,99.1,"D",16,16,16,16,"Metro",4,4,4,4
"1132",2020,"NEW JERSEY","NJ","BERGEN",34003,"PRESIDENT","DONALD J TRUMP","REPUBLICAN",204417,495849,20210622,"TOTAL",0.412256553910566,"11/30/2021",48,"Bergen County","NJ",70,652903,651765,80.8,604633,82.2,142147,86.3,93.6,764162,82,749971,92.9,697376,94.8,168199,99.9,"A",4,4,4,4,"Metro",4,4,4,4
"1133",2020,"NEW JERSEY","NJ","BURLINGTON",34005,"PRESIDENT","DONALD J TRUMP","REPUBLICAN",103345,261497,20210622,"TOTAL",0.395205298722356,"11/30/2021",48,"Burlington County","NJ",67.7,301632,301299,77.8,281816,79.8,69111,89.3,93.6,349095,78.4,340576,88,318737,90.2,78752,99.9,"A",4,4,4,4,"Metro",4,4,4,4
"1134",2020,"NEW JERSEY","NJ","CAMDEN",34007,"PRESIDENT","DONALD J TRUMP","REPUBLICAN",86207,264616,20210622,"TOTAL",0.325781509810442,"11/30/2021",48,"Camden County","NJ",61.1,309590,308920,71.6,286765,73.1,66420,81.5,93.6,365938,72.3,357539,82.9,332748,84.8,78609,96.4,"C",12,12,12,12,"Metro",4,4,4,4
"1135",2020,"NEW JERSEY","NJ","CAPE MAY",34009,"PRESIDENT","DONALD J TRUMP","REPUBLICAN",33158,57714,20210622,"TOTAL",0.574522646151714,"11/30/2021",48,"Cape May County","NJ",67.9,62501,62478,76.5,59894,78.7,22139,88,93.6,72613,78.9,71924,88.1,68915,90.6,26018,99.9,"B",8,8,8,8,"Metro",4,4,4,4
"1136",2020,"NEW JERSEY","NJ","CUMBERLAND",34011,"PRESIDENT","DONALD J TRUMP","REPUBLICAN",28952,62408,20210622,"TOTAL",0.463914882707345,"11/30/2021",48,"Cumberland County","NJ",45.4,67903,67792,53.8,63463,55.6,15360,65.7,93.6,86498,57.8,85574,67.9,80474,70.6,20398,87.2,"D",15,16,16,15,"Metro",3,4,4,3
"1137",2020,"NEW JERSEY","NJ","ESSEX",34013,"PRESIDENT","DONALD J TRUMP","REPUBLICAN",75475,345311,20210622,"TOTAL",0.218571085195664,"11/30/2021",48,"Essex County","NJ",63.3,505776,503469,74.9,465017,76.3,90301,81.3,93.6,613874,76.8,598949,89.1,553881,90.9,109783,98.8,"D",16,16,16,16,"Metro",4,4,4,4
"1138",2020,"NEW JERSEY","NJ","GLOUCESTER",34015,"PRESIDENT","DONALD J TRUMP","REPUBLICAN",83340,172654,20210622,"TOTAL",0.482699503052347,"11/30/2021",48,"Gloucester County","NJ",56.1,163675,163330,64.9,152059,66.5,36632,77,93.6,197165,67.6,193135,76.7,180640,79,45158,94.9,"A",4,4,4,4,"Metro",4,4,4,4
"1139",2020,"NEW JERSEY","NJ","HUDSON",34017,"PRESIDENT","DONALD J TRUMP","REPUBLICAN",65698,249850,20210622,"TOTAL",0.262949769861917,"11/30/2021",48,"Hudson County","NJ",68.4,460113,459563,80,430240,80.3,63506,77.5,93.6,555713,82.6,545042,94.9,510137,95.2,76276,93.1,"C",12,12,12,12,"Metro",4,4,4,4
"1140",2020,"NEW JERSEY","NJ","HUNTERDON",34019,"PRESIDENT","DONALD J TRUMP","REPUBLICAN",43153,84242,20210622,"TOTAL",0.512250421405,"11/30/2021",48,"Hunterdon County","NJ",64.3,79922,79856,72.4,75428,74.9,19916,82.7,93.6,96472,77.6,94754,85.9,89658,89.1,24507,99.9,"A",4,4,4,4,"Metro",4,4,4,4
"1141",2020,"NEW JERSEY","NJ","MERCER",34021,"PRESIDENT","DONALD J TRUMP","REPUBLICAN",51641,176604,20210622,"TOTAL",0.292411270412901,"11/30/2021",48,"Mercer County","NJ",62.9,231188,230788,72.9,212515,73.4,45986,80,93.6,284162,77.3,277248,87.6,255648,88.3,57054,99.2,"C",12,12,12,12,"Metro",4,4,4,4
"1142",2020,"NEW JERSEY","NJ","MIDDLESEX",34023,"PRESIDENT","DONALD J TRUMP","REPUBLICAN",143467,374362,20210622,"TOTAL",0.383230669779518,"11/30/2021",48,"Middlesex County","NJ",65.5,540801,540159,76.3,499164,77.2,105666,82.7,93.6,639957,77.6,626736,88.5,580034,89.8,125916,98.6,"B",8,8,8,8,"Metro",4,4,4,4
"1143",2020,"NEW JERSEY","NJ","MONMOUTH",34025,"PRESIDENT","DONALD J TRUMP","REPUBLICAN",191808,378151,20210622,"TOTAL",0.507225949422321,"11/30/2021",48,"Monmouth County","NJ",62,383672,383281,71.1,361423,73.9,92545,82.3,93.6,451713,73,445950,82.7,420989,86,110702,98.4,"A",4,4,4,4,"Metro",4,4,4,4
"1144",2020,"NEW JERSEY","NJ","MORRIS",34027,"PRESIDENT","DONALD J TRUMP","REPUBLICAN",141134,299322,20210622,"TOTAL",0.471512284429477,"11/30/2021",48,"Morris County","NJ",71.2,350304,349601,81.6,326084,83.7,76998,89,93.6,403403,82,394422,92,368205,94.6,87821,99.9,"A",4,4,4,4,"Metro",4,4,4,4
"1145",2020,"NEW JERSEY","NJ","OCEAN",34029,"PRESIDENT","DONALD J TRUMP","REPUBLICAN",217740,341516,20210622,"TOTAL",0.637568957237728,"11/30/2021",48,"Ocean County","NJ",50.1,304371,304119,59.9,292980,63.6,107989,78.1,93.6,356000,58.6,353777,69.7,340729,74,127455,92.1,"B",8,8,8,8,"Metro",4,4,4,4
"1146",2020,"NEW JERSEY","NJ","PASSAIC",34031,"PRESIDENT","DONALD J TRUMP","REPUBLICAN",92009,223707,20210622,"TOTAL",0.411292449498675,"11/30/2021",48,"Passaic County","NJ",62.6,314194,313950,74.4,290423,75.9,61216,81.4,93.6,370063,73.7,365871,86.7,338106,88.3,71488,95.1,"D",16,16,16,16,"Metro",4,4,4,4
"1147",2020,"NEW JERSEY","NJ","SALEM",34033,"PRESIDENT","DONALD J TRUMP","REPUBLICAN",18827,33922,20210622,"TOTAL",0.555008549024232,"11/30/2021",48,"Salem County","NJ",49.8,31044,31000,57.8,29345,59.8,8632,72.7,93.6,38170,61.2,37760,70.3,35787,73,11077,93.3,"C",11,12,12,12,"Metro",3,4,4,4
"1148",2020,"NEW JERSEY","NJ","SOMERSET",34035,"PRESIDENT","DONALD J TRUMP","REPUBLICAN",71996,185859,20210622,"TOTAL",0.38736891944969,"11/30/2021",48,"Somerset County","NJ",68.3,224790,224376,78.5,207899,80.5,44851,84.3,93.6,267743,81.4,261154,91.4,242577,94,53659,99.9,"A",4,4,4,4,"Metro",4,4,4,4
"1149",2020,"NEW JERSEY","NJ","SUSSEX",34037,"PRESIDENT","DONALD J TRUMP","REPUBLICAN",51698,87960,20210622,"TOTAL",0.587744429286039,"11/30/2021",48,"Sussex County","NJ",57.8,81141,81035,65.4,76938,67.9,20282,80.4,93.6,94500,67.3,93418,75.4,88741,78.4,23743,94.1,"A",4,4,4,4,"Metro",4,4,4,4
"1150",2020,"NEW JERSEY","NJ","UNION",34039,"PRESIDENT","DONALD J TRUMP","REPUBLICAN",80002,252991,20210622,"TOTAL",0.316224687834745,"11/30/2021",48,"Union County","NJ",63.2,351601,350938,74.6,322615,75.6,61885,75.5,93.6,422485,75.9,413705,87.9,381042,89.3,75611,92.2,"C",12,12,12,12,"Metro",4,4,4,4
"1151",2020,"NEW JERSEY","NJ","WARREN",34041,"PRESIDENT","DONALD J TRUMP","REPUBLICAN",34769,60787,20210622,"TOTAL",0.571980851168835,"11/30/2021",48,"Warren County","NJ",61.9,65158,65110,70.1,61699,72.7,18438,93.5,93.6,77945,74,77001,82.9,73065,86,21874,99.9,"A",4,4,4,4,"Metro",4,4,4,4
"1152",2020,"NEW MEXICO","NM","BERNALILLO",35001,"PRESIDENT","DONALD J TRUMP","REPUBLICAN",116135,317590,20210622,"TOTAL",0.36567587140653,"11/30/2021",48,"Bernalillo County","NM",63.6,432244,431941,73.8,400346,75,100863,87.8,97.2,510392,75.2,499769,85.4,462768,86.7,115544,99.9,"C",12,12,12,12,"Metro",4,4,4,4
"1153",2020,"NEW MEXICO","NM","CATRON",35003,"PRESIDENT","DONALD J TRUMP","REPUBLICAN",1698,2326,20210622,"TOTAL",0.730008598452279,"11/30/2021",48,"Catron County","NM",43.4,1532,1532,46.6,1499,48.2,853,55.9,97.2,1761,49.9,1757,53.5,1723,55.3,975,63.9,"B",7,7,7,7,"Non-metro",7,7,7,7
"1154",2020,"NEW MEXICO","NM","CHAVES",35005,"PRESIDENT","DONALD J TRUMP","REPUBLICAN",15656,22443,20210622,"TOTAL",0.697589448825915,"11/30/2021",48,"Chaves County","NM",40.8,26355,26346,48.9,24551,51.3,7620,73,97.2,30751,47.6,30460,56.5,28297,59.1,8479,81.3,"D",15,15,16,16,"Non-metro",7,7,8,8
"1155",2020,"NEW MEXICO","NM","CIBOLA",35006,"PRESIDENT","DONALD J TRUMP","REPUBLICAN",3975,8903,20210622,"TOTAL",0.446478715039874,"11/30/2021",48,"Cibola County","NM",62.4,16657,16653,74,15360,75,4026,90.1,97.2,21433,80.3,20901,92.9,19108,93.3,4925,99.9,"D",16,16,16,16,"Non-metro",8,8,8,8
"1156",2020,"NEW MEXICO","NM","COLFAX",35007,"PRESIDENT","DONALD J TRUMP","REPUBLICAN",3271,6016,20210622,"TOTAL",0.543716755319149,"11/30/2021",48,"Colfax County","NM",57.7,6887,6887,65.2,6592,67.2,2533,77.5,97.2,7758,65,7702,73,7352,75,2840,86.9,"D",16,16,16,16,"Non-metro",8,8,8,8
"1157",2020,"NEW MEXICO","NM","CURRY",35009,"PRESIDENT","DONALD J TRUMP","REPUBLICAN",10444,15101,20210622,"TOTAL",0.691609827163764,"11/30/2021",48,"Curry County","NM",45.3,22183,22171,55.4,21121,58.4,4463,71,97.2,26754,54.7,26531,66.2,25248,69.9,5028,79.9,"D",15,16,16,16,"Non-metro",7,8,8,8
"1158",2020,"NEW MEXICO","NM","DE BACA",35011,"PRESIDENT","DONALD J TRUMP","REPUBLICAN",656,901,20210622,"TOTAL",0.728079911209767,"11/30/2021",48,"De Baca County","NM",47.3,826,826,55.3,803,59.2,357,71.3,97.2,915,52.3,912,61,883,65.1,381,76,"C",11,12,12,12,"Non-metro",7,8,8,8
"1159",2020,"NEW MEXICO","NM","DONA ANA",35013,"PRESIDENT","DONALD J TRUMP","REPUBLICAN",32802,82641,20210622,"TOTAL",0.396921624859331,"11/30/2021",48,"Dona Ana County","NM",67.3,146846,146757,79.9,134671,81.5,33669,95.1,97.2,175627,80.5,172476,93.9,157652,95.4,39285,99.9,"D",16,16,16,16,"Metro",4,4,4,4
"1160",2020,"NEW MEXICO","NM","EDDY",35015,"PRESIDENT","DONALD J TRUMP","REPUBLICAN",17454,23222,20210622,"TOTAL",0.751614847988976,"11/30/2021",48,"Eddy County","NM",42.1,24606,24604,51.3,23202,54,6160,72.2,97.2,28766,49.2,28502,59.4,26881,62.6,6835,80.1,"C",11,12,12,12,"Non-metro",7,8,8,8
"1161",2020,"NEW MEXICO","NM","GRANT",35017,"PRESIDENT","DONALD J TRUMP","REPUBLICAN",6553,14435,20210622,"TOTAL",0.453966054728091,"11/30/2021",48,"Grant County","NM",63.3,17078,17074,72.4,16155,74.2,6658,86.2,97.2,19731,73.1,19313,81.9,18207,83.7,7366,95.4,"D",16,16,16,16,"Non-metro",8,8,8,8
"1162",2020,"NEW MEXICO","NM","GUADALUPE",35019,"PRESIDENT","DONALD J TRUMP","REPUBLICAN",917,2189,20210622,"TOTAL",0.418912745545911,"11/30/2021",48,"Guadalupe County","NM",64,2751,2751,73.3,2519,73.6,717,84.1,97.2,3067,71.3,3016,80.4,2766,80.9,779,91.3,"D",16,16,16,16,"Non-metro",8,8,8,8
"1163",2020,"NEW MEXICO","NM","HARDING",35021,"PRESIDENT","DONALD J TRUMP","REPUBLICAN",319,505,20210622,"TOTAL",0.631683168316832,"11/30/2021",48,"Harding County","NM",54.6,341,341,59.6,325,58.6,146,59.6,97.2,390,62.4,384,67.1,362,65.2,163,66.5,"B",8,8,8,7,"Non-metro",8,8,8,7
"1164",2020,"NEW MEXICO","NM","HIDALGO",35023,"PRESIDENT","DONALD J TRUMP","REPUBLICAN",1120,1974,20210622,"TOTAL",0.567375886524823,"11/30/2021",48,"Hidalgo County","NM",53.8,2258,2258,63.4,2093,64.4,674,71.5,97.2,2605,62.1,2546,71.5,2361,72.6,748,79.3,"D",16,16,16,16,"Non-metro",8,8,8,8
"1165",2020,"NEW MEXICO","NM","LEA",35025,"PRESIDENT","DONALD J TRUMP","REPUBLICAN",16531,20918,20210622,"TOTAL",0.790276317047519,"11/30/2021",48,"Lea County","NM",39.5,28108,28103,49.4,25869,51.8,5628,69.7,97.2,33656,47.4,33375,58.6,30614,61.3,6251,77.4,"D",14,15,16,15,"Non-metro",6,7,8,7
"1166",2020,"NEW MEXICO","NM","LINCOLN",35027,"PRESIDENT","DONALD J TRUMP","REPUBLICAN",6942,10306,20210622,"TOTAL",0.673588201047933,"11/30/2021",48,"Lincoln County","NM",54.7,10698,10693,62,10319,64.5,4517,79,97.2,12631,64.5,12522,72.6,12068,75.4,5235,91.6,"B",8,8,8,8,"Non-metro",8,8,8,8
"1167",2020,"NEW MEXICO","NM","LOS ALAMOS",35028,"PRESIDENT","DONALD J TRUMP","REPUBLICAN",4278,12293,20210622,"TOTAL",0.348002928495892,"11/30/2021",48,"Los Alamos County","NM",77.1,14941,14924,89.5,13563,89.8,3323,94.9,97.2,17225,88.9,16506,99,15022,99.5,3714,99.9,"A",4,4,4,4,"Non-metro",8,8,8,8
"1168",2020,"NEW MEXICO","NM","LUNA",35029,"PRESIDENT","DONALD J TRUMP","REPUBLICAN",4408,8103,20210622,"TOTAL",0.543996050845366,"11/30/2021",48,"Luna County","NM",65,15405,15405,79,14245,81.2,4569,90.8,97.2,18051,76.1,17806,91.3,16380,93.3,5111,99.9,"D",16,16,16,16,"Non-metro",8,8,8,8
"1169",2020,"NEW MEXICO","NM","MCKINLEY",35031,"PRESIDENT","DONALD J TRUMP","REPUBLICAN",7801,26486,20210622,"TOTAL",0.294532960809484,"11/30/2021",48,"McKinley County","NM",74.1,52895,52856,90.7,45021,87.8,9447,99.9,97.2,72164,99.9,69831,99.9,60759,99.9,13027,99.9,"D",16,16,16,16,"Non-metro",8,8,8,8
"1170",2020,"NEW MEXICO","NM","MORA",35033,"PRESIDENT","DONALD J TRUMP","REPUBLICAN",903,2686,20210622,"TOTAL",0.336187639612807,"11/30/2021",48,"Mora County","NM",59.6,2696,2696,67.1,2530,67.6,974,74.5,97.2,3162,69.9,3085,76.8,2877,76.9,1101,84.2,"D",16,16,16,16,"Non-metro",8,8,8,8
"1171",2020,"NEW MEXICO","NM","OTERO",35035,"PRESIDENT","DONALD J TRUMP","REPUBLICAN",14521,23571,20210622,"TOTAL",0.616053625217428,"11/30/2021",48,"Otero County","NM",53.6,36189,36175,63.5,33987,65.3,9216,78.9,97.2,43390,64.3,42774,75.1,40112,77,10515,90,"D",16,16,16,16,"Non-metro",8,8,8,8
"1172",2020,"NEW MEXICO","NM","QUAY",35037,"PRESIDENT","DONALD J TRUMP","REPUBLICAN",2634,3873,20210622,"TOTAL",0.68009295120062,"11/30/2021",48,"Quay County","NM",44.5,3676,3676,51.7,3543,54.6,1479,69.7,97.2,4309,52.2,4264,59.9,4091,63.1,1695,79.9,"D",15,16,16,15,"Non-metro",7,8,8,7
"1173",2020,"NEW MEXICO","NM","RIO ARRIBA",35039,"PRESIDENT","DONALD J TRUMP","REPUBLICAN",5408,16628,20210622,"TOTAL",0.32523454414241,"11/30/2021",48,"Rio Arriba County","NM",70.5,27429,27425,83.1,25128,83.9,7011,89.7,97.2,32624,83.8,31822,96.4,29187,97.5,8249,99.9,"",NA,NA,NA,NA,"Non-metro",8,8,8,8
"1174",2020,"NEW MEXICO","NM","ROOSEVELT",35041,"PRESIDENT","DONALD J TRUMP","REPUBLICAN",4634,6608,20210622,"TOTAL",0.701271186440678,"11/30/2021",48,"Roosevelt County","NM",34.3,6354,6353,41.1,5979,42.7,1542,56.8,97.2,7752,41.9,7694,49.7,7255,51.8,1898,69.9,"D",14,15,15,15,"Non-metro",6,7,7,7
"1175",2020,"NEW MEXICO","NM","SANDOVAL",35043,"PRESIDENT","DONALD J TRUMP","REPUBLICAN",34174,76562,20210622,"TOTAL",0.446357200700086,"11/30/2021",48,"Sandoval County","NM",64.9,95302,95254,75.9,87325,77.1,25486,94.1,97.2,114685,78.2,111724,89,102396,90.4,29409,99.9,"B",8,8,8,8,"Metro",4,4,4,4
"1176",2020,"NEW MEXICO","NM","SAN JUAN",35045,"PRESIDENT","DONALD J TRUMP","REPUBLICAN",32874,52294,20210622,"TOTAL",0.628638084675106,"11/30/2021",48,"San Juan County","NM",64.7,80229,79922,77.4,71408,77.9,18910,97.5,97.2,99276,80.1,96724,93.7,86496,94.3,21271,99.9,"D",16,16,16,16,"Metro",4,4,4,4
"1177",2020,"NEW MEXICO","NM","SAN MIGUEL",35047,"PRESIDENT","DONALD J TRUMP","REPUBLICAN",3421,11531,20210622,"TOTAL",0.296678518775475,"11/30/2021",48,"San Miguel County","NM",61.6,16814,16814,69.4,15664,69.6,4851,78.7,97.2,19210,70.4,18838,77.7,17501,77.7,5433,88.1,"D",16,16,16,16,"Non-metro",8,8,8,8
"1178",2020,"NEW MEXICO","NM","SANTA FE",35049,"PRESIDENT","DONALD J TRUMP","REPUBLICAN",18329,82227,20210622,"TOTAL",0.222907317547764,"11/30/2021",48,"Santa Fe County","NM",73.9,111064,110998,82.9,104383,84.2,36323,95.3,97.2,134172,89.2,131524,98.2,123741,99.8,43025,99.9,"C",12,12,12,12,"Metro",4,4,4,4
"1179",2020,"NEW MEXICO","NM","SIERRA",35051,"PRESIDENT","DONALD J TRUMP","REPUBLICAN",3542,5945,20210622,"TOTAL",0.595794785534062,"11/30/2021",48,"Sierra County","NM",61.5,6634,6634,68.9,6405,70.5,3139,77.7,97.2,7546,69.9,7506,78,7234,79.6,3483,86.2,"D",16,16,16,16,"Non-metro",8,8,8,8
"1180",2020,"NEW MEXICO","NM","SOCORRO",35053,"PRESIDENT","DONALD J TRUMP","REPUBLICAN",3255,7160,20210622,"TOTAL",0.454608938547486,"11/30/2021",48,"Socorro County","NM",62.2,10343,10342,72.7,9634,74.4,2651,79.5,97.2,11747,70.6,11635,81.7,10829,83.7,2943,88.2,"D",16,16,16,16,"Non-metro",8,8,8,8
"1181",2020,"NEW MEXICO","NM","TAOS",35055,"PRESIDENT","DONALD J TRUMP","REPUBLICAN",3715,17181,20210622,"TOTAL",0.216227227751586,"11/30/2021",48,"Taos County","NM",75.7,24786,24785,85,23221,85.9,8470,94,97.2,29361,89.7,28716,98.5,26924,99.6,9858,99.9,"D",16,16,16,16,"Non-metro",8,8,8,8
"1182",2020,"NEW MEXICO","NM","TORRANCE",35057,"PRESIDENT","DONALD J TRUMP","REPUBLICAN",4772,7281,20210622,"TOTAL",0.65540447740695,"11/30/2021",48,"Torrance County","NM",43.9,6794,6794,50.3,6402,51.9,2231,67.2,97.2,7753,50.1,7660,56.8,7207,58.4,2458,74.1,"C",11,12,12,11,"Metro",3,4,4,3
"1183",2020,"NEW MEXICO","NM","UNION",35059,"PRESIDENT","DONALD J TRUMP","REPUBLICAN",1388,1789,20210622,"TOTAL",0.775852431525992,"11/30/2021",48,"Union County","NM",42.5,1724,1724,48.4,1646,49.9,643,72.5,97.2,1937,47.7,1928,54.1,1832,55.5,702,79.1,"C",11,11,11,12,"Non-metro",7,7,7,8
"1184",2020,"NEW MEXICO","NM","VALENCIA",35061,"PRESIDENT","DONALD J TRUMP","REPUBLICAN",17364,32277,20210622,"TOTAL",0.537968212659169,"11/30/2021",48,"Valencia County","NM",53.8,41259,41239,63.3,38242,65,11015,78.8,97.2,47508,61.9,47007,72.1,43516,74,12361,88.4,"D",16,16,16,16,"Metro",4,4,4,4
"1185",2020,"NEW YORK","NY","ALBANY",36001,"PRESIDENT","DONALD J TRUMP","REPUBLICAN",51081,154727,20210622,"TOTAL",0.330136304588081,"11/30/2021",48,"Albany County","NY",68.3,208535,208184,77.5,194655,77.9,48717,91.4,97.6,231875,75.9,225430,83.9,210691,84.4,53956,99.9,"B",8,8,8,8,"Metro",4,4,4,4
"1186",2020,"NEW YORK","NY","ALLEGANY",36003,"PRESIDENT","DONALD J TRUMP","REPUBLICAN",14135,20895,20210622,"TOTAL",0.67647762622637,"11/30/2021",48,"Allegany County","NY",39.9,18372,18362,45.8,17260,46.9,5868,64.8,97.6,20013,43.4,19732,49.2,18544,50.4,6322,69.8,"C",10,11,11,11,"Non-metro",6,7,7,7
"1187",2020,"NEW YORK","NY","BRONX",36005,"PRESIDENT","DONALD J TRUMP","REPUBLICAN",67740,432399,20210622,"TOTAL",0.156660861842881,"11/30/2021",48,"Bronx County","NY",63.7,903147,903026,76.5,830328,77.6,152978,81,97.6,1040836,73.4,1033480,87.5,947802,88.6,170356,90.2,"D",16,16,16,16,"Metro",4,4,4,4
"1188",2020,"NEW YORK","NY","BROOME",36007,"PRESIDENT","DONALD J TRUMP","REPUBLICAN",43800,93494,20210622,"TOTAL",0.468479260701221,"11/30/2021",48,"Broome County","NY",58.9,112203,112115,67.4,105701,68.8,31762,85.9,97.6,121565,63.8,119342,71.7,112436,73.2,33924,91.7,"C",12,12,12,12,"Metro",4,4,4,4
"1189",2020,"NEW YORK","NY","CATTARAUGUS",36009,"PRESIDENT","DONALD J TRUMP","REPUBLICAN",22155,35018,20210622,"TOTAL",0.632674624478839,"11/30/2021",48,"Cattaraugus County","NY",51.1,38911,38897,59.4,36468,61.3,12018,80,97.6,43505,57.2,42864,65.5,40174,67.5,13360,88.9,"C",12,12,12,12,"Non-metro",8,8,8,8
"1190",2020,"NEW YORK","NY","CAYUGA",36011,"PRESIDENT","DONALD J TRUMP","REPUBLICAN",19512,36760,20210622,"TOTAL",0.530794341675734,"11/30/2021",48,"Cayuga County","NY",54.6,41787,41773,62.4,39166,63.5,11865,78.1,97.6,44967,58.7,44114,65.9,41324,67,12560,82.7,"C",12,12,12,12,"Non-metro",8,8,8,8
"1191",2020,"NEW YORK","NY","CHAUTAUQUA",36013,"PRESIDENT","DONALD J TRUMP","REPUBLICAN",34853,59770,20210622,"TOTAL",0.583118621381964,"11/30/2021",48,"Chautauqua County","NY",54,68568,68542,62.2,64553,63.7,21361,81.3,97.6,76700,60.4,75548,68.5,71234,70.3,24224,92.2,"C",12,12,12,12,"Non-metro",8,8,8,8
"1192",2020,"NEW YORK","NY","CHEMUNG",36015,"PRESIDENT","DONALD J TRUMP","REPUBLICAN",21922,39711,20210622,"TOTAL",0.552038478003576,"11/30/2021",48,"Chemung County","NY",54.5,45521,45469,63.2,42449,64.5,13264,81.5,97.6,51548,61.8,50591,70.4,47300,71.9,15459,94.9,"B",8,8,8,8,"Metro",4,4,4,4
"1193",2020,"NEW YORK","NY","CHENANGO",36017,"PRESIDENT","DONALD J TRUMP","REPUBLICAN",13482,22417,20210622,"TOTAL",0.601418566266673,"11/30/2021",48,"Chenango County","NY",56.3,26590,26582,65,25216,67.3,8201,83.3,97.6,28676,60.7,28360,69.4,26852,71.6,8767,89,"C",12,12,12,12,"Non-metro",8,8,8,8
"1194",2020,"NEW YORK","NY","CLINTON",36019,"PRESIDENT","DONALD J TRUMP","REPUBLICAN",16514,35637,20210622,"TOTAL",0.463394786317591,"11/30/2021",48,"Clinton County","NY",66.6,53595,53570,75.5,50257,76.1,13472,94.7,97.6,57264,71.1,56415,79.5,52880,80,14268,99.9,"C",12,12,12,12,"Non-metro",8,8,8,8
"1195",2020,"NEW YORK","NY","COLUMBIA",36021,"PRESIDENT","DONALD J TRUMP","REPUBLICAN",14464,35781,20210622,"TOTAL",0.40423688549789,"11/30/2021",48,"Columbia County","NY",68.9,40960,40936,76.9,38507,78,12532,86.4,97.6,46269,77.8,45462,85.4,42786,86.7,14537,99.9,"B",8,8,8,8,"Non-metro",8,8,8,8
"1196",2020,"NEW YORK","NY","CORTLAND",36023,"PRESIDENT","DONALD J TRUMP","REPUBLICAN",10789,21892,20210622,"TOTAL",0.492828430476887,"11/30/2021",48,"Cortland County","NY",54.7,26021,26002,62.4,24358,63.3,6846,85.2,97.6,28120,59.1,27577,66.1,25836,67.2,7359,91.6,"B",8,8,8,8,"Non-metro",8,8,8,8
"1197",2020,"NEW YORK","NY","DELAWARE",36025,"PRESIDENT","DONALD J TRUMP","REPUBLICAN",13387,23074,20210622,"TOTAL",0.580176822397504,"11/30/2021",48,"Delaware County","NY",53.4,23558,23551,59.5,22442,60.8,8036,72.3,97.6,25677,58.2,25425,64.2,24221,65.6,8784,79,"C",12,12,12,12,"Non-metro",8,8,8,8
"1198",2020,"NEW YORK","NY","DUTCHESS",36027,"PRESIDENT","DONALD J TRUMP","REPUBLICAN",66872,151889,20210622,"TOTAL",0.440268880564096,"11/30/2021",48,"Dutchess County","NY",63.9,188004,187890,72.2,175895,73.5,46422,86.9,97.6,210612,71.6,207268,79.7,193825,81,52217,97.8,"B",8,8,8,8,"Metro",4,4,4,4
"1199",2020,"NEW YORK","NY","ERIE",36029,"PRESIDENT","DONALD J TRUMP","REPUBLICAN",197527,476787,20210622,"TOTAL",0.414287721770938,"11/30/2021",48,"Erie County","NY",63.7,584825,583694,73.2,546614,74.5,145823,86.3,97.6,639633,69.6,624479,78.3,584166,79.6,156022,92.4,"B",8,8,8,8,"Metro",4,4,4,4
"1200",2020,"NEW YORK","NY","ESSEX",36031,"PRESIDENT","DONALD J TRUMP","REPUBLICAN",8976,19470,20210622,"TOTAL",0.461016949152542,"11/30/2021",48,"Essex County","NY",66.2,24434,24427,73.6,23023,74.3,7447,83.2,97.6,26560,72,25961,78.2,24405,78.8,7903,88.3,"B",8,8,8,8,"Non-metro",8,8,8,8
"1201",2020,"NEW YORK","NY","FRANKLIN",36033,"PRESIDENT","DONALD J TRUMP","REPUBLICAN",9668,19420,20210622,"TOTAL",0.49783728115345,"11/30/2021",48,"Franklin County","NY",59.7,29843,29838,68,27832,68.8,7889,90.4,97.6,32144,64.3,31662,72.2,29510,73,8315,95.3,"C",12,12,12,12,"Non-metro",8,8,8,8
"1202",2020,"NEW YORK","NY","FULTON",36035,"PRESIDENT","DONALD J TRUMP","REPUBLICAN",15378,24072,20210622,"TOTAL",0.638833499501495,"11/30/2021",48,"Fulton County","NY",50,26697,26692,57.5,25369,59.5,8064,75,97.6,28878,54.1,28600,61.6,27146,63.7,8769,81.6,"C",12,12,12,12,"Non-metro",8,8,8,8
"1203",2020,"NEW YORK","NY","GENESEE",36037,"PRESIDENT","DONALD J TRUMP","REPUBLICAN",18876,29431,20210622,"TOTAL",0.641364547585879,"11/30/2021",48,"Genesee County","NY",55.5,31799,31790,63.8,30180,66.1,9375,84.8,97.6,34248,59.8,33810,67.9,32065,70.2,10026,90.7,"A",4,4,4,4,"Non-metro",8,8,8,8
"1204",2020,"NEW YORK","NY","GREENE",36039,"PRESIDENT","DONALD J TRUMP","REPUBLICAN",14271,25320,20210622,"TOTAL",0.563625592417062,"11/30/2021",48,"Greene County","NY",58.1,27405,27359,64.7,25925,65.6,8524,79.5,97.6,30357,64.3,30004,71,28413,71.9,9573,89.3,"B",8,8,8,8,"Non-metro",8,8,8,8
"1205",2020,"NEW YORK","NY","HAMILTON",36041,"PRESIDENT","DONALD J TRUMP","REPUBLICAN",2225,3489,20210622,"TOTAL",0.637718543995414,"11/30/2021",48,"Hamilton County","NY",79.4,3506,3506,86.1,3397,89.1,1429,99.9,97.6,3891,88.1,3846,94.4,3720,97.6,1597,99.9,"B",8,8,8,8,"Non-metro",8,8,8,8
"1206",2020,"NEW YORK","NY","HERKIMER",36043,"PRESIDENT","DONALD J TRUMP","REPUBLICAN",18870,29560,20210622,"TOTAL",0.638362652232747,"11/30/2021",48,"Herkimer County","NY",54.5,33413,33410,62.6,31374,64.3,10633,81.7,97.6,36332,59.3,35882,67.2,33705,69.1,11573,88.9,"C",12,12,12,12,"Metro",4,4,4,4
"1207",2020,"NEW YORK","NY","JEFFERSON",36045,"PRESIDENT","DONALD J TRUMP","REPUBLICAN",25629,44129,20210622,"TOTAL",0.580774547349815,"11/30/2021",48,"Jefferson County","NY",64.4,70717,70684,77.6,66668,79.9,14352,91.9,97.6,83731,76.2,82326,90.4,77856,93.3,15524,99.4,"C",12,12,12,12,"Metro",4,4,4,4
"1208",2020,"NEW YORK","NY","KINGS",36047,"PRESIDENT","DONALD J TRUMP","REPUBLICAN",202772,920380,20210622,"TOTAL",0.220313348834177,"11/30/2021",48,"Kings County","NY",62.2,1592230,1591838,73.9,1493151,75.4,267221,72.6,97.6,1833212,71.6,1812987,84.2,1699158,85.8,298450,81.1,"D",16,16,16,16,"Metro",4,4,4,4
"1209",2020,"NEW YORK","NY","LEWIS",36049,"PRESIDENT","DONALD J TRUMP","REPUBLICAN",8894,13036,20210622,"TOTAL",0.682264498312366,"11/30/2021",48,"Lewis County","NY",48,12619,12612,56.5,11946,58.9,4019,80.4,97.6,13414,51,13225,59.3,12516,61.7,4200,84,"B",7,8,8,8,"Non-metro",7,8,8,8
"1210",2020,"NEW YORK","NY","LIVINGSTON",36051,"PRESIDENT","DONALD J TRUMP","REPUBLICAN",18182,31656,20210622,"TOTAL",0.57436189032095,"11/30/2021",48,"Livingston County","NY",55.1,34691,34653,61.9,32554,62.8,10191,88.3,97.6,37499,59.6,36789,65.8,34533,66.6,10839,94,"B",8,8,8,8,"Metro",4,4,4,4
"1211",2020,"NEW YORK","NY","MADISON",36053,"PRESIDENT","DONALD J TRUMP","REPUBLICAN",18408,34266,20210622,"TOTAL",0.537208895114691,"11/30/2021",48,"Madison County","NY",56.6,40157,40135,64.4,37530,65.3,10616,79.3,97.6,43329,61.1,42473,68.1,39708,69.1,11277,84.2,"A",4,4,4,4,"Metro",4,4,4,4
"1212",2020,"NEW YORK","NY","MONROE",36055,"PRESIDENT","DONALD J TRUMP","REPUBLICAN",145661,383499,20210622,"TOTAL",0.379821068633817,"11/30/2021",48,"Monroe County","NY",66.3,491663,490326,76.4,457905,77.8,120480,90.9,97.6,533140,71.9,519304,80.9,484057,82.2,127894,96.5,"C",12,12,12,12,"Metro",4,4,4,4
"1213",2020,"NEW YORK","NY","MONTGOMERY",36057,"PRESIDENT","DONALD J TRUMP","REPUBLICAN",12745,21246,20210622,"TOTAL",0.599877624023346,"11/30/2021",48,"Montgomery County","NY",61.6,30312,30306,72.5,28607,75.4,9263,99.5,97.6,32842,66.7,32549,77.9,30670,80.8,10074,99.9,"D",16,16,16,16,"Non-metro",8,8,8,8
"1214",2020,"NEW YORK","NY","NASSAU",36059,"PRESIDENT","DONALD J TRUMP","REPUBLICAN",326716,738369,20210622,"TOTAL",0.442483365363389,"11/30/2021",48,"Nassau County","NY",73.4,996036,995253,85.1,923222,86.6,230104,93.3,97.6,1158578,85.4,1141341,97.6,1060605,99.5,279192,99.9,"A",4,4,4,4,"Metro",4,4,4,4
"1215",2020,"NEW YORK","NY","NEW YORK",36061,"PRESIDENT","DONALD J TRUMP","REPUBLICAN",85185,701405,20210622,"TOTAL",0.121449091466414,"11/30/2021",48,"New York County","NY",75.8,1234152,1233675,84.2,1176328,84.2,227433,82.4,97.6,1482091,91,1462081,99.8,1386912,99.3,262165,94.9,"C",12,12,12,12,"Metro",4,4,4,4
"1216",2020,"NEW YORK","NY","NIAGARA",36063,"PRESIDENT","DONALD J TRUMP","REPUBLICAN",56068,104866,20210622,"TOTAL",0.534663284572693,"11/30/2021",48,"Niagara County","NY",61.4,128436,128366,70.5,120968,72.2,35326,86.5,97.6,139204,66.5,136743,75.1,128729,76.8,37675,92.2,"B",8,8,8,8,"Metro",4,4,4,4
"1217",2020,"NEW YORK","NY","ONEIDA",36065,"PRESIDENT","DONALD J TRUMP","REPUBLICAN",57180,101696,20210622,"TOTAL",0.562264002517306,"11/30/2021",48,"Oneida County","NY",57.2,130792,130762,66.5,122628,68.1,36985,84.4,97.6,143099,62.6,140905,71.7,132086,73.4,40040,91.3,"C",12,12,12,12,"Metro",4,4,4,4
"1218",2020,"NEW YORK","NY","ONONDAGA",36067,"PRESIDENT","DONALD J TRUMP","REPUBLICAN",90619,235686,20210622,"TOTAL",0.384490381269995,"11/30/2021",48,"Onondaga County","NY",67.6,311112,310811,78.3,289716,79.7,73659,91.2,97.6,338103,73.4,329802,83.1,307291,84.6,78469,97.2,"C",12,12,12,12,"Metro",4,4,4,4
"1219",2020,"NEW YORK","NY","ONTARIO",36069,"PRESIDENT","DONALD J TRUMP","REPUBLICAN",29039,60085,20210622,"TOTAL",0.483298660231339,"11/30/2021",48,"Ontario County","NY",62.8,68956,68901,71.8,64099,72.9,19638,86.8,97.6,74912,68.2,72900,76,67765,77.1,21000,92.8,"A",4,4,4,4,"Metro",4,4,4,4
"1220",2020,"NEW YORK","NY","ORANGE",36071,"PRESIDENT","DONALD J TRUMP","REPUBLICAN",84996,173305,20210622,"TOTAL",0.490441706817461,"11/30/2021",48,"Orange County","NY",60.4,232515,232420,72.3,215165,75,47310,85.8,97.6,260334,67.6,257296,80.1,238352,83.1,53253,96.6,"C",12,12,12,12,"Metro",4,4,4,4
"1221",2020,"NEW YORK","NY","ORLEANS",36073,"PRESIDENT","DONALD J TRUMP","REPUBLICAN",12126,18314,20210622,"TOTAL",0.6621164136726,"11/30/2021",48,"Orleans County","NY",51.1,20619,20617,58.3,19540,60,5887,79.2,97.6,22270,55.2,22011,62.2,20840,64,6224,83.7,"C",12,12,12,12,"Metro",4,4,4,4
"1222",2020,"NEW YORK","NY","OSWEGO",36075,"PRESIDENT","DONALD J TRUMP","REPUBLICAN",32138,54852,20210622,"TOTAL",0.585903886822723,"11/30/2021",48,"Oswego County","NY",54.8,64228,64206,63.4,60202,65,16643,84.5,97.6,69165,59.1,67759,66.9,63460,68.5,17724,90,"C",12,12,12,12,"Metro",4,4,4,4
"1223",2020,"NEW YORK","NY","OTSEGO",36077,"PRESIDENT","DONALD J TRUMP","REPUBLICAN",14382,28223,20210622,"TOTAL",0.509584381532792,"11/30/2021",48,"Otsego County","NY",56.8,33784,33767,63.2,31744,63.3,10636,82.2,97.6,36802,61.9,36015,67.4,33835,67.5,11429,88.4,"B",8,8,8,8,"Non-metro",8,8,8,8
"1224",2020,"NEW YORK","NY","PUTNAM",36079,"PRESIDENT","DONALD J TRUMP","REPUBLICAN",29283,55318,20210622,"TOTAL",0.529357532810297,"11/30/2021",48,"Putnam County","NY",67,65850,65831,75.9,61244,77.3,14979,84.5,97.6,73708,75,72616,83.7,67605,85.4,17112,96.5,"A",4,4,4,4,"Metro",4,4,4,4
"1225",2020,"NEW YORK","NY","QUEENS",36081,"PRESIDENT","DONALD J TRUMP","REPUBLICAN",212665,794498,20210622,"TOTAL",0.267672165316967,"11/30/2021",48,"Queens County","NY",76,1713782,1713612,88.2,1597658,88.6,303614,82.4,97.6,1959547,86.9,1940857,99.9,1809706,99.9,347191,94.3,"C",12,12,12,12,"Metro",4,4,4,4
"1226",2020,"NEW YORK","NY","RENSSELAER",36083,"PRESIDENT","DONALD J TRUMP","REPUBLICAN",36500,79962,20210622,"TOTAL",0.456466821740327,"11/30/2021",48,"Rensselaer County","NY",64.7,102767,102667,74.1,96356,75.2,24965,89.8,97.6,113587,71.6,111297,80.3,104437,81.5,27615,99.3,"B",8,8,8,8,"Metro",4,4,4,4
"1227",2020,"NEW YORK","NY","RICHMOND",36085,"PRESIDENT","DONALD J TRUMP","REPUBLICAN",123320,217899,20210622,"TOTAL",0.565950279716749,"11/30/2021",48,"Richmond County","NY",65.3,310903,310850,76,290213,77.9,67120,84.6,97.6,345632,72.6,343119,83.9,319551,85.8,73396,92.6,"B",8,8,8,8,"Metro",4,4,4,4
"1228",2020,"NEW YORK","NY","ROCKLAND",36087,"PRESIDENT","DONALD J TRUMP","REPUBLICAN",73186,151381,20210622,"TOTAL",0.483455651633957,"11/30/2021",48,"Rockland County","NY",58.1,189151,188989,71.6,174378,74.8,43665,84.3,97.6,214049,65.7,211435,80.1,195301,83.7,51249,99,"C",12,12,12,12,"Metro",4,4,4,4
"1229",2020,"NEW YORK","NY","ST. LAWRENCE",36089,"PRESIDENT","DONALD J TRUMP","REPUBLICAN",24608,45267,20210622,"TOTAL",0.543618971877968,"11/30/2021",48,"St. Lawrence County","NY",55.9,60274,60264,64.2,56116,65.2,16262,84,97.6,64962,60.3,63486,67.7,59104,68.6,17082,88.2,"C",12,12,12,12,"Non-metro",8,8,8,8
"1230",2020,"NEW YORK","NY","SARATOGA",36091,"PRESIDENT","DONALD J TRUMP","REPUBLICAN",61305,133556,20210622,"TOTAL",0.459020935038486,"11/30/2021",48,"Saratoga County","NY",72.4,166510,166354,82.9,154263,83.5,40221,93,97.6,185822,80.8,180245,89.8,167441,90.7,45511,99.9,"A",4,4,4,4,"Metro",4,4,4,4
"1231",2020,"NEW YORK","NY","SCHENECTADY",36093,"PRESIDENT","DONALD J TRUMP","REPUBLICAN",30741,75381,20210622,"TOTAL",0.407808333664982,"11/30/2021",48,"Schenectady County","NY",66.2,102788,102661,77.1,94952,78,24930,92.5,97.6,114153,73.5,111214,83.5,102823,84.4,27525,99.9,"B",8,8,8,8,"Metro",4,4,4,4
"1232",2020,"NEW YORK","NY","SCHOHARIE",36095,"PRESIDENT","DONALD J TRUMP","REPUBLICAN",9903,15810,20210622,"TOTAL",0.626375711574953,"11/30/2021",48,"Schoharie County","NY",52.8,16379,16371,59.4,15505,60.5,5287,75,97.6,17700,57.1,17383,63.1,16457,64.2,5684,80.7,"B",8,8,8,8,"Metro",4,4,4,4
"1233",2020,"NEW YORK","NY","SCHUYLER",36097,"PRESIDENT","DONALD J TRUMP","REPUBLICAN",5621,9799,20210622,"TOTAL",0.573629962241045,"11/30/2021",48,"Schuyler County","NY",58.1,10353,10342,66.1,9873,68.1,3435,87.9,97.6,11269,63.3,11106,71,10591,73,3754,96,"B",8,8,8,8,"Non-metro",8,8,8,8
"1234",2020,"NEW YORK","NY","SENECA",36099,"PRESIDENT","DONALD J TRUMP","REPUBLICAN",8329,15718,20210622,"TOTAL",0.529902023158163,"11/30/2021",48,"Seneca County","NY",49.8,16945,16940,57.1,15853,58.2,5079,76.1,97.6,18297,53.8,17970,60.6,16822,61.8,5385,80.6,"B",7,8,8,8,"Non-metro",7,8,8,8
"1235",2020,"NEW YORK","NY","STEUBEN",36101,"PRESIDENT","DONALD J TRUMP","REPUBLICAN",29474,46516,20210622,"TOTAL",0.633631438644767,"11/30/2021",48,"Steuben County","NY",54.7,52188,51983,63.2,48987,65.2,15549,80.9,97.6,58466,61.3,57279,69.6,53989,71.9,17626,91.7,"B",8,8,8,8,"Non-metro",8,8,8,8
"1236",2020,"NEW YORK","NY","SUFFOLK",36103,"PRESIDENT","DONALD J TRUMP","REPUBLICAN",375821,757877,20210622,"TOTAL",0.495886535677953,"11/30/2021",48,"Suffolk County","NY",69.2,1021690,1021029,79.7,957055,82,235351,92,97.6,1135982,76.9,1124056,87.8,1052970,90.2,267902,99.9,"A",4,4,4,4,"Metro",4,4,4,4
"1237",2020,"NEW YORK","NY","SULLIVAN",36105,"PRESIDENT","DONALD J TRUMP","REPUBLICAN",18665,35132,20210622,"TOTAL",0.531282022088125,"11/30/2021",48,"Sullivan County","NY",55.2,41625,41618,64,39309,66,11314,77.6,97.6,46354,61.5,45852,70.5,43276,72.6,12609,86.5,"D",16,16,16,16,"Non-metro",8,8,8,8
"1238",2020,"NEW YORK","NY","TIOGA",36107,"PRESIDENT","DONALD J TRUMP","REPUBLICAN",14791,25170,20210622,"TOTAL",0.587644020659515,"11/30/2021",48,"Tioga County","NY",55.8,26886,26871,64,25243,66,8099,80.2,97.6,30423,63.1,30027,71.5,28299,74,9378,92.9,"A",4,4,4,4,"Metro",4,4,4,4
"1239",2020,"NEW YORK","NY","TOMPKINS",36109,"PRESIDENT","DONALD J TRUMP","REPUBLICAN",11096,46048,20210622,"TOTAL",0.2409659485754,"11/30/2021",48,"Tompkins County","NY",73,74548,74399,80.5,70114,80.4,14430,93.5,97.6,83667,81.9,80880,87.5,76309,87.5,15833,99.9,"B",8,8,8,8,"Metro",4,4,4,4
"1240",2020,"NEW YORK","NY","ULSTER",36111,"PRESIDENT","DONALD J TRUMP","REPUBLICAN",37590,98160,20210622,"TOTAL",0.382946210268949,"11/30/2021",48,"Ulster County","NY",66.4,117932,117870,74.6,110635,75.5,30904,85.4,97.6,131881,74.3,129481,82,121374,82.8,34572,95.5,"B",8,8,8,8,"Metro",4,4,4,4
"1241",2020,"NEW YORK","NY","WARREN",36113,"PRESIDENT","DONALD J TRUMP","REPUBLICAN",17699,36394,20210622,"TOTAL",0.48631642578447,"11/30/2021",48,"Warren County","NY",71.4,45659,45645,80.6,43006,82.1,13502,92,97.6,50029,78.2,49220,86.9,46400,88.6,15095,99.9,"A",4,4,4,4,"Metro",4,4,4,4
"1242",2020,"NEW YORK","NY","WASHINGTON",36115,"PRESIDENT","DONALD J TRUMP","REPUBLICAN",15941,28256,20210622,"TOTAL",0.564163363533409,"11/30/2021",48,"Washington County","NY",60.9,37303,37293,69.1,35215,70.7,11316,92.1,97.6,41345,67.6,40818,75.6,38567,77.4,12932,99.9,"B",8,8,8,8,"Metro",4,4,4,4
"1243",2020,"NEW YORK","NY","WAYNE",36117,"PRESIDENT","DONALD J TRUMP","REPUBLICAN",26204,45031,20210622,"TOTAL",0.581910239612711,"11/30/2021",48,"Wayne County","NY",57.6,51766,51726,66.8,48411,68.4,14715,83.8,97.6,55785,62,54759,70.7,51183,72.3,15601,88.9,"B",8,8,8,8,"Metro",4,4,4,4
"1244",2020,"NEW YORK","NY","WESTCHESTER",36119,"PRESIDENT","DONALD J TRUMP","REPUBLICAN",144713,462265,20210622,"TOTAL",0.31305203725136,"11/30/2021",48,"Westchester County","NY",71.8,694601,693958,83.3,633021,83.6,147142,87.3,97.6,818789,84.6,798329,95.8,730640,96.5,180997,99.9,"C",12,12,12,12,"Metro",4,4,4,4
"1245",2020,"NEW YORK","NY","WYOMING",36121,"PRESIDENT","DONALD J TRUMP","REPUBLICAN",13898,19483,20210622,"TOTAL",0.713339834727711,"11/30/2021",48,"Wyoming County","NY",47.4,18883,18876,53.8,17922,55.3,5824,78.5,97.6,20333,51,20075,57.2,19020,58.7,6208,83.6,"B",7,8,8,8,"Non-metro",7,8,8,8
"1246",2020,"NEW YORK","NY","YATES",36123,"PRESIDENT","DONALD J TRUMP","REPUBLICAN",6208,10788,20210622,"TOTAL",0.575454208379681,"11/30/2021",48,"Yates County","NY",48.7,12143,12142,57.2,11525,59.3,4333,81.5,97.6,13356,53.6,13124,61.9,12447,64.1,4790,90.1,"B",7,8,8,8,"Metro",3,4,4,4
"1247",2020,"NORTH DAKOTA","ND","ADAMS",38001,"PRESIDENT","DONALD J TRUMP","REPUBLICAN",981,1269,20210622,"TOTAL",0.773049645390071,"11/30/2021",48,"Adams County","ND",45.8,1014,1014,52.4,985,55.1,468,74.1,92.2,1164,52.5,1150,59.5,1116,62.4,525,83.1,"A",3,4,4,4,"Non-metro",7,8,8,8
"1248",2020,"NORTH DAKOTA","ND","BARNES",38003,"PRESIDENT","DONALD J TRUMP","REPUBLICAN",3568,5565,20210622,"TOTAL",0.64115004492363,"11/30/2021",48,"Barnes County","ND",53.6,5583,5578,61.1,5283,63.1,1904,78.7,92.2,6465,62.1,6336,69.4,6000,71.6,2188,90.4,"A",4,4,4,4,"Non-metro",8,8,8,8
"1249",2020,"NORTH DAKOTA","ND","BENSON",38005,"PRESIDENT","DONALD J TRUMP","REPUBLICAN",1094,1961,20210622,"TOTAL",0.557878633350331,"11/30/2021",48,"Benson County","ND",47.2,3222,3221,62,2842,64.2,738,75,92.2,3605,52.8,3534,68,3100,70,809,82.2,"D",15,16,16,16,"Non-metro",7,8,8,8
"1250",2020,"NORTH DAKOTA","ND","BILLINGS",38007,"PRESIDENT","DONALD J TRUMP","REPUBLICAN",541,635,20210622,"TOTAL",0.851968503937008,"11/30/2021",48,"Billings County","ND",20,186,186,23.6,183,24.9,51,24.2,92.2,224,24.1,223,28.3,220,29.9,61,28.9,"A",1,1,1,1,"Non-metro",5,5,5,5
"1251",2020,"NORTH DAKOTA","ND","BOTTINEAU",38009,"PRESIDENT","DONALD J TRUMP","REPUBLICAN",2575,3471,20210622,"TOTAL",0.741861135119562,"11/30/2021",48,"Bottineau County","ND",45.6,2863,2859,52.9,2739,55.5,1234,80.1,92.2,3286,52.3,3255,60.2,3097,62.7,1391,90.3,"A",3,4,4,4,"Non-metro",7,8,8,8
"1252",2020,"NORTH DAKOTA","ND","BOWMAN",38011,"PRESIDENT","DONALD J TRUMP","REPUBLICAN",1395,1657,20210622,"TOTAL",0.84188292094146,"11/30/2021",48,"Bowman County","ND",36.9,1116,1116,44.1,1078,47.2,530,79,92.2,1345,44.5,1342,53,1298,56.8,637,94.9,"A",2,3,3,4,"Non-metro",6,7,7,8
"1253",2020,"NORTH DAKOTA","ND","BURKE",38013,"PRESIDENT","DONALD J TRUMP","REPUBLICAN",994,1155,20210622,"TOTAL",0.860606060606061,"11/30/2021",48,"Burke County","ND",36.5,773,773,44.1,753,47.3,320,71.3,92.2,866,40.9,863,49.3,840,52.8,357,79.5,"A",2,3,3,4,"Non-metro",6,7,7,8
"1254",2020,"NORTH DAKOTA","ND","BURLEIGH",38015,"PRESIDENT","DONALD J TRUMP","REPUBLICAN",34744,50753,20210622,"TOTAL",0.68457037022442,"11/30/2021",48,"Burleigh County","ND",43.8,41863,41817,51.9,39927,54.4,11974,75.5,92.2,49567,51.8,48794,60.6,46558,63.5,14233,89.7,"A",3,4,4,4,"Metro",3,4,4,4
"1255",2020,"NORTH DAKOTA","ND","CASS",38017,"PRESIDENT","DONALD J TRUMP","REPUBLICAN",42619,86053,20210622,"TOTAL",0.495264546267998,"11/30/2021",48,"Cass County","ND",52.4,95416,95166,62.1,89096,63.2,18849,83.1,92.2,111652,61.4,108360,70.7,101404,71.9,21768,96,"A",4,4,4,4,"Metro",4,4,4,4
"1256",2020,"NORTH DAKOTA","ND","CAVALIER",38019,"PRESIDENT","DONALD J TRUMP","REPUBLICAN",1499,2020,20210622,"TOTAL",0.742079207920792,"11/30/2021",48,"Cavalier County","ND",56.1,2109,2108,66.2,2006,68.9,798,77.4,92.2,2354,62.6,2296,72.1,2186,75.1,881,85.5,"A",4,4,4,4,"Non-metro",8,8,8,8
"1257",2020,"NORTH DAKOTA","ND","DICKEY",38021,"PRESIDENT","DONALD J TRUMP","REPUBLICAN",1742,2424,20210622,"TOTAL",0.718646864686469,"11/30/2021",48,"Dickey County","ND",49.1,2391,2387,58.1,2247,61,869,86.1,92.2,2632,54,2576,62.7,2421,65.8,922,91.4,"A",3,4,4,4,"Non-metro",7,8,8,8
"1258",2020,"NORTH DAKOTA","ND","DIVIDE",38023,"PRESIDENT","DONALD J TRUMP","REPUBLICAN",904,1202,20210622,"TOTAL",0.752079866888519,"11/30/2021",48,"Divide County","ND",38.4,870,870,45.6,831,47.9,346,60.3,92.2,979,43.2,976,51.2,932,53.7,391,68.1,"A",2,3,3,3,"Non-metro",6,7,7,7
"1259",2020,"NORTH DAKOTA","ND","DUNN",38025,"PRESIDENT","DONALD J TRUMP","REPUBLICAN",1951,2338,20210622,"TOTAL",0.834473909324209,"11/30/2021",48,"Dunn County","ND",22.1,977,977,26.8,956,28.8,369,51.7,92.2,1164,26.3,1160,31.8,1134,34.2,433,60.6,"A",1,1,1,3,"Non-metro",5,5,5,7
"1260",2020,"NORTH DAKOTA","ND","EDDY",38027,"PRESIDENT","DONALD J TRUMP","REPUBLICAN",854,1261,20210622,"TOTAL",0.677240285487708,"11/30/2021",48,"Eddy County","ND",48.6,1112,1112,57.7,1074,61.3,437,80.8,92.2,1197,52.3,1183,61.4,1139,65,463,85.6,"B",7,8,8,8,"Non-metro",7,8,8,8
"1261",2020,"NORTH DAKOTA","ND","EMMONS",38029,"PRESIDENT","DONALD J TRUMP","REPUBLICAN",1738,2009,20210622,"TOTAL",0.865107018417123,"11/30/2021",48,"Emmons County","ND",31.8,1032,1032,36.2,1007,38.6,539,59.2,92.2,1237,38.2,1231,43.2,1200,46,659,72.3,"A",2,2,2,3,"Non-metro",6,6,6,7
"1262",2020,"NORTH DAKOTA","ND","FOSTER",38031,"PRESIDENT","DONALD J TRUMP","REPUBLICAN",1362,1778,20210622,"TOTAL",0.766029246344207,"11/30/2021",48,"Foster County","ND",51.6,1655,1653,60.1,1571,62.4,588,80.9,92.2,1838,57.3,1811,65.8,1724,68.4,654,90,"A",4,4,4,4,"Non-metro",8,8,8,8
"1263",2020,"NORTH DAKOTA","ND","GOLDEN VALLEY",38033,"PRESIDENT","DONALD J TRUMP","REPUBLICAN",871,1026,20210622,"TOTAL",0.848927875243665,"11/30/2021",48,"Golden Valley County","ND",27.7,488,488,31.8,468,33.9,221,49,92.2,610,34.6,605,39.4,579,42,281,62.3,"A",1,2,2,2,"Non-metro",5,6,6,6
"1264",2020,"NORTH DAKOTA","ND","GRAND FORKS",38035,"PRESIDENT","DONALD J TRUMP","REPUBLICAN",16987,30970,20210622,"TOTAL",0.548498546980949,"11/30/2021",48,"Grand Forks County","ND",51.7,35898,35841,60.8,34188,62.4,7836,84.7,92.2,42647,61.4,41706,70.7,39689,72.5,9464,99.9,"B",8,8,8,8,"Metro",4,4,4,4
"1265",2020,"NORTH DAKOTA","ND","GRANT",38037,"PRESIDENT","DONALD J TRUMP","REPUBLICAN",1145,1381,20210622,"TOTAL",0.829109341057205,"11/30/2021",48,"Grant County","ND",20.8,473,473,24.3,459,25.4,242,34.8,92.2,562,24.7,562,28.9,548,30.3,276,39.7,"A",1,1,1,2,"Non-metro",5,5,5,6
"1266",2020,"NORTH DAKOTA","ND","GRIGGS",38039,"PRESIDENT","DONALD J TRUMP","REPUBLICAN",907,1250,20210622,"TOTAL",0.7256,"11/30/2021",48,"Griggs County","ND",44.1,983,983,51.2,948,53.8,457,67.6,92.2,1094,49,1084,56.5,1048,59.5,508,75.1,"A",3,4,4,3,"Non-metro",7,8,8,7
"1267",2020,"NORTH DAKOTA","ND","HETTINGER",38041,"PRESIDENT","DONALD J TRUMP","REPUBLICAN",1091,1312,20210622,"TOTAL",0.83155487804878,"11/30/2021",48,"Hettinger County","ND",36.9,921,921,44.9,901,48.2,425,77.1,92.2,1056,42.3,1055,51.4,1032,55.2,477,86.6,"A",2,3,3,4,"Non-metro",6,7,7,8
"1268",2020,"NORTH DAKOTA","ND","KIDDER",38043,"PRESIDENT","DONALD J TRUMP","REPUBLICAN",1215,1460,20210622,"TOTAL",0.832191780821918,"11/30/2021",48,"Kidder County","ND",30.4,753,753,35.5,741,37.8,334,52.9,92.2,920,37.1,918,43.3,899,45.8,415,65.8,"A",2,2,2,3,"Non-metro",6,6,6,7
"1269",2020,"NORTH DAKOTA","ND","LAMOURE",38045,"PRESIDENT","DONALD J TRUMP","REPUBLICAN",1645,2219,20210622,"TOTAL",0.741324921135647,"11/30/2021",48,"LaMoure County","ND",45.4,1836,1836,52.7,1766,55.7,788,70.8,92.2,2107,52.1,2085,59.8,1998,63,904,81.2,"A",3,4,4,4,"Non-metro",7,8,8,8
"1270",2020,"NORTH DAKOTA","ND","LOGAN",38047,"PRESIDENT","DONALD J TRUMP","REPUBLICAN",930,1076,20210622,"TOTAL",0.864312267657993,"11/30/2021",48,"Logan County","ND",32.5,601,601,38.2,589,41.1,320,65,92.2,730,39.5,727,46.2,713,49.8,385,78.3,"A",2,2,3,3,"Non-metro",6,6,7,7
"1271",2020,"NORTH DAKOTA","ND","MCHENRY",38049,"PRESIDENT","DONALD J TRUMP","REPUBLICAN",2364,3003,20210622,"TOTAL",0.787212787212787,"11/30/2021",48,"McHenry County","ND",37.9,2177,2177,45.2,2097,47.9,903,75.1,92.2,2429,42.3,2416,50.1,2325,53.1,998,83,"A",2,3,3,4,"Non-metro",6,7,7,8
"1272",2020,"NORTH DAKOTA","ND","MCINTOSH",38051,"PRESIDENT","DONALD J TRUMP","REPUBLICAN",1153,1455,20210622,"TOTAL",0.792439862542955,"11/30/2021",48,"McIntosh County","ND",40.8,1018,1018,46.4,995,48.9,512,63.8,92.2,1190,47.7,1190,54.2,1163,57.1,603,75.1,"A",3,3,3,3,"Non-metro",7,7,7,7
"1273",2020,"NORTH DAKOTA","ND","MCKENZIE",38053,"PRESIDENT","DONALD J TRUMP","REPUBLICAN",4482,5419,20210622,"TOTAL",0.827089868979517,"11/30/2021",48,"McKenzie County","ND",19.7,2963,2961,25.5,2831,27.6,670,50.5,92.2,3817,25.4,3780,32.5,3555,34.7,833,62.8,"B",5,5,5,7,"Non-metro",5,5,5,7
"1274",2020,"NORTH DAKOTA","ND","MCLEAN",38055,"PRESIDENT","DONALD J TRUMP","REPUBLICAN",4198,5536,20210622,"TOTAL",0.758309248554913,"11/30/2021",48,"McLean County","ND",41.4,3912,3911,48.6,3784,51.3,1569,68.5,92.2,4730,50.1,4702,58.4,4540,61.6,1823,79.6,"A",3,3,4,3,"Non-metro",7,7,8,7
"1275",2020,"NORTH DAKOTA","ND","MERCER",38057,"PRESIDENT","DONALD J TRUMP","REPUBLICAN",3856,4675,20210622,"TOTAL",0.824812834224599,"11/30/2021",48,"Mercer County","ND",36.2,2964,2963,42.8,2888,45.9,1192,72.6,92.2,3354,41,3343,48.3,3255,51.8,1339,81.5,"A",2,3,3,4,"Non-metro",6,7,7,8
"1276",2020,"NORTH DAKOTA","ND","MORTON",38059,"PRESIDENT","DONALD J TRUMP","REPUBLICAN",12243,16619,20210622,"TOTAL",0.736686924604368,"11/30/2021",48,"Morton County","ND",40.1,12575,12565,47.7,12061,50,4007,75.3,92.2,14817,47.2,14694,55.8,14095,58.5,4625,87,"A",3,3,4,4,"Metro",3,3,4,4
"1277",2020,"NORTH DAKOTA","ND","MOUNTRAIL",38061,"PRESIDENT","DONALD J TRUMP","REPUBLICAN",2824,4165,20210622,"TOTAL",0.678031212484994,"11/30/2021",48,"Mountrail County","ND",36,3794,3792,44.8,3498,45.8,867,70.8,92.2,5517,52.3,5436,64.2,4977,65.2,1143,93.3,"B",6,7,7,8,"Non-metro",6,7,7,8
"1278",2020,"NORTH DAKOTA","ND","NELSON",38063,"PRESIDENT","DONALD J TRUMP","REPUBLICAN",1141,1777,20210622,"TOTAL",0.642093415869443,"11/30/2021",48,"Nelson County","ND",65.1,1873,1873,74.1,1783,76.8,785,99.9,92.2,2075,72.1,2039,80.7,1946,83.8,871,99.9,"A",4,4,4,4,"Non-metro",8,8,8,8
"1279",2020,"NORTH DAKOTA","ND","OLIVER",38065,"PRESIDENT","DONALD J TRUMP","REPUBLICAN",918,1066,20210622,"TOTAL",0.861163227016886,"11/30/2021",48,"Oliver County","ND",23.6,462,461,28.3,444,30.3,208,46.8,92.2,513,26.2,507,31.1,490,33.5,226,50.9,"A",1,1,2,2,"Metro",1,1,2,2
"1280",2020,"NORTH DAKOTA","ND","PEMBINA",38067,"PRESIDENT","DONALD J TRUMP","REPUBLICAN",2460,3331,20210622,"TOTAL",0.738516961873311,"11/30/2021",48,"Pembina County","ND",51.5,3504,3498,59.4,3353,62.1,1315,81.1,92.2,4043,59.4,4001,68,3831,70.9,1482,91.4,"A",4,4,4,4,"Non-metro",8,8,8,8
"1281",2020,"NORTH DAKOTA","ND","PIERCE",38069,"PRESIDENT","DONALD J TRUMP","REPUBLICAN",1585,2128,20210622,"TOTAL",0.744830827067669,"11/30/2021",48,"Pierce County","ND",42.5,1690,1689,50.1,1590,51.8,703,74.4,92.2,1878,47.2,1855,55,1752,57.1,778,82.3,"A",3,4,4,4,"Non-metro",7,8,8,8
"1282",2020,"NORTH DAKOTA","ND","RAMSEY",38071,"PRESIDENT","DONALD J TRUMP","REPUBLICAN",3577,5372,20210622,"TOTAL",0.665860014892033,"11/30/2021",48,"Ramsey County","ND",52.8,6078,6072,63,5788,65.5,1964,84,92.2,6747,58.6,6675,69.3,6368,72,2221,95,"B",8,8,8,8,"Non-metro",8,8,8,8
"1283",2020,"NORTH DAKOTA","ND","RANSOM",38073,"PRESIDENT","DONALD J TRUMP","REPUBLICAN",1418,2454,20210622,"TOTAL",0.577832110839446,"11/30/2021",48,"Ransom County","ND",55.3,2884,2880,64.6,2740,67.7,1058,95.6,92.2,3261,62.5,3225,72.4,3072,75.9,1214,99.9,"A",4,4,4,4,"Non-metro",8,8,8,8
"1284",2020,"NORTH DAKOTA","ND","RENVILLE",38075,"PRESIDENT","DONALD J TRUMP","REPUBLICAN",1065,1319,20210622,"TOTAL",0.807429871114481,"11/30/2021",48,"Renville County","ND",33.8,787,786,39.5,752,41.7,330,68.3,92.2,922,39.6,916,46,875,48.6,371,76.8,"A",2,2,3,3,"Non-metro",6,6,7,7
"1285",2020,"NORTH DAKOTA","ND","RICHLAND",38077,"PRESIDENT","DONALD J TRUMP","REPUBLICAN",5072,7812,20210622,"TOTAL",0.649257552483359,"11/30/2021",48,"Richland County","ND",47.5,7678,7674,55.7,7282,57.6,2402,79.5,92.2,8786,54.3,8661,62.9,8223,65.1,2771,91.7,"A",3,4,4,4,"Non-metro",7,8,8,8
"1286",2020,"NORTH DAKOTA","ND","ROLETTE",38079,"PRESIDENT","DONALD J TRUMP","REPUBLICAN",1257,3804,20210622,"TOTAL",0.330441640378549,"11/30/2021",48,"Rolette County","ND",55.9,7918,7900,72.1,6879,73.2,1496,86.5,92.2,10229,72.2,9690,88.5,8413,89.5,1936,99.9,"D",16,16,16,16,"Non-metro",8,8,8,8
"1287",2020,"NORTH DAKOTA","ND","SARGENT",38081,"PRESIDENT","DONALD J TRUMP","REPUBLICAN",1266,2070,20210622,"TOTAL",0.611594202898551,"11/30/2021",48,"Sargent County","ND",55.3,2155,2153,64.8,2071,67.8,736,83.4,92.2,2397,61.5,2380,71.6,2293,75,834,94.5,"A",4,4,4,4,"Non-metro",8,8,8,8
"1288",2020,"NORTH DAKOTA","ND","SHERIDAN",38083,"PRESIDENT","DONALD J TRUMP","REPUBLICAN",688,812,20210622,"TOTAL",0.847290640394089,"11/30/2021",48,"Sheridan County","ND",35.1,462,462,39.7,454,42,235,52.5,92.2,510,38.8,510,43.9,501,46.4,260,58,"A",2,2,3,3,"Non-metro",6,6,7,7
"1289",2020,"NORTH DAKOTA","ND","SIOUX",38085,"PRESIDENT","DONALD J TRUMP","REPUBLICAN",258,1186,20210622,"TOTAL",0.217537942664418,"11/30/2021",48,"Sioux County","ND",40.7,1721,1721,53.7,1441,53.1,286,79.7,92.2,2212,52.3,2137,66.7,1779,65.5,327,91.1,"D",15,16,16,16,"Metro",3,4,4,4
"1290",2020,"NORTH DAKOTA","ND","SLOPE",38087,"PRESIDENT","DONALD J TRUMP","REPUBLICAN",380,427,20210622,"TOTAL",0.889929742388759,"11/30/2021",48,"Slope County","ND",10.3,77,77,11.9,75,12.5,42,23.6,92.2,102,13.6,102,15.8,100,16.7,57,32,"A",1,1,1,1,"Non-metro",5,5,5,5
"1291",2020,"NORTH DAKOTA","ND","STARK",38089,"PRESIDENT","DONALD J TRUMP","REPUBLICAN",12110,15050,20210622,"TOTAL",0.804651162790698,"11/30/2021",48,"Stark County","ND",33.5,10553,10523,41.4,10067,43.9,3100,70.9,92.2,12815,40.7,12662,49.8,12128,52.9,3699,84.6,"A",2,3,3,4,"Non-metro",6,7,7,8
"1292",2020,"NORTH DAKOTA","ND","STEELE",38091,"PRESIDENT","DONALD J TRUMP","REPUBLICAN",652,1088,20210622,"TOTAL",0.599264705882353,"11/30/2021",48,"Steele County","ND",43.2,817,817,50.8,780,52.9,321,67.4,92.2,964,51,960,59.7,916,62.1,386,81.1,"A",3,4,4,3,"Non-metro",7,8,8,7
"1293",2020,"NORTH DAKOTA","ND","STUTSMAN",38093,"PRESIDENT","DONALD J TRUMP","REPUBLICAN",6994,9959,20210622,"TOTAL",0.702279345315795,"11/30/2021",48,"Stutsman County","ND",49.4,10229,10212,56.8,9741,58.8,3212,77.8,92.2,12056,58.2,11912,66.3,11377,68.7,3900,94.5,"A",3,4,4,4,"Non-metro",7,8,8,8
"1294",2020,"NORTH DAKOTA","ND","TOWNER",38095,"PRESIDENT","DONALD J TRUMP","REPUBLICAN",830,1174,20210622,"TOTAL",0.706984667802385,"11/30/2021",48,"Towner County","ND",43.8,959,956,51.2,908,52.9,363,65.6,92.2,1061,48.5,1027,55,979,57.1,403,72.9,"A",3,4,4,3,"Non-metro",7,8,8,7
"1295",2020,"NORTH DAKOTA","ND","TRAILL",38097,"PRESIDENT","DONALD J TRUMP","REPUBLICAN",2522,4136,20210622,"TOTAL",0.609767891682785,"11/30/2021",48,"Traill County","ND",45.9,3690,3685,53.8,3464,55.8,1181,73.5,92.2,4444,55.3,4365,63.8,4101,66.1,1484,92.4,"A",3,4,4,4,"Non-metro",7,8,8,8
"1296",2020,"NORTH DAKOTA","ND","WALSH",38099,"PRESIDENT","DONALD J TRUMP","REPUBLICAN",3324,4783,20210622,"TOTAL",0.694961321346435,"11/30/2021",48,"Walsh County","ND",51.6,5494,5477,61,5200,63.4,1803,78.7,92.2,6559,61.6,6466,72,6129,74.8,2178,95,"B",8,8,8,8,"Non-metro",8,8,8,8
"1297",2020,"NORTH DAKOTA","ND","WARD",38101,"PRESIDENT","DONALD J TRUMP","REPUBLICAN",19974,28246,20210622,"TOTAL",0.707144374424697,"11/30/2021",48,"Ward County","ND",41.8,28274,28252,50.2,26868,52.1,6733,75.4,92.2,34663,51.2,34231,60.8,32516,63.1,7781,87.2,"A",3,4,4,4,"Non-metro",7,8,8,8
"1298",2020,"NORTH DAKOTA","ND","WELLS",38103,"PRESIDENT","DONALD J TRUMP","REPUBLICAN",1893,2374,20210622,"TOTAL",0.797388374052233,"11/30/2021",48,"Wells County","ND",40.9,1567,1567,47.4,1536,50.4,722,65.6,92.2,1762,46,1758,53.2,1721,56.5,798,72.5,"A",3,3,4,3,"Non-metro",7,7,8,7
"1299",2020,"NORTH DAKOTA","ND","WILLIAMS",38105,"PRESIDENT","DONALD J TRUMP","REPUBLICAN",11739,14334,20210622,"TOTAL",0.81896190874843,"11/30/2021",48,"Williams County","ND",27.4,10302,10300,34.9,9854,37.1,2479,71.7,92.2,12500,33.3,12402,42,11815,44.5,2869,83,"B",5,6,6,8,"Non-metro",5,6,6,8
"1300",2020,"OREGON","OR","BAKER",41001,"PRESIDENT","DONALD J TRUMP","REPUBLICAN",7352,9932,20210622,"TOTAL",0.740233588401128,"11/30/2021",48,"Baker County","OR",67.4,10871,10865,77.7,10582,81.9,5082,99.9,97.8,13488,83.7,13414,96,13035,99.9,5415,99.9,"C",12,12,12,12,"Non-metro",8,8,8,8
"1301",2020,"OREGON","OR","BENTON",41003,"PRESIDENT","DONALD J TRUMP","REPUBLICAN",14878,52799,20210622,"TOTAL",0.281785639879543,"11/30/2021",48,"Benton County","OR",69.4,64542,64346,77,60500,77.5,14483,92.6,97.8,70143,75.4,68226,81.6,64033,82.1,15245,97.5,"B",8,8,8,8,"Metro",4,4,4,4
"1302",2020,"OREGON","OR","CLACKAMAS",41005,"PRESIDENT","DONALD J TRUMP","REPUBLICAN",110509,257679,20210622,"TOTAL",0.42886304277803,"11/30/2021",48,"Clackamas County","OR",63,263466,262654,72.7,242483,73.6,65928,84,97.8,287751,68.8,279140,77.3,257110,78.1,69249,88.3,"A",4,4,4,4,"Metro",4,4,4,4
"1303",2020,"OREGON","OR","CLATSOP",41007,"PRESIDENT","DONALD J TRUMP","REPUBLICAN",10218,23910,20210622,"TOTAL",0.427352572145546,"11/30/2021",48,"Clatsop County","OR",61.4,24687,24658,69.9,23454,71.7,7817,82.9,97.8,27851,69.2,27403,77.7,25968,79.3,8658,91.8,"C",12,12,12,12,"Non-metro",8,8,8,8
"1304",2020,"OREGON","OR","COLUMBIA",41009,"PRESIDENT","DONALD J TRUMP","REPUBLICAN",17150,32221,20210622,"TOTAL",0.532261568542255,"11/30/2021",48,"Columbia County","OR",56.3,29457,29430,64.9,27774,67,8824,87.9,97.8,33223,63.5,32726,72.2,30836,74.3,9707,96.6,"B",8,8,8,8,"Metro",4,4,4,4
"1305",2020,"OREGON","OR","COOS",41011,"PRESIDENT","DONALD J TRUMP","REPUBLICAN",21829,37075,20210622,"TOTAL",0.588779501011463,"11/30/2021",48,"Coos County","OR",53.8,34708,34681,61.1,33265,63.1,13429,78.6,97.8,38296,59.4,37942,66.8,36334,68.9,14595,85.4,"C",12,12,12,12,"Non-metro",8,8,8,8
"1306",2020,"OREGON","OR","CROOK",41013,"PRESIDENT","DONALD J TRUMP","REPUBLICAN",11287,15448,20210622,"TOTAL",0.730644743656137,"11/30/2021",48,"Crook County","OR",47.4,11563,11555,54.6,11153,57,4850,79,97.8,12689,52,12598,59.5,12119,61.9,5144,83.8,"C",11,12,12,12,"Non-metro",7,8,8,8
"1307",2020,"OREGON","OR","CURRY",41015,"PRESIDENT","DONALD J TRUMP","REPUBLICAN",8484,14925,20210622,"TOTAL",0.568442211055276,"11/30/2021",48,"Curry County","OR",52.1,11949,11930,57.5,11561,58.8,5766,71.9,97.8,13969,60.9,13903,67,13496,68.6,6877,85.7,"B",8,8,8,8,"Non-metro",8,8,8,8
"1308",2020,"OREGON","OR","DESCHUTES",41017,"PRESIDENT","DONALD J TRUMP","REPUBLICAN",55646,125234,20210622,"TOTAL",0.444336202628679,"11/30/2021",48,"Deschutes County","OR",63.3,125217,124951,72.4,117163,73.9,36807,90.9,97.8,139411,70.5,135879,78.8,127198,80.2,39544,97.7,"A",4,4,4,4,"Metro",4,4,4,4
"1309",2020,"OREGON","OR","DOUGLAS",41019,"PRESIDENT","DONALD J TRUMP","REPUBLICAN",43298,64349,20210622,"TOTAL",0.672862049138293,"11/30/2021",48,"Douglas County","OR",49.9,55389,55358,57.1,53395,59.6,22235,76.2,97.8,62033,55.9,61742,63.7,59454,66.3,24393,83.6,"C",11,12,12,12,"Non-metro",7,8,8,8
"1310",2020,"OREGON","OR","GILLIAM",41021,"PRESIDENT","DONALD J TRUMP","REPUBLICAN",834,1178,20210622,"TOTAL",0.707979626485569,"11/30/2021",48,"Gilliam County","OR",41.9,802,800,47.9,763,49.3,335,63.4,97.8,907,47.4,902,54,851,55,369,69.9,"C",11,11,11,11,"Non-metro",7,7,7,7
"1311",2020,"OREGON","OR","GRANT",41023,"PRESIDENT","DONALD J TRUMP","REPUBLICAN",3545,4596,20210622,"TOTAL",0.771322889469104,"11/30/2021",48,"Grant County","OR",43.2,3107,3107,48.9,3036,51.2,1384,61.3,97.8,3341,46.4,3332,52.4,3252,54.8,1483,65.6,"C",11,11,12,11,"Non-metro",7,7,8,7
"1312",2020,"OREGON","OR","HARNEY",41025,"PRESIDENT","DONALD J TRUMP","REPUBLICAN",3475,4481,20210622,"TOTAL",0.775496540950681,"11/30/2021",48,"Harney County","OR",43.3,3203,3200,50,3084,52.2,1210,65.6,97.8,3557,48.1,3551,55.5,3412,57.8,1298,70.4,"C",11,12,12,11,"Non-metro",7,8,8,7
"1313",2020,"OREGON","OR","HOOD RIVER",41027,"PRESIDENT","DONALD J TRUMP","REPUBLICAN",3955,13090,20210622,"TOTAL",0.302139037433155,"11/30/2021",48,"Hood River County","OR",77.1,18035,17995,90.7,16467,92.1,3691,97,97.8,20179,86.3,19491,98.2,17823,99.7,4022,99.9,"C",12,12,12,12,"Non-metro",8,8,8,8
"1314",2020,"OREGON","OR","JACKSON",41029,"PRESIDENT","DONALD J TRUMP","REPUBLICAN",63869,127165,20210622,"TOTAL",0.502252978413872,"11/30/2021",48,"Jackson County","OR",54.2,119695,119524,62.6,113313,64.5,40234,80.7,97.8,132342,59.9,130846,68.5,123703,70.4,43215,86.7,"C",12,12,12,12,"Metro",4,4,4,4
"1315",2020,"OREGON","OR","JEFFERSON",41031,"PRESIDENT","DONALD J TRUMP","REPUBLICAN",7189,11913,20210622,"TOTAL",0.603458406782507,"11/30/2021",48,"Jefferson County","OR",56.9,14030,14013,67.4,13120,69.3,4050,82.9,97.8,15797,64.1,15494,74.5,14371,75.9,4323,88.4,"D",16,16,16,16,"Non-metro",8,8,8,8
"1316",2020,"OREGON","OR","JOSEPHINE",41033,"PRESIDENT","DONALD J TRUMP","REPUBLICAN",31751,51641,20210622,"TOTAL",0.614840920973645,"11/30/2021",48,"Josephine County","OR",47.6,41645,41583,54.5,39828,56.6,16952,73.5,97.8,45776,52.3,45392,59.5,43407,61.6,18341,79.5,"C",11,12,12,12,"Metro",3,4,4,4
"1317",2020,"OREGON","OR","KLAMATH",41035,"PRESIDENT","DONALD J TRUMP","REPUBLICAN",25308,36726,20210622,"TOTAL",0.689103087730763,"11/30/2021",48,"Klamath County","OR",47.5,32390,32317,55.5,30923,57.7,11391,77,97.8,35988,52.7,35604,61.1,34021,63.5,12274,83,"D",15,16,16,16,"Non-metro",7,8,8,8
"1318",2020,"OREGON","OR","LAKE",41037,"PRESIDENT","DONALD J TRUMP","REPUBLICAN",3470,4363,20210622,"TOTAL",0.795324318129727,"11/30/2021",48,"Lake County","OR",37.5,2948,2947,42.8,2873,45.1,1332,66.5,97.8,3164,40.2,3154,45.9,3067,48.2,1410,70.4,"D",14,15,15,15,"Non-metro",6,7,7,7
"1319",2020,"OREGON","OR","LANE",41039,"PRESIDENT","DONALD J TRUMP","REPUBLICAN",80336,222253,20210622,"TOTAL",0.361461937521653,"11/30/2021",48,"Lane County","OR",63.8,243738,243079,72.2,229181,73.3,68153,89.5,97.8,267603,70,263968,78.4,248533,79.5,73341,96.3,"C",12,12,12,12,"Metro",4,4,4,4
"1320",2020,"OREGON","OR","LINCOLN",41041,"PRESIDENT","DONALD J TRUMP","REPUBLICAN",12460,30726,20210622,"TOTAL",0.405519755256135,"11/30/2021",48,"Lincoln County","OR",66.3,33126,33051,74.1,31434,75.3,12772,87.1,97.8,36418,72.9,35822,80.3,33973,81.4,13617,92.9,"C",12,12,12,12,"Non-metro",8,8,8,8
"1321",2020,"OREGON","OR","LINN",41043,"PRESIDENT","DONALD J TRUMP","REPUBLICAN",43486,72640,20210622,"TOTAL",0.598650881057269,"11/30/2021",48,"Linn County","OR",52.1,67581,67459,60.9,63875,63.3,20421,82.5,97.8,73336,56.5,72618,65.6,68579,68,21625,87.4,"C",12,12,12,12,"Metro",4,4,4,4
"1322",2020,"OREGON","OR","MALHEUR",41045,"PRESIDENT","DONALD J TRUMP","REPUBLICAN",8187,11804,20210622,"TOTAL",0.693578447983734,"11/30/2021",48,"Malheur County","OR",43.3,13228,13215,52.4,12471,55,4237,82.4,97.8,15033,49.2,14905,59.1,14010,61.8,4654,90.5,"D",15,16,16,16,"Non-metro",7,8,8,8
"1323",2020,"OREGON","OR","MARION",41047,"PRESIDENT","DONALD J TRUMP","REPUBLICAN",79002,165534,20210622,"TOTAL",0.477255427887926,"11/30/2021",48,"Marion County","OR",57.9,201311,200922,68.9,186077,70.7,48836,86.8,97.8,223542,64.3,219656,75.3,202811,77.1,51923,92.3,"D",16,16,16,16,"Metro",4,4,4,4
"1324",2020,"OREGON","OR","MORROW",41049,"PRESIDENT","DONALD J TRUMP","REPUBLICAN",3586,5118,20210622,"TOTAL",0.700664322000782,"11/30/2021",48,"Morrow County","OR",50.4,5853,5852,61.4,5429,64.5,1441,74.1,97.8,6514,56.1,6475,67.9,6011,71.4,1549,79.6,"D",16,16,16,16,"Non-metro",8,8,8,8
"1325",2020,"OREGON","OR","MULTNOMAH",41051,"PRESIDENT","DONALD J TRUMP","REPUBLICAN",82995,463659,20210622,"TOTAL",0.17900008411354,"11/30/2021",48,"Multnomah County","OR",72.5,589163,587136,82.5,551358,83.1,108086,95.8,97.8,670476,82.5,650703,91.4,610675,92.1,118030,99.9,"B",8,8,8,8,"Metro",4,4,4,4
"1326",2020,"OREGON","OR","POLK",41053,"PRESIDENT","DONALD J TRUMP","REPUBLICAN",23732,48291,20210622,"TOTAL",0.491437327866476,"11/30/2021",48,"Polk County","OR",58.8,50607,50514,68.5,47045,70.4,13857,87,97.8,54689,63.5,53538,72.6,49691,74.3,14460,90.8,"C",12,12,12,12,"Metro",4,4,4,4
"1327",2020,"OREGON","OR","SHERMAN",41055,"PRESIDENT","DONALD J TRUMP","REPUBLICAN",921,1208,20210622,"TOTAL",0.762417218543046,"11/30/2021",48,"Sherman County","OR",54.4,968,967,62.2,942,65.3,350,77.3,97.8,1074,60.3,1069,68.7,1030,71.4,375,82.8,"A",4,4,4,4,"Non-metro",8,8,8,8
"1328",2020,"OREGON","OR","TILLAMOOK",41057,"PRESIDENT","DONALD J TRUMP","REPUBLICAN",8354,16888,20210622,"TOTAL",0.494670772145902,"11/30/2021",48,"Tillamook County","OR",61,16505,16490,69.5,15718,71.6,6247,87.5,97.8,18021,66.7,17844,75.2,16958,77.3,6742,94.4,"C",12,12,12,12,"Non-metro",8,8,8,8
"1329",2020,"OREGON","OR","UMATILLA",41059,"PRESIDENT","DONALD J TRUMP","REPUBLICAN",21270,33038,20210622,"TOTAL",0.643804104364671,"11/30/2021",48,"Umatilla County","OR",50.8,39634,39589,60.8,36834,63.1,10124,80.9,97.8,44706,57.4,44289,68,41081,70.4,11442,91.5,"D",16,16,16,16,"Non-metro",8,8,8,8
"1330",2020,"OREGON","OR","UNION",41061,"PRESIDENT","DONALD J TRUMP","REPUBLICAN",10298,14944,20210622,"TOTAL",0.689105995717345,"11/30/2021",48,"Union County","OR",45.6,12243,12232,53.2,11642,55.5,4330,75.1,97.8,13541,50.5,13330,58,12627,60.2,4640,80.5,"C",11,12,12,12,"Non-metro",7,8,8,8
"1331",2020,"OREGON","OR","WALLOWA",41063,"PRESIDENT","DONALD J TRUMP","REPUBLICAN",3404,5149,20210622,"TOTAL",0.661099242571373,"11/30/2021",48,"Wallowa County","OR",55.9,4027,4017,63.6,3849,65.7,1766,82.4,97.8,4430,61.5,4354,69,4164,71.1,1894,88.4,"C",12,12,12,12,"Non-metro",8,8,8,8
"1332",2020,"OREGON","OR","WASCO",41065,"PRESIDENT","DONALD J TRUMP","REPUBLICAN",7035,14130,20210622,"TOTAL",0.497876857749469,"11/30/2021",48,"Wasco County","OR",60.8,16212,16190,71.3,15181,73,4953,88.4,97.8,17956,67.3,17595,77.5,16427,79,5307,94.8,"D",16,16,16,16,"Non-metro",8,8,8,8
"1333",2020,"OREGON","OR","WASHINGTON",41067,"PRESIDENT","DONALD J TRUMP","REPUBLICAN",99073,320326,20210622,"TOTAL",0.30928803781148,"11/30/2021",48,"Washington County","OR",68.9,414579,412963,80.5,377630,81,73963,88.7,97.8,458889,76.3,441770,86.1,403370,86.5,78594,94.3,"B",8,8,8,8,"Metro",4,4,4,4
"1334",2020,"OREGON","OR","WHEELER",41069,"PRESIDENT","DONALD J TRUMP","REPUBLICAN",711,965,20210622,"TOTAL",0.736787564766839,"11/30/2021",48,"Wheeler County","OR",52.9,704,700,57.5,676,58.9,355,73.3,97.8,743,55.8,738,60.6,711,62,368,76,"B",8,8,8,8,"Non-metro",8,8,8,8
"1335",2020,"OREGON","OR","YAMHILL",41071,"PRESIDENT","DONALD J TRUMP","REPUBLICAN",29551,58923,20210622,"TOTAL",0.501518931486856,"11/30/2021",48,"Yamhill County","OR",58.3,62489,62287,67.7,58089,69.4,16757,87.7,97.8,68748,64.2,67361,73.2,62620,74.8,17838,93.4,"C",12,12,12,12,"Metro",4,4,4,4
"1336",2020,"PENNSYLVANIA","PA","ADAMS",42001,"PRESIDENT","DONALD J TRUMP","REPUBLICAN",37523,56540,20210622,"TOTAL",0.663654050229926,"11/30/2021",48,"Adams County","PA",48.2,49635,49619,55.1,47211,57.1,17121,78.8,94.3,61645,59.8,60932,67.7,58029,70.2,21750,99.9,"A",3,4,4,4,"Metro",3,4,4,4
"1337",2020,"PENNSYLVANIA","PA","ALLEGHENY",42003,"PRESIDENT","DONALD J TRUMP","REPUBLICAN",282324,719733,20210622,"TOTAL",0.392262130540075,"11/30/2021",48,"Allegheny County","PA",58.7,713578,712672,66.9,673571,68.1,174777,74.3,94.3,1023894,84.2,1002051,94.1,952439,96.3,302440,99.9,"B",8,8,8,8,"Metro",4,4,4,4
"1338",2020,"PENNSYLVANIA","PA","ARMSTRONG",42005,"PRESIDENT","DONALD J TRUMP","REPUBLICAN",27489,36370,20210622,"TOTAL",0.755815232334341,"11/30/2021",48,"Armstrong County","PA",53.6,34672,34651,61.1,33283,63.6,12883,88.1,94.3,41923,64.8,41557,73.3,39900,76.2,15936,99.9,"A",4,4,4,4,"Metro",4,4,4,4
"1339",2020,"PENNSYLVANIA","PA","BEAVER",42007,"PRESIDENT","DONALD J TRUMP","REPUBLICAN",54759,94122,20210622,"TOTAL",0.581787467329636,"11/30/2021",48,"Beaver County","PA",45,73704,73683,51.4,69859,52.8,19088,52.9,94.3,94893,57.9,93622,65.3,89068,67.3,27687,76.7,"A",3,4,4,3,"Metro",3,4,4,3
"1340",2020,"PENNSYLVANIA","PA","BEDFORD",42009,"PRESIDENT","DONALD J TRUMP","REPUBLICAN",23025,27574,20210622,"TOTAL",0.835025748893886,"11/30/2021",48,"Bedford County","PA",35.1,16804,16804,39.9,16400,42.4,7191,64.1,94.3,19633,41,19514,46.4,19017,49.1,8211,73.2,"B",6,6,7,7,"Non-metro",6,6,7,7
"1341",2020,"PENNSYLVANIA","PA","BERKS",42011,"PRESIDENT","DONALD J TRUMP","REPUBLICAN",109736,205540,20210622,"TOTAL",0.533891213389121,"11/30/2021",48,"Berks County","PA",51.2,215813,215413,59.7,201772,61.6,57221,77.2,94.3,291817,69.3,287858,79.8,270733,82.6,85735,99.9,"C",12,12,12,12,"Metro",4,4,4,4
"1342",2020,"PENNSYLVANIA","PA","BLAIR",42013,"PRESIDENT","DONALD J TRUMP","REPUBLICAN",45306,63595,20210622,"TOTAL",0.712414497995125,"11/30/2021",48,"Blair County","PA",46,56088,56063,52.9,53718,55.3,20188,77.8,94.3,72733,59.7,71971,68,69006,71,26976,99.9,"B",7,8,8,8,"Metro",3,4,4,4
"1343",2020,"PENNSYLVANIA","PA","BRADFORD",42015,"PRESIDENT","DONALD J TRUMP","REPUBLICAN",21600,30159,20210622,"TOTAL",0.716204118173679,"11/30/2021",48,"Bradford County","PA",38.5,23252,23233,45,22208,47.1,8402,63.6,94.3,29033,48.1,28789,55.8,27636,58.6,10928,82.7,"B",6,7,7,7,"Non-metro",6,7,7,7
"1344",2020,"PENNSYLVANIA","PA","BUCKS",42017,"PRESIDENT","DONALD J TRUMP","REPUBLICAN",187367,396234,20210622,"TOTAL",0.472869566973051,"11/30/2021",48,"Bucks County","PA",62.8,394862,394333,71.8,365782,72.9,101454,84,94.3,571054,90.9,561119,99.9,524887,99.9,167598,99.9,"A",4,4,4,4,"Metro",4,4,4,4
"1345",2020,"PENNSYLVANIA","PA","BUTLER",42019,"PRESIDENT","DONALD J TRUMP","REPUBLICAN",74359,113305,20210622,"TOTAL",0.65627289175235,"11/30/2021",48,"Butler County","PA",57.5,108036,107987,65.8,101892,67.5,32398,88.8,94.3,134118,71.4,131435,80.1,124402,82.5,40680,99.9,"A",4,4,4,4,"Metro",4,4,4,4
"1346",2020,"PENNSYLVANIA","PA","CAMBRIA",42021,"PRESIDENT","DONALD J TRUMP","REPUBLICAN",48085,70574,20210622,"TOTAL",0.681341570550061,"11/30/2021",48,"Cambria County","PA",50.2,65399,65355,57.2,62740,59.6,24717,81.7,94.3,80948,62.2,80149,70.2,77013,73.1,30912,99.9,"B",8,8,8,8,"Metro",4,4,4,4
"1347",2020,"PENNSYLVANIA","PA","CAMERON",42023,"PRESIDENT","DONALD J TRUMP","REPUBLICAN",1771,2434,20210622,"TOTAL",0.727608874281019,"11/30/2021",48,"Cameron County","PA",51.7,2298,2298,58.8,2232,61,1048,84,94.3,3141,70.6,3135,80.2,3057,83.5,1420,99.9,"B",8,8,8,8,"Non-metro",8,8,8,8
"1348",2020,"PENNSYLVANIA","PA","CARBON",42025,"PRESIDENT","DONALD J TRUMP","REPUBLICAN",21984,33629,20210622,"TOTAL",0.653721490380326,"11/30/2021",48,"Carbon County","PA",53.3,34233,34193,60.6,32477,62.6,11104,79.6,94.3,44111,68.7,43690,77.4,41701,80.4,15036,99.9,"B",8,8,8,8,"Metro",4,4,4,4
"1349",2020,"PENNSYLVANIA","PA","CENTRE",42027,"PRESIDENT","DONALD J TRUMP","REPUBLICAN",36372,77493,20210622,"TOTAL",0.469358522705277,"11/30/2021",48,"Centre County","PA",52.6,85460,85392,58.1,80967,58.5,20675,85.7,94.3,111858,68.9,109147,74.3,104056,75.2,27847,99.9,"B",8,8,8,8,"Metro",4,4,4,4
"1350",2020,"PENNSYLVANIA","PA","CHESTER",42029,"PRESIDENT","DONALD J TRUMP","REPUBLICAN",128565,314502,20210622,"TOTAL",0.40878913329645,"11/30/2021",48,"Chester County","PA",58,304555,304142,67.6,279210,68.6,72502,82.1,94.3,551064,99.9,536549,99.9,496809,99.9,140370,99.9,"A",4,4,4,4,"Metro",4,4,4,4
"1351",2020,"PENNSYLVANIA","PA","CLARION",42031,"PRESIDENT","DONALD J TRUMP","REPUBLICAN",14578,19493,20210622,"TOTAL",0.74785820550967,"11/30/2021",48,"Clarion County","PA",39.9,15338,15337,45.5,14811,47.4,5982,76.7,94.3,18796,48.9,18671,55.4,18084,57.9,7392,94.8,"B",6,7,7,8,"Non-metro",6,7,7,8
"1352",2020,"PENNSYLVANIA","PA","CLEARFIELD",42033,"PRESIDENT","DONALD J TRUMP","REPUBLICAN",29203,39422,20210622,"TOTAL",0.740779260311501,"11/30/2021",48,"Clearfield County","PA",45.2,35831,35814,51.1,34662,53.4,12528,75.4,94.3,43087,54.4,42802,61.1,41475,63.9,15402,92.7,"C",11,12,12,12,"Non-metro",7,8,8,8
"1353",2020,"PENNSYLVANIA","PA","CLINTON",42035,"PRESIDENT","DONALD J TRUMP","REPUBLICAN",11902,17625,20210622,"TOTAL",0.675290780141844,"11/30/2021",48,"Clinton County","PA",38.6,14899,14895,44.2,14346,46.4,5249,70.9,94.3,19055,49.3,18918,56.2,18233,58.9,6671,90.1,"B",6,7,7,8,"Non-metro",6,7,7,8
"1354",2020,"PENNSYLVANIA","PA","COLUMBIA",42037,"PRESIDENT","DONALD J TRUMP","REPUBLICAN",20098,31171,20210622,"TOTAL",0.644765968368034,"11/30/2021",48,"Columbia County","PA",55.5,36087,36000,62.4,34237,63.9,11575,88.8,94.3,44350,68.3,43809,75.9,41636,77.7,14855,99.9,"B",8,8,8,8,"Metro",4,4,4,4
"1355",2020,"PENNSYLVANIA","PA","CRAWFORD",42039,"PRESIDENT","DONALD J TRUMP","REPUBLICAN",28559,42004,20210622,"TOTAL",0.679911437005999,"11/30/2021",48,"Crawford County","PA",44.3,37512,37502,51,35965,53.4,13598,75.7,94.3,47741,56.4,47296,64.3,45440,67.5,17909,99.7,"C",11,12,12,12,"Non-metro",7,8,8,8
"1356",2020,"PENNSYLVANIA","PA","CUMBERLAND",42041,"PRESIDENT","DONALD J TRUMP","REPUBLICAN",77212,141595,20210622,"TOTAL",0.545301740880681,"11/30/2021",48,"Cumberland County","PA",56.7,143740,143624,65.4,135448,67,38813,81.3,94.3,213031,84.1,209285,95.3,198259,98.1,65432,99.9,"A",4,4,4,4,"Metro",4,4,4,4
"1357",2020,"PENNSYLVANIA","PA","DAUPHIN",42043,"PRESIDENT","DONALD J TRUMP","REPUBLICAN",66408,147368,20210622,"TOTAL",0.450627001791434,"11/30/2021",48,"Dauphin County","PA",54,150276,149743,63.2,140573,65.2,38736,80,94.3,199731,71.8,196694,83.1,185451,86,56560,99.9,"B",8,8,8,8,"Metro",4,4,4,4
"1358",2020,"PENNSYLVANIA","PA","DELAWARE",42045,"PRESIDENT","DONALD J TRUMP","REPUBLICAN",118532,327931,20210622,"TOTAL",0.361454086377927,"11/30/2021",48,"Delaware County","PA",64.8,367134,366355,75.6,337566,76.3,86567,91.1,94.3,515872,91,501704,99.9,465957,99.9,133421,99.9,"B",8,8,8,8,"Metro",4,4,4,4
"1359",2020,"PENNSYLVANIA","PA","ELK",42047,"PRESIDENT","DONALD J TRUMP","REPUBLICAN",12140,16906,20210622,"TOTAL",0.718088252691352,"11/30/2021",48,"Elk County","PA",51.4,15378,15378,58.7,14842,61.4,5653,83.9,94.3,18761,62.7,18629,71.1,18008,74.5,6917,99.9,"A",4,4,4,4,"Non-metro",8,8,8,8
"1360",2020,"PENNSYLVANIA","PA","ERIE",42049,"PRESIDENT","DONALD J TRUMP","REPUBLICAN",66869,137083,20210622,"TOTAL",0.487799362430061,"11/30/2021",48,"Erie County","PA",52.9,142746,142603,61.3,134567,63.3,40367,80.3,94.3,183715,68.1,180430,77.5,170495,80.2,53200,99.9,"C",12,12,12,12,"Metro",4,4,4,4
"1361",2020,"PENNSYLVANIA","PA","FAYETTE",42051,"PRESIDENT","DONALD J TRUMP","REPUBLICAN",41227,62139,20210622,"TOTAL",0.663464169040377,"11/30/2021",48,"Fayette County","PA",51.1,66034,66010,58.3,63543,60.8,23377,83.3,94.3,86158,66.6,85489,75.4,82441,78.8,32805,99.9,"C",12,12,12,12,"Metro",4,4,4,4
"1362",2020,"PENNSYLVANIA","PA","FOREST",42053,"PRESIDENT","DONALD J TRUMP","REPUBLICAN",1882,2646,20210622,"TOTAL",0.711262282690854,"11/30/2021",48,"Forest County","PA",67.8,4910,4908,71.3,4860,75.1,1290,78.1,94.3,5596,77.2,5582,81.1,5525,85.4,1656,99.9,"C",12,12,12,12,"Non-metro",8,8,8,8
"1363",2020,"PENNSYLVANIA","PA","FRANKLIN",42055,"PRESIDENT","DONALD J TRUMP","REPUBLICAN",57245,80783,20210622,"TOTAL",0.70862681504772,"11/30/2021",48,"Franklin County","PA",43.4,67258,67209,50.6,63789,52.8,23494,75.4,94.3,81453,52.5,80542,60.7,76545,63.4,28550,91.6,"B",7,8,8,8,"Metro",3,4,4,4
"1364",2020,"PENNSYLVANIA","PA","FULTON",42057,"PRESIDENT","DONALD J TRUMP","REPUBLICAN",6824,7977,20210622,"TOTAL",0.855459445906983,"11/30/2021",48,"Fulton County","PA",32,4654,4652,36.7,4535,38.9,1936,60.5,94.3,5318,36.6,5298,41.8,5162,44.3,2147,67.1,"A",2,2,2,3,"Non-metro",6,6,6,7
"1365",2020,"PENNSYLVANIA","PA","GREENE",42059,"PRESIDENT","DONALD J TRUMP","REPUBLICAN",12579,17669,20210622,"TOTAL",0.711924840115456,"11/30/2021",48,"Greene County","PA",43.2,15648,15645,49.5,15163,51.9,5268,75.1,94.3,20081,55.4,19996,63.3,19369,66.3,7239,99.9,"B",7,7,8,8,"Non-metro",7,7,8,8
"1366",2020,"PENNSYLVANIA","PA","HUNTINGDON",42061,"PRESIDENT","DONALD J TRUMP","REPUBLICAN",17061,22792,20210622,"TOTAL",0.748552123552124,"11/30/2021",48,"Huntingdon County","PA",46.3,20884,20883,52.1,20318,54.6,7137,74,94.3,24928,55.2,24787,61.8,24136,64.9,8737,90.6,"B",7,8,8,8,"Non-metro",7,8,8,8
"1367",2020,"PENNSYLVANIA","PA","INDIANA",42063,"PRESIDENT","DONALD J TRUMP","REPUBLICAN",28089,41198,20210622,"TOTAL",0.681804941987475,"11/30/2021",48,"Indiana County","PA",41.3,34760,34748,46.7,33518,48.6,12734,75.7,94.3,43052,51.2,42614,57.3,41072,59.5,16302,96.9,"C",11,11,11,12,"Non-metro",7,7,7,8
"1368",2020,"PENNSYLVANIA","PA","JEFFERSON",42065,"PRESIDENT","DONALD J TRUMP","REPUBLICAN",17960,22824,20210622,"TOTAL",0.786890991938311,"11/30/2021",48,"Jefferson County","PA",43.8,19009,18996,50.8,18387,53.7,7699,82.4,94.3,23252,53.5,23079,61.7,22341,65.3,9269,99.2,"B",7,8,8,8,"Non-metro",7,8,8,8
"1369",2020,"PENNSYLVANIA","PA","JUNIATA",42067,"PRESIDENT","DONALD J TRUMP","REPUBLICAN",9649,12043,20210622,"TOTAL",0.801212322511002,"11/30/2021",48,"Juniata County","PA",36.4,9012,9002,42.4,8690,45.2,3645,71.3,94.3,10531,42.5,10445,49.2,10069,52.4,4206,82.3,"B",6,7,7,8,"Non-metro",6,7,7,8
"1370",2020,"PENNSYLVANIA","PA","LACKAWANNA",42069,"PRESIDENT","DONALD J TRUMP","REPUBLICAN",52334,115410,20210622,"TOTAL",0.45346157178754,"11/30/2021",48,"Lackawanna County","PA",62.2,130339,130184,71.6,121864,73.1,36669,86,94.3,164756,78.6,161228,88.7,151399,90.8,48157,99.9,"C",12,12,12,12,"Metro",4,4,4,4
"1371",2020,"PENNSYLVANIA","PA","LANCASTER",42071,"PRESIDENT","DONALD J TRUMP","REPUBLICAN",160209,280239,20210622,"TOTAL",0.571687024289981,"11/30/2021",48,"Lancaster County","PA",51.7,282060,281427,61.1,266299,63.7,86146,85.8,94.3,366152,67.1,360352,78.3,340937,81.6,116963,99.9,"B",8,8,8,8,"Metro",4,4,4,4
"1372",2020,"PENNSYLVANIA","PA","LAWRENCE",42073,"PRESIDENT","DONALD J TRUMP","REPUBLICAN",29597,46076,20210622,"TOTAL",0.64235176664641,"11/30/2021",48,"Lawrence County","PA",48.1,41145,41130,55.2,39386,57.5,14389,74.7,94.3,52139,61,51642,69.3,49520,72.3,18874,98,"B",7,8,8,8,"Non-metro",7,8,8,8
"1373",2020,"PENNSYLVANIA","PA","LEBANON",42075,"PRESIDENT","DONALD J TRUMP","REPUBLICAN",46731,71652,20210622,"TOTAL",0.652193937363926,"11/30/2021",48,"Lebanon County","PA",48.3,68478,68312,56.6,64565,58.9,22170,78.7,94.3,86584,61.1,85467,70.8,80983,73.9,28541,99.9,"C",11,12,12,12,"Metro",3,4,4,4
"1374",2020,"PENNSYLVANIA","PA","LEHIGH",42077,"PRESIDENT","DONALD J TRUMP","REPUBLICAN",84259,184713,20210622,"TOTAL",0.456161721156605,"11/30/2021",48,"Lehigh County","PA",62,228989,228320,72.4,213383,74.6,58112,92,94.3,311702,84.4,305862,97,286439,99.9,84753,99.9,"C",12,12,12,12,"Metro",4,4,4,4
"1375",2020,"PENNSYLVANIA","PA","LUZERNE",42079,"PRESIDENT","DONALD J TRUMP","REPUBLICAN",86929,153321,20210622,"TOTAL",0.566973865289165,"11/30/2021",48,"Luzerne County","PA",56.6,179671,179338,64.8,168885,66.3,51524,80.5,94.3,227842,71.8,225110,81.3,212886,83.6,68564,99.9,"C",12,12,12,12,"Metro",4,4,4,4
"1376",2020,"PENNSYLVANIA","PA","LYCOMING",42081,"PRESIDENT","DONALD J TRUMP","REPUBLICAN",41462,59254,20210622,"TOTAL",0.699733351334931,"11/30/2021",48,"Lycoming County","PA",45.3,51300,51259,52.2,49224,54.6,17917,79.8,94.3,64744,57.1,64187,65.4,61600,68.3,23227,99.9,"B",7,8,8,8,"Metro",3,4,4,4
"1377",2020,"PENNSYLVANIA","PA","MCKEAN",42083,"PRESIDENT","DONALD J TRUMP","REPUBLICAN",14083,19466,20210622,"TOTAL",0.723466557073872,"11/30/2021",48,"McKean County","PA",36.5,14826,14824,41.7,14300,43.9,4804,59,94.3,27048,66.6,26856,75.6,25539,78.4,8818,99.9,"C",10,11,11,11,"Non-metro",6,7,7,7
"1378",2020,"PENNSYLVANIA","PA","MERCER",42085,"PRESIDENT","DONALD J TRUMP","REPUBLICAN",36143,57954,20210622,"TOTAL",0.623649791213721,"11/30/2021",48,"Mercer County","PA",47.9,52433,52405,54.4,50401,57,19541,80.3,94.3,67298,61.5,66728,69.3,64171,72.6,26250,99.9,"C",11,12,12,12,"Metro",3,4,4,4
"1379",2020,"PENNSYLVANIA","PA","MIFFLIN",42087,"PRESIDENT","DONALD J TRUMP","REPUBLICAN",16670,21502,20210622,"TOTAL",0.775276718444796,"11/30/2021",48,"Mifflin County","PA",44.3,20434,20432,51.9,19740,55,7903,77.6,94.3,24042,52.1,23862,60.6,23063,64.2,9307,91.4,"B",7,8,8,8,"Non-metro",7,8,8,8
"1380",2020,"PENNSYLVANIA","PA","MONROE",42089,"PRESIDENT","DONALD J TRUMP","REPUBLICAN",38726,83829,20210622,"TOTAL",0.461964236719989,"11/30/2021",48,"Monroe County","PA",53.4,90899,90849,60.5,85383,62.3,23910,78.8,94.3,113170,66.5,112146,74.7,105597,77,30912,99.9,"B",8,8,8,8,"Metro",4,4,4,4
"1381",2020,"PENNSYLVANIA","PA","MONTGOMERY",42091,"PRESIDENT","DONALD J TRUMP","REPUBLICAN",185460,510157,20210622,"TOTAL",0.363535147023367,"11/30/2021",48,"Montgomery County","PA",61,506713,505824,70.7,462681,70.9,112315,74.4,94.3,867294,99.9,842399,99.9,782378,99.9,242154,99.9,"A",4,4,4,4,"Metro",4,4,4,4
"1382",2020,"PENNSYLVANIA","PA","MONTOUR",42093,"PRESIDENT","DONALD J TRUMP","REPUBLICAN",5844,9771,20210622,"TOTAL",0.598096407737181,"11/30/2021",48,"Montour County","PA",71,12952,12843,81.6,12122,83.7,3812,97.2,94.3,15357,84.2,14947,95,14161,97.8,4587,99.9,"B",8,8,8,8,"Metro",4,4,4,4
"1383",2020,"PENNSYLVANIA","PA","NORTHAMPTON",42095,"PRESIDENT","DONALD J TRUMP","REPUBLICAN",83854,170942,20210622,"TOTAL",0.490540651215032,"11/30/2021",48,"Northampton County","PA",56.4,172049,171687,64.2,160961,65.7,48429,81.2,94.3,252214,82.6,248769,93,234488,95.7,76156,99.9,"B",8,8,8,8,"Metro",4,4,4,4
"1384",2020,"PENNSYLVANIA","PA","NORTHUMBERLAND",42097,"PRESIDENT","DONALD J TRUMP","REPUBLICAN",28952,42283,20210622,"TOTAL",0.684719627273372,"11/30/2021",48,"Northumberland County","PA",51.9,47109,47032,59.3,45130,61.8,15796,79.8,94.3,57112,62.9,56603,71.3,54364,74.4,19693,99.4,"C",12,12,12,12,"Non-metro",8,8,8,8
"1385",2020,"PENNSYLVANIA","PA","PERRY",42099,"PRESIDENT","DONALD J TRUMP","REPUBLICAN",18293,24652,20210622,"TOTAL",0.742049326626643,"11/30/2021",48,"Perry County","PA",41.4,19169,19158,48.1,18398,50.5,6462,73.4,94.3,25645,55.4,25462,64,24490,67.3,9379,99.9,"A",3,3,4,4,"Metro",3,3,4,4
"1386",2020,"PENNSYLVANIA","PA","PHILADELPHIA",42101,"PRESIDENT","DONALD J TRUMP","REPUBLICAN",132740,741377,20210622,"TOTAL",0.179045209117628,"11/30/2021",48,"Philadelphia County","PA",59.4,941621,940499,69.9,888853,71.6,189664,85.6,94.3,1261117,79.6,1241778,92.2,1168496,94.1,245667,99.9,"D",16,16,16,16,"Metro",4,4,4,4
"1387",2020,"PENNSYLVANIA","PA","PIKE",42103,"PRESIDENT","DONALD J TRUMP","REPUBLICAN",19213,32554,20210622,"TOTAL",0.590188609694661,"11/30/2021",48,"Pike County","PA",50.7,28287,28267,56.4,26608,57.7,9086,69.3,94.3,37728,67.6,37399,74.7,35295,76.6,13357,99.9,"A",4,4,4,3,"Metro",4,4,4,3
"1388",2020,"PENNSYLVANIA","PA","POTTER",42105,"PRESIDENT","DONALD J TRUMP","REPUBLICAN",7239,9064,20210622,"TOTAL",0.798654015887026,"11/30/2021",48,"Potter County","PA",31.2,5149,5149,35.8,4959,37.6,2146,53.1,94.3,6120,37,6075,42.2,5809,44.1,2491,61.6,"B",6,6,6,7,"Non-metro",6,6,6,7
"1389",2020,"PENNSYLVANIA","PA","SCHUYLKILL",42107,"PRESIDENT","DONALD J TRUMP","REPUBLICAN",48871,70603,20210622,"TOTAL",0.692194382674957,"11/30/2021",48,"Schuylkill County","PA",52.6,74322,74288,60,70844,62.4,23311,79.5,94.3,97894,69.3,97063,78.4,92917,81.8,33781,99.9,"B",8,8,8,8,"Non-metro",8,8,8,8
"1390",2020,"PENNSYLVANIA","PA","SNYDER",42109,"PRESIDENT","DONALD J TRUMP","REPUBLICAN",13983,19140,20210622,"TOTAL",0.730564263322884,"11/30/2021",48,"Snyder County","PA",37.3,15056,15024,42.8,14337,44.8,5374,68.2,94.3,20258,50.2,20040,57.1,19230,60.1,7298,92.6,"A",2,3,3,3,"Non-metro",6,7,7,7
"1391",2020,"PENNSYLVANIA","PA","SOMERSET",42111,"PRESIDENT","DONALD J TRUMP","REPUBLICAN",31466,40543,20210622,"TOTAL",0.77611424906889,"11/30/2021",48,"Somerset County","PA",43,31603,31594,48.5,30599,50.7,11881,70.4,94.3,39566,53.9,39324,60.4,38103,63.1,15478,91.7,"B",7,7,8,8,"Non-metro",7,7,8,8
"1392",2020,"PENNSYLVANIA","PA","SULLIVAN",42113,"PRESIDENT","DONALD J TRUMP","REPUBLICAN",2619,3595,20210622,"TOTAL",0.728511821974965,"11/30/2021",48,"Sullivan County","PA",44.4,2694,2693,47.4,2633,48.5,1219,69.2,94.3,4334,71.4,4315,76,4237,78.1,2144,99.9,"B",7,7,7,7,"Non-metro",7,7,7,7
"1393",2020,"PENNSYLVANIA","PA","SUSQUEHANNA",42115,"PRESIDENT","DONALD J TRUMP","REPUBLICAN",15207,21752,20210622,"TOTAL",0.699108127988231,"11/30/2021",48,"Susquehanna County","PA",42.1,16974,16966,47.7,16177,49.2,6309,64.4,94.3,20667,51.2,20479,57.5,19543,59.4,7981,81.5,"A",3,3,3,3,"Non-metro",7,7,7,7
"1394",2020,"PENNSYLVANIA","PA","TIOGA",42117,"PRESIDENT","DONALD J TRUMP","REPUBLICAN",15742,21075,20210622,"TOTAL",0.746951364175564,"11/30/2021",48,"Tioga County","PA",39.8,16136,16135,45.7,15421,47.4,6427,70.2,94.3,19953,49.2,19742,55.9,18791,57.8,8074,88.2,"B",6,7,7,8,"Non-metro",6,7,7,8
"1395",2020,"PENNSYLVANIA","PA","UNION",42119,"PRESIDENT","DONALD J TRUMP","REPUBLICAN",12356,20115,20210622,"TOTAL",0.614267959234402,"11/30/2021",48,"Union County","PA",51.3,23030,22908,57.4,21809,58.9,6646,79.7,94.3,28429,63.3,27899,69.9,26635,72,8393,99.9,"B",8,8,8,8,"Non-metro",8,8,8,8
"1396",2020,"PENNSYLVANIA","PA","VENANGO",42121,"PRESIDENT","DONALD J TRUMP","REPUBLICAN",18569,26528,20210622,"TOTAL",0.69997738238842,"11/30/2021",48,"Venango County","PA",40.3,20407,20404,45.9,19531,47.6,7590,64.9,94.3,25196,49.7,24978,56.1,23932,58.4,9291,79.4,"B",7,7,7,7,"Non-metro",7,7,7,7
"1397",2020,"PENNSYLVANIA","PA","WARREN",42123,"PRESIDENT","DONALD J TRUMP","REPUBLICAN",14237,20650,20210622,"TOTAL",0.689443099273608,"11/30/2021",48,"Warren County","PA",43.1,16895,16891,49.3,16158,51.1,6365,69.1,94.3,22718,58,22555,65.9,21672,68.5,8922,96.8,"A",3,3,4,3,"Non-metro",7,7,8,7
"1398",2020,"PENNSYLVANIA","PA","WASHINGTON",42125,"PRESIDENT","DONALD J TRUMP","REPUBLICAN",72080,118478,20210622,"TOTAL",0.608382990935026,"11/30/2021",48,"Washington County","PA",54.4,112552,112515,62.3,106744,64,34968,80.3,94.3,158401,76.6,156117,86.4,148623,89.2,55378,99.9,"A",4,4,4,4,"Metro",4,4,4,4
"1399",2020,"PENNSYLVANIA","PA","WAYNE",42127,"PRESIDENT","DONALD J TRUMP","REPUBLICAN",18637,28089,20210622,"TOTAL",0.663498166542063,"11/30/2021",48,"Wayne County","PA",54.6,28045,28015,60.8,26665,62,9115,72.2,94.3,35892,69.9,35436,76.8,33836,78.7,12674,99.9,"B",8,8,8,8,"Non-metro",8,8,8,8
"1400",2020,"PENNSYLVANIA","PA","WESTMORELAND",42129,"PRESIDENT","DONALD J TRUMP","REPUBLICAN",130218,204697,20210622,"TOTAL",0.63615001685418,"11/30/2021",48,"Westmoreland County","PA",51.1,178224,178108,57.7,169544,59.4,60912,75,94.3,239111,68.5,236135,76.5,225712,79.1,89722,99.9,"A",4,4,4,4,"Metro",4,4,4,4
"1401",2020,"PENNSYLVANIA","PA","WYOMING",42131,"PRESIDENT","DONALD J TRUMP","REPUBLICAN",9936,14858,20210622,"TOTAL",0.668730650154799,"11/30/2021",48,"Wyoming County","PA",53.8,14423,14400,61.2,13631,63.1,4801,81.9,94.3,18409,68.7,18210,77.4,17313,80.2,6558,99.9,"A",4,4,4,4,"Metro",4,4,4,4
"1402",2020,"PENNSYLVANIA","PA","YORK",42133,"PRESIDENT","DONALD J TRUMP","REPUBLICAN",146733,238471,20210622,"TOTAL",0.615307521669301,"11/30/2021",48,"York County","PA",51.6,231631,231543,60.1,218231,62.3,67705,84,94.3,290761,64.7,287276,74.6,271442,77.5,89914,99.9,"B",8,8,8,8,"Metro",4,4,4,4
"1403",2020,"RHODE ISLAND","RI","BRISTOL",44001,"PRESIDENT","DONALD J TRUMP","REPUBLICAN",9745,28415,20210622,"TOTAL",0.342952665845504,"11/30/2021",48,"Bristol County","RI",71.3,34562,34452,80,31647,80.2,9825,99.9,92.6,39357,81.2,37746,87.7,34704,88,10646,99.9,"A",4,4,4,4,"Metro",4,4,4,4
"1404",2020,"RHODE ISLAND","RI","KENT",44003,"PRESIDENT","DONALD J TRUMP","REPUBLICAN",42001,93093,20210622,"TOTAL",0.451172483430548,"11/30/2021",48,"Kent County","RI",72,118339,118042,81.7,110661,82.8,31300,98.4,92.6,130456,79.4,127021,87.9,119041,89,33384,99.9,"A",4,4,4,4,"Metro",4,4,4,4
"1405",2020,"RHODE ISLAND","RI","NEWPORT",44005,"PRESIDENT","DONALD J TRUMP","REPUBLICAN",15722,46148,20210622,"TOTAL",0.340686486955014,"11/30/2021",48,"Newport County","RI",72.3,59335,59291,80.9,55635,81.3,15649,83.7,92.6,68231,83.1,66586,90.8,62450,91.3,17741,94.9,"A",4,4,4,4,"Metro",4,4,4,4
"1406",2020,"RHODE ISLAND","RI","PROVIDENCE",44007,"PRESIDENT","DONALD J TRUMP","REPUBLICAN",102551,272667,20210622,"TOTAL",0.376103452196269,"11/30/2021",48,"Providence County","RI",64.1,409280,408698,73.9,380596,74.9,91182,91.4,92.6,459475,71.9,450367,81.4,418561,82.4,98377,98.6,"D",16,16,16,16,"Metro",4,4,4,4
"1407",2020,"RHODE ISLAND","RI","WASHINGTON",44009,"PRESIDENT","DONALD J TRUMP","REPUBLICAN",29818,76060,20210622,"TOTAL",0.392032605837497,"11/30/2021",48,"Washington County","RI",72.1,90600,90423,79.7,84620,80.4,27248,99.9,92.6,102298,81.5,99499,87.7,93213,88.5,30037,99.9,"A",4,4,4,4,"Metro",4,4,4,4
"1408",2020,"TEXAS","TX","ANDERSON",48001,"PRESIDENT","DONALD J TRUMP","REPUBLICAN",15110,19227,20210622,"TOTAL",0.785874031310137,"11/30/2021",48,"Anderson County","TX",36.7,21166,21160,41.9,20622,44.1,5277,60.9,99.1,24105,41.8,24050,47.6,23412,50.1,5959,68.8,"D",14,15,15,15,"Non-metro",6,7,7,7
"1409",2020,"TEXAS","TX","ANDREWS",48003,"PRESIDENT","DONALD J TRUMP","REPUBLICAN",4943,5863,20210622,"TOTAL",0.84308374552277,"11/30/2021",48,"Andrews County","TX",40.6,7590,7590,51.3,7054,54.7,1523,83.1,99.1,8714,46.6,8620,58.3,7995,62,1655,90.3,"B",7,8,8,8,"Non-metro",7,8,8,8
"1410",2020,"TEXAS","TX","ANGELINA",48005,"PRESIDENT","DONALD J TRUMP","REPUBLICAN",25076,34574,20210622,"TOTAL",0.725284896164748,"11/30/2021",48,"Angelina County","TX",42.9,37234,37203,51.5,35186,54.4,11286,78.3,99.1,42149,48.6,41848,57.9,39489,61.1,12115,84,"D",15,16,16,16,"Non-metro",7,8,8,8
"1411",2020,"TEXAS","TX","ARANSAS",48007,"PRESIDENT","DONALD J TRUMP","REPUBLICAN",9239,12290,20210622,"TOTAL",0.751749389747762,"11/30/2021",48,"Aransas County","TX",52.6,12369,12356,59.5,11885,61.4,5331,78.5,99.1,14304,60.8,14253,68.6,13680,70.7,5942,87.5,"D",16,16,16,16,"Metro",4,4,4,4
"1412",2020,"TEXAS","TX","ARCHER",48009,"PRESIDENT","DONALD J TRUMP","REPUBLICAN",4300,4796,20210622,"TOTAL",0.896580483736447,"11/30/2021",48,"Archer County","TX",44.5,3809,3809,51.5,3661,54.6,1259,75.1,99.1,4169,48.7,4156,56.2,3984,59.4,1332,79.4,"A",3,4,4,4,"Metro",3,4,4,4
"1413",2020,"TEXAS","TX","ARMSTRONG",48011,"PRESIDENT","DONALD J TRUMP","REPUBLICAN",1035,1112,20210622,"TOTAL",0.930755395683453,"11/30/2021",48,"Armstrong County","TX",37.7,711,711,44.7,698,47.8,314,66.8,99.1,817,43.3,812,51,794,54.3,339,72.1,"A",2,3,3,3,"Metro",2,3,3,3
"1414",2020,"TEXAS","TX","ATASCOSA",48013,"PRESIDENT","DONALD J TRUMP","REPUBLICAN",12039,18118,20210622,"TOTAL",0.664477315376973,"11/30/2021",48,"Atascosa County","TX",45.8,23451,23429,55.8,21581,57.9,5677,74.6,99.1,27211,53.2,26977,64.3,24771,66.5,6367,83.7,"D",15,16,16,16,"Metro",3,4,4,4
"1415",2020,"TEXAS","TX","AUSTIN",48015,"PRESIDENT","DONALD J TRUMP","REPUBLICAN",11447,14554,20210622,"TOTAL",0.786519169987632,"11/30/2021",48,"Austin County","TX",43.8,13144,13141,51.8,12517,54.7,4537,76.5,99.1,15143,50.4,15072,59.4,14309,62.6,4967,83.7,"B",7,8,8,8,"Metro",3,4,4,4
"1416",2020,"TEXAS","TX","BAILEY",48017,"PRESIDENT","DONALD J TRUMP","REPUBLICAN",1434,1860,20210622,"TOTAL",0.770967741935484,"11/30/2021",48,"Bailey County","TX",35.8,2509,2508,44.5,2375,49,723,69.8,99.1,2973,42.5,2964,52.6,2775,57.3,787,76,"D",14,15,15,15,"Non-metro",6,7,7,7
"1417",2020,"TEXAS","TX","BANDERA",48019,"PRESIDENT","DONALD J TRUMP","REPUBLICAN",10057,12715,20210622,"TOTAL",0.790955564294141,"11/30/2021",48,"Bandera County","TX",42.5,9833,9828,47.6,9519,49.3,4189,65.1,99.1,11402,49.3,11345,54.9,10959,56.8,4776,74.2,"C",11,11,11,11,"Metro",3,3,3,3
"1418",2020,"TEXAS","TX","BASTROP",48021,"PRESIDENT","DONALD J TRUMP","REPUBLICAN",20516,36665,20210622,"TOTAL",0.559552706941225,"11/30/2021",48,"Bastrop County","TX",51.5,45662,45638,61.5,42234,63.8,10193,73.5,99.1,54820,61.8,54340,73.3,50013,75.5,11782,85,"C",12,12,12,12,"Metro",4,4,4,4
"1419",2020,"TEXAS","TX","BAYLOR",48023,"PRESIDENT","DONALD J TRUMP","REPUBLICAN",1494,1702,20210622,"TOTAL",0.877790834312573,"11/30/2021",48,"Baylor County","TX",38.8,1360,1359,45.8,1341,49.5,630,74.6,99.1,1504,42.9,1503,50.7,1480,54.7,668,79.1,"A",2,3,3,4,"Non-metro",6,7,7,8
"1420",2020,"TEXAS","TX","BEE",48025,"PRESIDENT","DONALD J TRUMP","REPUBLICAN",6006,9420,20210622,"TOTAL",0.637579617834395,"11/30/2021",48,"Bee County","TX",45.9,14949,14947,53.2,14146,55,3302,80.7,99.1,17556,53.9,17454,62.2,16420,63.8,3612,88.3,"D",15,16,16,16,"Non-metro",7,8,8,8
"1421",2020,"TEXAS","TX","BELL",48027,"PRESIDENT","DONALD J TRUMP","REPUBLICAN",67893,127375,20210622,"TOTAL",0.533016683022571,"11/30/2021",48,"Bell County","TX",54.3,196910,196812,67,182989,69.6,37200,91.8,99.1,222423,61.3,220225,75,203792,77.5,41935,99.9,"D",16,16,16,16,"Metro",4,4,4,4
"1422",2020,"TEXAS","TX","BEXAR",48029,"PRESIDENT","DONALD J TRUMP","REPUBLICAN",308618,770818,20210622,"TOTAL",0.4003772615585,"11/30/2021",48,"Bexar County","TX",62.3,1248392,1246797,74.8,1140409,76.2,223277,90.1,99.1,1481813,74,1458784,87.5,1329355,88.8,257582,99.9,"D",16,16,16,16,"Metro",4,4,4,4
"1423",2020,"TEXAS","TX","BLANCO",48031,"PRESIDENT","DONALD J TRUMP","REPUBLICAN",5443,7441,20210622,"TOTAL",0.73148770326569,"11/30/2021",48,"Blanco County","TX",49.2,5865,5863,54.9,5685,57.9,2404,80,99.1,6655,55.8,6635,62.2,6408,65.3,2650,88.2,"B",7,8,8,8,"Non-metro",7,8,8,8
"1424",2020,"TEXAS","TX","BORDEN",48033,"PRESIDENT","DONALD J TRUMP","REPUBLICAN",397,416,20210622,"TOTAL",0.954326923076923,"11/30/2021",48,"Borden County","TX",31.7,207,207,36.1,196,37.4,70,40.2,99.1,233,35.6,232,40.4,220,42,74,42.5,"A",2,2,2,2,"Non-metro",6,6,6,6
"1425",2020,"TEXAS","TX","BOSQUE",48035,"PRESIDENT","DONALD J TRUMP","REPUBLICAN",7469,9126,20210622,"TOTAL",0.818430856892395,"11/30/2021",48,"Bosque County","TX",42.4,7928,7926,49,7648,51.8,3308,69.8,99.1,9035,48.4,8985,55.6,8643,58.6,3626,76.5,"C",11,11,12,11,"Non-metro",7,7,8,7
"1426",2020,"TEXAS","TX","BOWIE",48037,"PRESIDENT","DONALD J TRUMP","REPUBLICAN",27116,38261,20210622,"TOTAL",0.708711220302658,"11/30/2021",48,"Bowie County","TX",35.6,33218,33196,42.2,31851,44.7,10623,67.1,99.1,39602,42.5,39439,50.1,37691,52.9,12121,76.6,"D",14,15,15,15,"Metro",2,3,3,3
"1427",2020,"TEXAS","TX","BRAZORIA",48039,"PRESIDENT","DONALD J TRUMP","REPUBLICAN",90433,154984,20210622,"TOTAL",0.583498941826253,"11/30/2021",48,"Brazoria County","TX",52.8,197500,197085,63.6,179747,65,37956,83,99.1,224601,60,220012,70.9,200314,72.4,41400,90.5,"C",12,12,12,12,"Metro",4,4,4,4
"1428",2020,"TEXAS","TX","BRAZOS",48041,"PRESIDENT","DONALD J TRUMP","REPUBLICAN",47530,85061,20210622,"TOTAL",0.558775467017787,"11/30/2021",48,"Brazos County","TX",47.4,108538,108269,55,102190,56.2,19010,87.6,99.1,125742,54.9,124025,63,116894,64.3,20649,95.2,"C",11,12,12,12,"Metro",3,4,4,4
"1429",2020,"TEXAS","TX","BREWSTER",48043,"PRESIDENT","DONALD J TRUMP","REPUBLICAN",2461,4822,20210622,"TOTAL",0.510369141435089,"11/30/2021",48,"Brewster County","TX",52,4790,4785,59.1,4633,61.6,1523,68.3,99.1,5688,61.8,5631,69.5,5357,71.2,1726,77.4,"C",12,12,12,11,"Non-metro",8,8,8,7
"1430",2020,"TEXAS","TX","BRISCOE",48045,"PRESIDENT","DONALD J TRUMP","REPUBLICAN",639,725,20210622,"TOTAL",0.881379310344828,"11/30/2021",48,"Briscoe County","TX",40.9,632,632,47,617,49.6,302,74.8,99.1,697,45.1,695,51.7,674,54.2,322,79.7,"B",7,7,7,8,"Non-metro",7,7,7,8
"1431",2020,"TEXAS","TX","BROOKS",48047,"PRESIDENT","DONALD J TRUMP","REPUBLICAN",998,2484,20210622,"TOTAL",0.401771336553945,"11/30/2021",48,"Brooks County","TX",56,3972,3971,69.6,3622,70.4,1056,80.7,99.1,4587,64.7,4528,79.4,4105,79.8,1158,88.5,"D",16,16,16,16,"Non-metro",8,8,8,8
"1432",2020,"TEXAS","TX","BROWN",48049,"PRESIDENT","DONALD J TRUMP","REPUBLICAN",13698,15969,20210622,"TOTAL",0.857786962239339,"11/30/2021",48,"Brown County","TX",37.6,14248,14242,43.4,13789,46.4,5128,66.4,99.1,16145,42.6,16092,49,15518,52.3,5618,72.8,"C",10,11,11,11,"Non-metro",6,7,7,7
"1433",2020,"TEXAS","TX","BURLESON",48051,"PRESIDENT","DONALD J TRUMP","REPUBLICAN",6743,8609,20210622,"TOTAL",0.783250087118132,"11/30/2021",48,"Burleson County","TX",45.3,8354,8353,52.9,8068,55.9,3058,79.1,99.1,9368,50.8,9334,59.2,8985,62.3,3313,85.7,"C",11,12,12,12,"Metro",3,4,4,4
"1434",2020,"TEXAS","TX","BURNET",48053,"PRESIDENT","DONALD J TRUMP","REPUBLICAN",18767,24717,20210622,"TOTAL",0.759274992919853,"11/30/2021",48,"Burnet County","TX",48.3,23272,23251,55.9,22259,58.6,9155,83.2,99.1,26565,55.2,26403,63.4,25205,66.3,10120,92,"C",11,12,12,12,"Non-metro",7,8,8,8
"1435",2020,"TEXAS","TX","CALDWELL",48055,"PRESIDENT","DONALD J TRUMP","REPUBLICAN",8031,14973,20210622,"TOTAL",0.536365457824083,"11/30/2021",48,"Caldwell County","TX",48.8,21325,21318,57.3,19586,58.4,4918,75.5,99.1,25330,58,25104,67.5,22948,68.5,5547,85.2,"D",15,16,16,16,"Metro",3,4,4,4
"1436",2020,"TEXAS","TX","CALHOUN",48057,"PRESIDENT","DONALD J TRUMP","REPUBLICAN",5641,7856,20210622,"TOTAL",0.718049898167006,"11/30/2021",48,"Calhoun County","TX",47.3,10072,10065,56,9602,59.3,3080,77.4,99.1,11624,54.6,11529,64.1,10958,67.7,3425,86,"D",15,16,16,16,"Non-metro",7,8,8,8
"1437",2020,"TEXAS","TX","CALLAHAN",48059,"PRESIDENT","DONALD J TRUMP","REPUBLICAN",6012,6832,20210622,"TOTAL",0.879976580796253,"11/30/2021",48,"Callahan County","TX",34.6,4818,4817,40.1,4643,42.6,1879,63.5,99.1,5430,38.9,5410,45.1,5195,47.7,2029,68.6,"B",6,7,7,7,"Metro",2,3,3,3
"1438",2020,"TEXAS","TX","CAMERON",48061,"PRESIDENT","DONALD J TRUMP","REPUBLICAN",49032,114174,20210622,"TOTAL",0.429449787166956,"11/30/2021",48,"Cameron County","TX",66.8,282825,282068,82.8,248898,83.9,51245,87.4,99.1,343032,81.1,331844,97.4,287779,97,57538,98.2,"D",16,16,16,16,"Metro",4,4,4,4
"1439",2020,"TEXAS","TX","CAMP",48063,"PRESIDENT","DONALD J TRUMP","REPUBLICAN",3626,5060,20210622,"TOTAL",0.716600790513834,"11/30/2021",48,"Camp County","TX",36.1,4723,4722,43.5,4464,46.3,1631,65.4,99.1,5532,42.2,5519,50.9,5214,54.1,1813,72.7,"D",14,15,15,15,"Non-metro",6,7,7,7
"1440",2020,"TEXAS","TX","CARSON",48065,"PRESIDENT","DONALD J TRUMP","REPUBLICAN",2779,3122,20210622,"TOTAL",0.890134529147982,"11/30/2021",48,"Carson County","TX",33.1,1960,1960,38.7,1913,42.1,754,60.3,99.1,2268,38.3,2263,44.7,2202,48.5,818,65.4,"A",2,2,3,3,"Metro",2,2,3,3
"1441",2020,"TEXAS","TX","CASS",48067,"PRESIDENT","DONALD J TRUMP","REPUBLICAN",11033,13927,20210622,"TOTAL",0.792202197170963,"11/30/2021",48,"Cass County","TX",32.7,9823,9821,38.2,9509,40.7,4192,61.1,99.1,11373,37.9,11356,44.1,10965,46.9,4703,68.6,"D",14,14,15,15,"Non-metro",6,6,7,7
"1442",2020,"TEXAS","TX","CASTRO",48069,"PRESIDENT","DONALD J TRUMP","REPUBLICAN",1602,2083,20210622,"TOTAL",0.769083053288526,"11/30/2021",48,"Castro County","TX",38.3,2883,2881,47.1,2658,49.5,886,71.7,99.1,3563,47.3,3521,57.5,3242,60.4,980,79.3,"D",14,15,15,16,"Non-metro",6,7,7,8
"1443",2020,"TEXAS","TX","CHAMBERS",48071,"PRESIDENT","DONALD J TRUMP","REPUBLICAN",17353,21652,20210622,"TOTAL",0.801450212451506,"11/30/2021",48,"Chambers County","TX",42.5,18631,18608,51.8,17235,54.4,4109,78.1,99.1,21647,49.4,21408,59.6,19804,62.6,4556,86.6,"B",7,8,8,8,"Metro",3,4,4,4
"1444",2020,"TEXAS","TX","CHEROKEE",48073,"PRESIDENT","DONALD J TRUMP","REPUBLICAN",15101,19508,20210622,"TOTAL",0.774092679926184,"11/30/2021",48,"Cherokee County","TX",35.8,18835,18825,42.9,18024,45.8,6092,64.5,99.1,21601,41,21513,49,20558,52.3,6619,70.1,"D",14,15,15,15,"Non-metro",6,7,7,7
"1445",2020,"TEXAS","TX","CHILDRESS",48075,"PRESIDENT","DONALD J TRUMP","REPUBLICAN",1943,2279,20210622,"TOTAL",0.852566915313734,"11/30/2021",48,"Childress County","TX",43.7,3192,3190,49.7,3063,51.8,781,67,99.1,3422,46.8,3406,53,3257,55,821,70.5,"C",11,11,12,11,"Non-metro",7,7,8,7
"1446",2020,"TEXAS","TX","CLAY",48077,"PRESIDENT","DONALD J TRUMP","REPUBLICAN",5069,5744,20210622,"TOTAL",0.882486072423398,"11/30/2021",48,"Clay County","TX",41,4297,4297,46.7,4188,49.8,1772,71.3,99.1,4732,45.2,4713,51.2,4581,54.5,1876,75.5,"B",7,7,7,8,"Metro",3,3,3,4
"1447",2020,"TEXAS","TX","COCHRAN",48079,"PRESIDENT","DONALD J TRUMP","REPUBLICAN",809,1000,20210622,"TOTAL",0.809,"11/30/2021",48,"Cochran County","TX",49.4,1408,1408,59.9,1363,65.3,471,99.9,99.1,1575,55.2,1568,66.7,1509,72.3,497,99.9,"D",15,16,16,16,"Non-metro",7,8,8,8
"1448",2020,"TEXAS","TX","COKE",48081,"PRESIDENT","DONALD J TRUMP","REPUBLICAN",1586,1779,20210622,"TOTAL",0.891512085441259,"11/30/2021",48,"Coke County","TX",35.9,1217,1217,42,1188,44.4,564,59.6,99.1,1362,40.2,1362,47,1325,49.5,604,63.8,"C",10,11,11,11,"Non-metro",6,7,7,7
"1449",2020,"TEXAS","TX","COLEMAN",48083,"PRESIDENT","DONALD J TRUMP","REPUBLICAN",3641,4124,20210622,"TOTAL",0.882880698351115,"11/30/2021",48,"Coleman County","TX",34.6,2832,2832,39.8,2776,42.6,1369,64.6,99.1,3162,38.7,3159,44.4,3091,47.5,1457,68.8,"B",6,6,7,7,"Non-metro",6,6,7,7
"1450",2020,"TEXAS","TX","COLLIN",48085,"PRESIDENT","DONALD J TRUMP","REPUBLICAN",252318,490856,20210622,"TOTAL",0.514036703228645,"11/30/2021",48,"Collin County","TX",61.1,632112,631011,72.8,573687,74.6,101022,86.7,99.1,726409,70.2,708214,81.7,642007,83.4,112269,96.3,"A",4,4,4,4,"Metro",4,4,4,4
"1451",2020,"TEXAS","TX","COLLINGSWORTH",48087,"PRESIDENT","DONALD J TRUMP","REPUBLICAN",1048,1218,20210622,"TOTAL",0.860426929392447,"11/30/2021",48,"Collingsworth County","TX",29.3,857,857,35.4,842,38.4,380,68.5,99.1,1067,36.5,1062,43.8,1040,47.5,453,81.6,"D",13,14,14,15,"Non-metro",5,6,6,7
"1452",2020,"TEXAS","TX","COLORADO",48089,"PRESIDENT","DONALD J TRUMP","REPUBLICAN",7472,9975,20210622,"TOTAL",0.749072681704261,"11/30/2021",48,"Colorado County","TX",47.7,10242,10237,56.3,9801,59.2,3821,78.8,99.1,11596,54,11544,63.5,11019,66.6,4151,85.6,"C",11,12,12,12,"Non-metro",7,8,8,8
"1453",2020,"TEXAS","TX","COMAL",48091,"PRESIDENT","DONALD J TRUMP","REPUBLICAN",62740,88892,20210622,"TOTAL",0.705800296989605,"11/30/2021",48,"Comal County","TX",55,85857,85749,64.1,80365,66.4,24421,85.6,99.1,99701,63.8,98568,73.7,92243,76.2,28051,98.3,"A",4,4,4,4,"Metro",4,4,4,4
"1454",2020,"TEXAS","TX","COMANCHE",48093,"PRESIDENT","DONALD J TRUMP","REPUBLICAN",5177,6086,20210622,"TOTAL",0.850640814985212,"11/30/2021",48,"Comanche County","TX",42.4,5785,5782,49.4,5599,52.7,2338,70.2,99.1,6472,47.5,6446,55.1,6217,58.6,2518,75.6,"C",11,11,12,12,"Non-metro",7,7,8,8
"1455",2020,"TEXAS","TX","CONCHO",48095,"PRESIDENT","DONALD J TRUMP","REPUBLICAN",1058,1268,20210622,"TOTAL",0.834384858044164,"11/30/2021",48,"Concho County","TX",45.5,1241,1241,51,1219,54.7,539,78.2,99.1,1502,55.1,1500,61.7,1472,66,566,82.1,"B",7,8,8,8,"Non-metro",7,8,8,8
"1456",2020,"TEXAS","TX","COOKE",48097,"PRESIDENT","DONALD J TRUMP","REPUBLICAN",15596,18996,20210622,"TOTAL",0.821014950515898,"11/30/2021",48,"Cooke County","TX",34.9,14391,14388,41.4,13863,44,5237,67.1,99.1,17235,41.8,17154,49.3,16396,52,5857,75.1,"C",10,11,11,11,"Non-metro",6,7,7,7
"1457",2020,"TEXAS","TX","CORYELL",48099,"PRESIDENT","DONALD J TRUMP","REPUBLICAN",15438,23493,20210622,"TOTAL",0.657131911633252,"11/30/2021",48,"Coryell County","TX",43.4,32992,32981,51.7,31048,52.8,8011,99.6,99.1,38037,50.1,37727,59.1,35451,60.3,8814,99.9,"D",15,16,16,16,"Metro",3,4,4,4
"1458",2020,"TEXAS","TX","COTTLE",48101,"PRESIDENT","DONALD J TRUMP","REPUBLICAN",540,662,20210622,"TOTAL",0.81570996978852,"11/30/2021",48,"Cottle County","TX",31.7,443,443,36.8,433,40.2,198,58.4,99.1,498,35.6,497,41.3,479,44.5,219,64.6,"D",14,14,15,15,"Non-metro",6,6,7,7
"1459",2020,"TEXAS","TX","CRANE",48103,"PRESIDENT","DONALD J TRUMP","REPUBLICAN",1247,1503,20210622,"TOTAL",0.829673985362608,"11/30/2021",48,"Crane County","TX",33,1585,1585,40.8,1458,42.8,379,63.8,99.1,2158,45,2143,55.2,1975,57.9,472,79.5,"B",6,7,7,7,"Non-metro",6,7,7,7
"1460",2020,"TEXAS","TX","CROCKETT",48105,"PRESIDENT","DONALD J TRUMP","REPUBLICAN",1220,1574,20210622,"TOTAL",0.775095298602287,"11/30/2021",48,"Crockett County","TX",42.6,1474,1474,50.9,1412,54.2,485,79.2,99.1,1705,49.2,1697,58.6,1614,62,535,87.4,"C",11,12,12,12,"Non-metro",7,8,8,8
"1461",2020,"TEXAS","TX","CROSBY",48107,"PRESIDENT","DONALD J TRUMP","REPUBLICAN",1396,1953,20210622,"TOTAL",0.714797747055812,"11/30/2021",48,"Crosby County","TX",41.4,2374,2374,49.4,2262,53.3,807,74.4,99.1,2646,46.1,2632,54.7,2495,58.8,851,78.4,"D",15,15,16,16,"Metro",3,3,4,4
"1462",2020,"TEXAS","TX","CULBERSON",48109,"PRESIDENT","DONALD J TRUMP","REPUBLICAN",415,864,20210622,"TOTAL",0.480324074074074,"11/30/2021",48,"Culberson County","TX",49.4,1072,1071,58.1,1019,60.5,314,65.4,99.1,1230,56.7,1219,66.1,1156,68.6,337,70.2,"D",15,16,16,15,"Non-metro",7,8,8,7
"1463",2020,"TEXAS","TX","DALLAM",48111,"PRESIDENT","DONALD J TRUMP","REPUBLICAN",1389,1609,20210622,"TOTAL",0.863269111249223,"11/30/2021",48,"Dallam County","TX",40.2,2932,2931,51.2,2817,56.8,592,69.1,99.1,3972,54.5,3963,69.3,3789,76.4,673,78.5,"C",11,12,12,11,"Non-metro",7,8,8,7
"1464",2020,"TEXAS","TX","DALLAS",48113,"PRESIDENT","DONALD J TRUMP","REPUBLICAN",307076,919504,20210622,"TOTAL",0.333958307957334,"11/30/2021",48,"Dallas County","TX",54.6,1439463,1437743,66,1328213,67.9,241564,82.7,99.1,1697514,64.4,1671665,76.7,1537674,78.6,272013,93.1,"D",16,16,16,16,"Metro",4,4,4,4
"1465",2020,"TEXAS","TX","DAWSON",48115,"PRESIDENT","DONALD J TRUMP","REPUBLICAN",2951,3789,20210622,"TOTAL",0.778833465294273,"11/30/2021",48,"Dawson County","TX",31.4,3995,3994,38,3877,41,1239,65.3,99.1,4606,36.2,4588,43.6,4427,46.8,1377,72.6,"D",14,14,15,15,"Non-metro",6,6,7,7
"1466",2020,"TEXAS","TX","DEAF SMITH",48117,"PRESIDENT","DONALD J TRUMP","REPUBLICAN",3294,4610,20210622,"TOTAL",0.714533622559653,"11/30/2021",48,"Deaf Smith County","TX",39.1,7260,7253,49.3,6743,52.6,1811,74.7,99.1,8321,44.9,8295,56.4,7707,60.1,2008,82.9,"D",14,15,16,16,"Non-metro",6,7,8,8
"1467",2020,"TEXAS","TX","DELTA",48119,"PRESIDENT","DONALD J TRUMP","REPUBLICAN",2162,2592,20210622,"TOTAL",0.834104938271605,"11/30/2021",48,"Delta County","TX",33,1761,1759,39.1,1704,41.8,745,66.6,99.1,2038,38.2,2027,45.1,1960,48,850,76,"C",10,10,11,11,"Non-metro",6,6,7,7
"1468",2020,"TEXAS","TX","DENTON",48121,"PRESIDENT","DONALD J TRUMP","REPUBLICAN",222480,417964,20210622,"TOTAL",0.532294647385899,"11/30/2021",48,"Denton County","TX",56,496581,496127,66.2,456857,68,80466,86.1,99.1,561305,63.3,550313,73.5,504468,75.1,86916,93,"A",4,4,4,4,"Metro",4,4,4,4
"1469",2020,"TEXAS","TX","DEWITT",48123,"PRESIDENT","DONALD J TRUMP","REPUBLICAN",6567,8118,20210622,"TOTAL",0.808943089430894,"11/30/2021",48,"DeWitt County","TX",42.3,8532,8531,49.9,8263,52.9,2956,73.3,99.1,9504,47.1,9466,55.3,9140,58.5,3191,79.1,"D",15,15,16,16,"Non-metro",7,7,8,8
"1470",2020,"TEXAS","TX","DICKENS",48125,"PRESIDENT","DONALD J TRUMP","REPUBLICAN",853,988,20210622,"TOTAL",0.86336032388664,"11/30/2021",48,"Dickens County","TX",31.1,688,688,35.1,667,36.9,313,59.6,99.1,766,34.6,765,39,739,40.9,336,64,"D",14,14,14,15,"Non-metro",6,6,6,7
"1471",2020,"TEXAS","TX","DIMMIT",48127,"PRESIDENT","DONALD J TRUMP","REPUBLICAN",1384,3666,20210622,"TOTAL",0.377523186033824,"11/30/2021",48,"Dimmit County","TX",58.8,5953,5938,72.1,4935,68.3,1354,77.4,99.1,9189,90.8,9023,99.9,5557,76.9,1471,84.1,"D",16,16,16,16,"Non-metro",8,8,8,8
"1472",2020,"TEXAS","TX","DONLEY",48129,"PRESIDENT","DONALD J TRUMP","REPUBLICAN",1438,1648,20210622,"TOTAL",0.872572815533981,"11/30/2021",48,"Donley County","TX",31.4,1029,1027,35.8,1006,38.1,477,59.3,99.1,1204,36.7,1200,41.8,1174,44.4,541,67.3,"B",6,6,6,7,"Non-metro",6,6,6,7
"1473",2020,"TEXAS","TX","DUVAL",48131,"PRESIDENT","DONALD J TRUMP","REPUBLICAN",2443,5053,20210622,"TOTAL",0.483475163269345,"11/30/2021",48,"Duval County","TX",55.5,6192,6188,67.1,5760,69.4,1553,76.5,99.1,7351,65.9,7272,78.8,6672,80.4,1738,85.6,"D",16,16,16,16,"Non-metro",8,8,8,8
"1474",2020,"TEXAS","TX","EASTLAND",48133,"PRESIDENT","DONALD J TRUMP","REPUBLICAN",7237,8293,20210622,"TOTAL",0.87266369227059,"11/30/2021",48,"Eastland County","TX",33.8,6209,6208,39.1,6061,41.9,2634,65,99.1,7255,39.5,7230,45.6,7014,48.4,2940,72.5,"D",14,14,15,15,"Non-metro",6,6,7,7
"1475",2020,"TEXAS","TX","ECTOR",48135,"PRESIDENT","DONALD J TRUMP","REPUBLICAN",32697,44591,20210622,"TOTAL",0.733264560113027,"11/30/2021",48,"Ector County","TX",39.1,64945,64902,49.4,60314,52,12588,78.8,99.1,76164,45.8,75551,57.5,69870,60.3,13785,86.3,"D",14,15,16,16,"Metro",2,3,4,4
"1476",2020,"TEXAS","TX","EDWARDS",48137,"PRESIDENT","DONALD J TRUMP","REPUBLICAN",893,1066,20210622,"TOTAL",0.837711069418386,"11/30/2021",48,"Edwards County","TX",35.3,682,682,41.4,670,44.3,317,56.5,99.1,788,40.8,786,47.8,766,50.7,351,62.6,"B",6,7,7,7,"Non-metro",6,7,7,7
"1477",2020,"TEXAS","TX","ELLIS",48139,"PRESIDENT","DONALD J TRUMP","REPUBLICAN",56717,85493,20210622,"TOTAL",0.66341103950031,"11/30/2021",48,"Ellis County","TX",48.8,90259,90186,58.8,83354,61.4,20646,85,99.1,104006,56.3,102851,67.1,94901,69.9,22579,93,"B",7,8,8,8,"Metro",3,4,4,4
"1478",2020,"TEXAS","TX","EL PASO",48141,"PRESIDENT","DONALD J TRUMP","REPUBLICAN",84331,266729,20210622,"TOTAL",0.3161673458829,"11/30/2021",48,"El Paso County","TX",69.9,586461,584482,84.6,524427,85.3,102342,97.3,99.1,722591,86.1,697238,99.9,610467,99.3,117347,99.9,"D",16,16,16,16,"Metro",4,4,4,4
"1479",2020,"TEXAS","TX","ERATH",48143,"PRESIDENT","DONALD J TRUMP","REPUBLICAN",13684,16856,20210622,"TOTAL",0.811817750355956,"11/30/2021",48,"Erath County","TX",34.8,14846,14838,40.3,14250,42.1,4491,71.8,99.1,16880,39.5,16790,45.6,16092,47.5,4895,78.2,"C",10,11,11,12,"Non-metro",6,7,7,8
"1480",2020,"TEXAS","TX","FALLS",48145,"PRESIDENT","DONALD J TRUMP","REPUBLICAN",4177,6133,20210622,"TOTAL",0.681069623349095,"11/30/2021",48,"Falls County","TX",41,7088,7085,47.7,6815,49.9,2037,63.1,99.1,8419,48.7,8388,56.5,8002,58.5,2299,71.3,"D",15,15,15,15,"Metro",3,3,3,3
"1481",2020,"TEXAS","TX","FANNIN",48147,"PRESIDENT","DONALD J TRUMP","REPUBLICAN",12171,15007,20210622,"TOTAL",0.811021523289132,"11/30/2021",48,"Fannin County","TX",40.4,14344,14342,46.7,13888,49.6,4949,75.1,99.1,16261,45.8,16215,52.8,15675,56,5410,82.1,"C",11,11,11,12,"Non-metro",7,7,7,8
"1482",2020,"TEXAS","TX","FAYETTE",48149,"PRESIDENT","DONALD J TRUMP","REPUBLICAN",10171,12941,20210622,"TOTAL",0.78595162661309,"11/30/2021",48,"Fayette County","TX",46.2,11721,11717,53,11281,55.7,4941,74,99.1,13733,54.2,13603,61.5,13066,64.5,5495,82.3,"B",7,8,8,8,"Non-metro",7,8,8,8
"1483",2020,"TEXAS","TX","FISHER",48151,"PRESIDENT","DONALD J TRUMP","REPUBLICAN",1448,1826,20210622,"TOTAL",0.792990142387733,"11/30/2021",48,"Fisher County","TX",33.5,1283,1283,39.1,1255,41.7,559,58.2,99.1,1488,38.9,1483,45.2,1448,48.1,604,62.9,"B",6,6,7,7,"Non-metro",6,6,7,7
"1484",2020,"TEXAS","TX","FLOYD",48153,"PRESIDENT","DONALD J TRUMP","REPUBLICAN",1584,2039,20210622,"TOTAL",0.776851397743992,"11/30/2021",48,"Floyd County","TX",42.1,2403,2403,50.7,2315,55.1,820,76.6,99.1,2680,46.9,2673,56.4,2562,61,891,83.3,"D",15,16,16,16,"Non-metro",7,8,8,8
"1485",2020,"TEXAS","TX","FOARD",48155,"PRESIDENT","DONALD J TRUMP","REPUBLICAN",445,551,20210622,"TOTAL",0.807622504537205,"11/30/2021",48,"Foard County","TX",39.7,459,459,45.1,446,48.3,200,63.5,99.1,561,48.6,561,55.2,547,59.2,226,71.7,"B",6,7,7,7,"Non-metro",6,7,7,7
"1486",2020,"TEXAS","TX","FORT BEND",48157,"PRESIDENT","DONALD J TRUMP","REPUBLICAN",157718,357514,20210622,"TOTAL",0.44115195488848,"11/30/2021",48,"Fort Bend County","TX",64.3,521799,520415,77.7,464918,78.8,88823,94.6,99.1,601072,74.1,584660,87.3,521851,88.4,97561,99.9,"B",8,8,8,8,"Metro",4,4,4,4
"1487",2020,"TEXAS","TX","FRANKLIN",48159,"PRESIDENT","DONALD J TRUMP","REPUBLICAN",4161,5009,20210622,"TOTAL",0.83070473148333,"11/30/2021",48,"Franklin County","TX",33.6,3605,3601,39.1,3496,42.4,1491,63,99.1,4215,39.3,4205,45.6,4075,49.4,1673,70.7,"C",10,10,11,11,"Non-metro",6,6,7,7
"1488",2020,"TEXAS","TX","FREESTONE",48161,"PRESIDENT","DONALD J TRUMP","REPUBLICAN",6991,8711,20210622,"TOTAL",0.802548501894157,"11/30/2021",48,"Freestone County","TX",35.2,6936,6933,41.2,6737,44.2,2373,59.4,99.1,7889,40,7866,46.7,7619,50,2613,65.4,"D",14,15,15,15,"Non-metro",6,7,7,7
"1489",2020,"TEXAS","TX","FRIO",48163,"PRESIDENT","DONALD J TRUMP","REPUBLICAN",2823,5279,20210622,"TOTAL",0.53476037128244,"11/30/2021",48,"Frio County","TX",52.2,10606,10593,61.8,10003,64.2,1723,68.9,99.1,12112,59.6,11967,69.8,11258,72.2,1857,74.3,"D",16,16,16,15,"Non-metro",8,8,8,7
"1490",2020,"TEXAS","TX","GAINES",48165,"PRESIDENT","DONALD J TRUMP","REPUBLICAN",5355,5996,20210622,"TOTAL",0.893095396931287,"11/30/2021",48,"Gaines County","TX",20.2,4338,4335,26.6,4096,29.8,968,50.8,99.1,4987,23.2,4956,30.5,4650,33.9,1072,56.2,"C",9,9,9,11,"Non-metro",5,5,5,7
"1491",2020,"TEXAS","TX","GALVESTON",48167,"PRESIDENT","DONALD J TRUMP","REPUBLICAN",93911,155060,20210622,"TOTAL",0.605642976912163,"11/30/2021",48,"Galveston County","TX",55.3,189130,188699,65.4,174699,67.2,43193,84.7,99.1,212596,62.1,208795,72.4,192854,74.2,46435,91.1,"C",12,12,12,12,"Metro",4,4,4,4
"1492",2020,"TEXAS","TX","GARZA",48169,"PRESIDENT","DONALD J TRUMP","REPUBLICAN",1413,1653,20210622,"TOTAL",0.85480943738657,"11/30/2021",48,"Garza County","TX",48.4,3015,3015,54.2,2968,57.2,545,75.8,99.1,3236,52,3229,58.1,3169,61.1,593,82.5,"C",11,12,12,12,"Non-metro",7,8,8,8
"1493",2020,"TEXAS","TX","GILLESPIE",48171,"PRESIDENT","DONALD J TRUMP","REPUBLICAN",12514,15850,20210622,"TOTAL",0.789526813880126,"11/30/2021",48,"Gillespie County","TX",49.8,13438,13412,56.9,12961,59.8,6263,77.2,99.1,15333,56.8,15231,64.6,14696,67.8,6858,84.6,"B",7,8,8,8,"Non-metro",7,8,8,8
"1494",2020,"TEXAS","TX","GLASSCOCK",48173,"PRESIDENT","DONALD J TRUMP","REPUBLICAN",611,653,20210622,"TOTAL",0.935681470137825,"11/30/2021",48,"Glasscock County","TX",39.4,555,555,47.2,537,51.1,141,67.1,99.1,648,46,645,54.9,620,59,148,70.5,"A",2,3,4,3,"Non-metro",6,7,8,7
"1495",2020,"TEXAS","TX","GOLIAD",48175,"PRESIDENT","DONALD J TRUMP","REPUBLICAN",3085,3995,20210622,"TOTAL",0.772215269086358,"11/30/2021",48,"Goliad County","TX",38.9,2977,2976,44.7,2854,47,1162,63.4,99.1,3382,44.2,3354,50.4,3200,52.7,1269,69.3,"C",10,11,11,11,"Metro",2,3,3,3
"1496",2020,"TEXAS","TX","GONZALES",48177,"PRESIDENT","DONALD J TRUMP","REPUBLICAN",5627,7648,20210622,"TOTAL",0.735747907949791,"11/30/2021",48,"Gonzales County","TX",45.8,9545,9543,55.4,8993,58.9,2686,75.2,99.1,10637,51,10589,61.4,9907,64.9,2855,79.9,"D",15,16,16,16,"Non-metro",7,8,8,8
"1497",2020,"TEXAS","TX","GRAY",48179,"PRESIDENT","DONALD J TRUMP","REPUBLICAN",6840,7782,20210622,"TOTAL",0.878951426368543,"11/30/2021",48,"Gray County","TX",36.8,8063,8063,44.3,7690,47.1,2517,71.3,99.1,9155,41.8,9137,50.2,8685,53.1,2756,78.1,"D",14,15,15,16,"Non-metro",6,7,7,8
"1498",2020,"TEXAS","TX","GRAYSON",48181,"PRESIDENT","DONALD J TRUMP","REPUBLICAN",44163,59474,20210622,"TOTAL",0.742559774018899,"11/30/2021",48,"Grayson County","TX",41.4,56373,56352,49,54224,52.1,18546,76.7,99.1,65589,48.2,65233,56.7,62400,60,20658,85.4,"C",11,11,12,12,"Metro",3,3,4,4
"1499",2020,"TEXAS","TX","GREGG",48183,"PRESIDENT","DONALD J TRUMP","REPUBLICAN",32493,47982,20210622,"TOTAL",0.677191446792547,"11/30/2021",48,"Gregg County","TX",41.6,51515,51473,50.2,48439,52.6,15060,77.4,99.1,58863,47.5,58503,57,54852,59.6,16416,84.4,"D",15,16,16,16,"Metro",3,4,4,4
"1500",2020,"TEXAS","TX","GRIMES",48185,"PRESIDENT","DONALD J TRUMP","REPUBLICAN",9432,12414,20210622,"TOTAL",0.759787336877719,"11/30/2021",48,"Grimes County","TX",47.4,13690,13685,55.3,13035,57.9,4066,79.2,99.1,15654,54.2,15565,62.9,14782,65.7,4436,86.4,"D",15,16,16,16,"Non-metro",7,8,8,8
"1501",2020,"TEXAS","TX","GUADALUPE",48187,"PRESIDENT","DONALD J TRUMP","REPUBLICAN",47553,77619,20210622,"TOTAL",0.612646388126619,"11/30/2021",48,"Guadalupe County","TX",49.9,83285,83194,59.3,76203,60.7,18327,77.6,99.1,96753,58,95090,67.8,87025,69.3,20720,87.7,"B",7,8,8,8,"Metro",3,4,4,4
"1502",2020,"TEXAS","TX","HALE",48189,"PRESIDENT","DONALD J TRUMP","REPUBLICAN",7177,9586,20210622,"TOTAL",0.748696015021907,"11/30/2021",48,"Hale County","TX",38.7,12923,12914,46.8,12228,50,3448,74.9,99.1,14555,43.6,14467,52.4,13616,55.7,3698,80.3,"D",14,15,16,16,"Non-metro",6,7,8,8
"1503",2020,"TEXAS","TX","HALL",48191,"PRESIDENT","DONALD J TRUMP","REPUBLICAN",995,1169,20210622,"TOTAL",0.851154833190761,"11/30/2021",48,"Hall County","TX",40.6,1203,1201,46.6,1170,50.7,510,71.7,99.1,1347,45.4,1341,52.1,1304,56.5,547,76.9,"D",15,15,16,16,"Non-metro",7,7,8,8
"1504",2020,"TEXAS","TX","HAMILTON",48193,"PRESIDENT","DONALD J TRUMP","REPUBLICAN",3616,4351,20210622,"TOTAL",0.83107331647897,"11/30/2021",48,"Hamilton County","TX",48.6,4110,4106,56.7,3936,59.4,1718,80.1,99.1,4521,53.4,4500,62.2,4289,64.8,1819,84.8,"C",11,12,12,12,"Non-metro",7,8,8,8
"1505",2020,"TEXAS","TX","HANSFORD",48195,"PRESIDENT","DONALD J TRUMP","REPUBLICAN",1849,2047,20210622,"TOTAL",0.903273082559844,"11/30/2021",48,"Hansford County","TX",39.9,2156,2156,49.1,2060,54.3,670,82.5,99.1,2407,44.6,2405,54.7,2288,60.3,735,90.5,"D",14,15,16,16,"Non-metro",6,7,8,8
"1506",2020,"TEXAS","TX","HARDEMAN",48197,"PRESIDENT","DONALD J TRUMP","REPUBLICAN",1330,1580,20210622,"TOTAL",0.841772151898734,"11/30/2021",48,"Hardeman County","TX",43.5,1712,1712,50.2,1620,52.5,628,68.9,99.1,1892,48.1,1884,55.3,1773,57.4,662,72.6,"C",11,12,12,11,"Non-metro",7,8,8,7
"1507",2020,"TEXAS","TX","HARDIN",48199,"PRESIDENT","DONALD J TRUMP","REPUBLICAN",23858,27635,20210622,"TOTAL",0.863325493034196,"11/30/2021",48,"Hardin County","TX",34.9,20106,20076,41.5,19231,44.2,6880,70.5,99.1,23188,40.3,23051,47.7,22024,50.6,7542,77.3,"B",6,7,7,8,"Metro",2,3,3,4
"1508",2020,"TEXAS","TX","HARRIS",48201,"PRESIDENT","DONALD J TRUMP","REPUBLICAN",700630,1640818,20210622,"TOTAL",0.42700043514881,"11/30/2021",48,"Harris County","TX",57.6,2716010,2710878,69.9,2479730,71.5,442485,86.1,99.1,3195215,67.8,3142793,81,2865099,82.6,493959,96.1,"C",12,12,12,12,"Metro",4,4,4,4
"1509",2020,"TEXAS","TX","HARRISON",48203,"PRESIDENT","DONALD J TRUMP","REPUBLICAN",21466,29717,20210622,"TOTAL",0.722347477874617,"11/30/2021",48,"Harrison County","TX",36.8,24479,24466,43.8,23145,46.3,7750,66.8,99.1,28065,42.2,27903,49.9,26347,52.7,8552,73.7,"C",10,11,11,11,"Non-metro",6,7,7,7
"1510",2020,"TEXAS","TX","HARTLEY",48205,"PRESIDENT","DONALD J TRUMP","REPUBLICAN",1868,2078,20210622,"TOTAL",0.898941289701636,"11/30/2021",48,"Hartley County","TX",44.6,2488,2488,51.7,2423,54.9,458,53.2,99.1,3066,55,3060,63.5,2961,67.1,514,59.7,"C",11,12,12,11,"Non-metro",7,8,8,7
"1511",2020,"TEXAS","TX","HASKELL",48207,"PRESIDENT","DONALD J TRUMP","REPUBLICAN",1840,2214,20210622,"TOTAL",0.831074977416441,"11/30/2021",48,"Haskell County","TX",34.5,1951,1951,38.7,1916,40.7,838,66.2,99.1,2372,41.9,2364,46.9,2301,48.9,958,75.7,"D",14,14,15,15,"Non-metro",6,6,7,7
"1512",2020,"TEXAS","TX","HAYS",48209,"PRESIDENT","DONALD J TRUMP","REPUBLICAN",47680,109395,20210622,"TOTAL",0.435851729969377,"11/30/2021",48,"Hays County","TX",55.9,128578,128386,65.7,118450,66.7,23994,91.6,99.1,152560,66.3,149130,76.3,137181,77.3,26921,99.9,"B",8,8,8,8,"Metro",4,4,4,4
"1513",2020,"TEXAS","TX","HEMPHILL",48211,"PRESIDENT","DONALD J TRUMP","REPUBLICAN",1486,1720,20210622,"TOTAL",0.863953488372093,"11/30/2021",48,"Hemphill County","TX",38.5,1469,1469,47,1414,53,434,71.6,99.1,1659,43.4,1656,53,1590,59.6,471,77.7,"C",10,11,12,12,"Non-metro",6,7,8,8
"1514",2020,"TEXAS","TX","HENDERSON",48213,"PRESIDENT","DONALD J TRUMP","REPUBLICAN",28911,36317,20210622,"TOTAL",0.796073464217859,"11/30/2021",48,"Henderson County","TX",36.1,29881,29862,41.8,28863,44.3,11955,64.5,99.1,34348,41.5,34230,48,32995,50.7,13124,70.8,"C",10,11,11,11,"Non-metro",6,7,7,7
"1515",2020,"TEXAS","TX","HIDALGO",48215,"PRESIDENT","DONALD J TRUMP","REPUBLICAN",90527,220884,20210622,"TOTAL",0.409839553792941,"11/30/2021",48,"Hidalgo County","TX",62.8,545795,544978,79.8,481077,81.6,85169,86.6,99.1,665628,76.6,645362,94.5,562204,95.4,96581,98.2,"D",16,16,16,16,"Metro",4,4,4,4
"1516",2020,"TEXAS","TX","HILL",48217,"PRESIDENT","DONALD J TRUMP","REPUBLICAN",11926,14931,20210622,"TOTAL",0.798740874690242,"11/30/2021",48,"Hill County","TX",38,13910,13907,44.6,13516,48,5280,68.7,99.1,16170,44.1,16108,51.6,15624,55.5,5923,77.1,"D",14,15,15,15,"Non-metro",6,7,7,7
"1517",2020,"TEXAS","TX","HOCKLEY",48219,"PRESIDENT","DONALD J TRUMP","REPUBLICAN",6536,8100,20210622,"TOTAL",0.806913580246914,"11/30/2021",48,"Hockley County","TX",39,8974,8971,46.9,8428,49.3,2453,71,99.1,10282,44.7,10207,53.4,9555,55.8,2658,77,"D",14,15,15,16,"Non-metro",6,7,7,8
"1518",2020,"TEXAS","TX","HOOD",48221,"PRESIDENT","DONALD J TRUMP","REPUBLICAN",26496,32541,20210622,"TOTAL",0.814234350511662,"11/30/2021",48,"Hood County","TX",44.8,27627,27617,51.9,26690,54.9,12031,78,99.1,30893,50.1,30745,57.7,29637,60.9,13032,84.5,"B",7,8,8,8,"Metro",3,4,4,4
"1519",2020,"TEXAS","TX","HOPKINS",48223,"PRESIDENT","DONALD J TRUMP","REPUBLICAN",12719,15941,20210622,"TOTAL",0.797879681324886,"11/30/2021",48,"Hopkins County","TX",36.4,13511,13488,43.1,12925,46,4665,67.7,99.1,15467,41.7,15383,49.2,14682,52.2,5095,74,"C",10,11,11,11,"Non-metro",6,7,7,7
"1520",2020,"TEXAS","TX","HOUSTON",48225,"PRESIDENT","DONALD J TRUMP","REPUBLICAN",7060,9438,20210622,"TOTAL",0.74803983894893,"11/30/2021",48,"Houston County","TX",38.6,8859,8859,44.2,8640,46.9,3180,61.4,99.1,10084,43.9,10052,50.2,9780,53.1,3503,67.7,"D",14,15,15,15,"Non-metro",6,7,7,7
"1521",2020,"TEXAS","TX","HOWARD",48227,"PRESIDENT","DONALD J TRUMP","REPUBLICAN",8054,10241,20210622,"TOTAL",0.786446636070696,"11/30/2021",48,"Howard County","TX",35.5,13011,13009,41.6,12558,43.8,2951,61.3,99.1,14879,40.6,14842,47.5,14304,49.9,3267,67.9,"D",14,15,15,15,"Non-metro",6,7,7,7
"1522",2020,"TEXAS","TX","HUDSPETH",48229,"PRESIDENT","DONALD J TRUMP","REPUBLICAN",779,1165,20210622,"TOTAL",0.668669527896996,"11/30/2021",48,"Hudspeth County","TX",59.4,2902,2897,69,2686,69.4,475,61.3,99.1,3365,68.9,3253,77.5,2979,77,505,65.2,"D",16,16,16,15,"Metro",4,4,4,3
"1523",2020,"TEXAS","TX","HUNT",48231,"PRESIDENT","DONALD J TRUMP","REPUBLICAN",29163,38597,20210622,"TOTAL",0.75557685830505,"11/30/2021",48,"Hunt County","TX",39.4,38801,38775,46.6,36637,48.8,11173,70.7,99.1,44654,45.3,44359,53.3,41750,55.6,12209,77.2,"D",14,15,15,16,"Metro",2,3,3,4
"1524",2020,"TEXAS","TX","HUTCHINSON",48233,"PRESIDENT","DONALD J TRUMP","REPUBLICAN",7681,8773,20210622,"TOTAL",0.875527185683347,"11/30/2021",48,"Hutchinson County","TX",32.1,6721,6721,38.5,6504,41.6,2328,65,99.1,7789,37.2,7778,44.5,7509,48,2563,71.6,"C",10,10,11,11,"Non-metro",6,6,7,7
"1525",2020,"TEXAS","TX","IRION",48235,"PRESIDENT","DONALD J TRUMP","REPUBLICAN",759,889,20210622,"TOTAL",0.853768278965129,"11/30/2021",48,"Irion County","TX",39.1,601,600,46,576,48.4,225,68.6,99.1,697,45.4,694,53.3,664,55.8,241,73.5,"A",2,3,3,3,"Metro",2,3,3,3
"1526",2020,"TEXAS","TX","JACK",48237,"PRESIDENT","DONALD J TRUMP","REPUBLICAN",3418,3782,20210622,"TOTAL",0.903754627181386,"11/30/2021",48,"Jack County","TX",36.9,3301,3299,42.9,3222,46.1,1082,71.4,99.1,3742,41.9,3731,48.6,3630,51.9,1163,76.8,"C",10,11,11,12,"Non-metro",6,7,7,8
"1527",2020,"TEXAS","TX","JACKSON",48239,"PRESIDENT","DONALD J TRUMP","REPUBLICAN",5231,6353,20210622,"TOTAL",0.823390524161813,"11/30/2021",48,"Jackson County","TX",41.2,6084,6083,49.5,5763,52.3,2079,76.4,99.1,6920,46.9,6874,55.9,6500,59,2233,82.1,"C",11,11,12,12,"Non-metro",7,7,8,8
"1528",2020,"TEXAS","TX","JASPER",48241,"PRESIDENT","DONALD J TRUMP","REPUBLICAN",12542,15611,20210622,"TOTAL",0.803407853436679,"11/30/2021",48,"Jasper County","TX",33.4,11863,11860,39.5,11425,42.2,4611,64.2,99.1,13586,38.2,13537,45.1,13015,48,5034,70,"D",14,14,15,15,"Non-metro",6,6,7,7
"1529",2020,"TEXAS","TX","JEFF DAVIS",48243,"PRESIDENT","DONALD J TRUMP","REPUBLICAN",784,1305,20210622,"TOTAL",0.600766283524904,"11/30/2021",48,"Jeff Davis County","TX",49.1,1116,1116,50.3,1064,50.2,442,54.4,99.1,1239,54.5,1237,55.8,1173,55.4,467,57.5,"B",7,8,8,7,"Non-metro",7,8,8,7
"1530",2020,"TEXAS","TX","JEFFERSON",48245,"PRESIDENT","DONALD J TRUMP","REPUBLICAN",47570,94759,20210622,"TOTAL",0.502010363131734,"11/30/2021",48,"Jefferson County","TX",46.2,116240,116096,55.1,109023,57.1,28464,75.7,99.1,135353,53.8,134216,63.8,125746,65.8,31502,83.8,"D",15,16,16,16,"Metro",3,4,4,4
"1531",2020,"TEXAS","TX","JIM HOGG",48247,"PRESIDENT","DONALD J TRUMP","REPUBLICAN",833,2036,20210622,"TOTAL",0.409135559921415,"11/30/2021",48,"Jim Hogg County","TX",50.5,2624,2624,62.7,2331,64.6,657,73.8,99.1,3390,65.2,3303,78.9,2895,80.2,769,86.4,"D",16,16,16,16,"Non-metro",8,8,8,8
"1532",2020,"TEXAS","TX","JIM WELLS",48249,"PRESIDENT","DONALD J TRUMP","REPUBLICAN",7453,13669,20210622,"TOTAL",0.545248372229132,"11/30/2021",48,"Jim Wells County","TX",49.7,20116,20097,60.6,18643,63.4,5062,79.6,99.1,23933,59.1,23643,71.3,21619,73.5,5656,89,"D",15,16,16,16,"Non-metro",7,8,8,8
"1533",2020,"TEXAS","TX","JOHNSON",48251,"PRESIDENT","DONALD J TRUMP","REPUBLICAN",54628,72020,20210622,"TOTAL",0.758511524576507,"11/30/2021",48,"Johnson County","TX",41.9,73616,73565,50.3,69235,53.2,18865,75,99.1,84558,48.1,83784,57.3,78475,60.3,20682,82.2,"C",11,12,12,12,"Metro",3,4,4,4
"1534",2020,"TEXAS","TX","JONES",48253,"PRESIDENT","DONALD J TRUMP","REPUBLICAN",5660,6741,20210622,"TOTAL",0.839638035899718,"11/30/2021",48,"Jones County","TX",40.9,8208,8202,46,8005,48.2,2009,63,99.1,9808,48.8,9770,54.8,9532,57.4,2181,68.4,"C",11,11,11,11,"Metro",3,3,3,3
"1535",2020,"TEXAS","TX","KARNES",48255,"PRESIDENT","DONALD J TRUMP","REPUBLICAN",3968,5252,20210622,"TOTAL",0.755521706016756,"11/30/2021",48,"Karnes County","TX",52.6,8205,8204,61.1,7938,64.6,2033,91.9,99.1,9038,57.9,9012,67.1,8680,70.7,2184,98.8,"D",16,16,16,16,"Non-metro",8,8,8,8
"1536",2020,"TEXAS","TX","KAUFMAN",48257,"PRESIDENT","DONALD J TRUMP","REPUBLICAN",37624,56718,20210622,"TOTAL",0.663352022285694,"11/30/2021",48,"Kaufman County","TX",46.8,63733,63634,57.2,58828,59.9,13361,82.9,99.1,74432,54.7,73237,65.8,67510,68.8,14808,91.9,"C",11,12,12,12,"Metro",3,4,4,4
"1537",2020,"TEXAS","TX","KENDALL",48259,"PRESIDENT","DONALD J TRUMP","REPUBLICAN",20083,26452,20210622,"TOTAL",0.759224255254801,"11/30/2021",48,"Kendall County","TX",57.1,27087,27029,66.3,25304,69.4,8194,89.5,99.1,31094,65.6,30685,75.2,28608,78.5,9199,99.9,"A",4,4,4,4,"Metro",4,4,4,4
"1538",2020,"TEXAS","TX","KENEDY",48261,"PRESIDENT","DONALD J TRUMP","REPUBLICAN",127,194,20210622,"TOTAL",0.654639175257732,"11/30/2021",48,"Kenedy County","TX",50.7,205,205,59.1,183,60.2,47,69.1,99.1,236,58.4,236,68,210,69.1,53,77.9,"C",12,12,12,11,"Non-metro",8,8,8,7
"1539",2020,"TEXAS","TX","KENT",48263,"PRESIDENT","DONALD J TRUMP","REPUBLICAN",411,462,20210622,"TOTAL",0.88961038961039,"11/30/2021",48,"Kent County","TX",36.5,278,278,42.6,275,46.1,131,65.2,99.1,320,42,320,49.1,316,52.9,143,71.1,"B",6,7,7,7,"Non-metro",6,7,7,7
"1540",2020,"TEXAS","TX","KERR",48265,"PRESIDENT","DONALD J TRUMP","REPUBLICAN",20879,27745,20210622,"TOTAL",0.75253198774554,"11/30/2021",48,"Kerr County","TX",47.4,24911,24865,53.9,23803,55.8,10614,71.9,99.1,29082,55.3,28939,62.8,27654,64.9,12090,81.9,"C",11,12,12,12,"Non-metro",7,8,8,8
"1541",2020,"TEXAS","TX","KIMBLE",48267,"PRESIDENT","DONALD J TRUMP","REPUBLICAN",1987,2292,20210622,"TOTAL",0.866928446771379,"11/30/2021",48,"Kimble County","TX",40.9,1775,1774,46.3,1740,48.9,858,66.6,99.1,2020,46.6,2018,52.6,1978,55.6,933,72.4,"C",11,11,11,11,"Non-metro",7,7,7,7
"1542",2020,"TEXAS","TX","KING",48269,"PRESIDENT","DONALD J TRUMP","REPUBLICAN",151,159,20210622,"TOTAL",0.949685534591195,"11/30/2021",48,"King County","TX",21.3,58,58,25.4,55,27.5,12,23.5,99.1,72,26.5,72,31.6,69,34.5,14,27.5,"A",1,1,1,1,"Non-metro",5,5,5,5
"1543",2020,"TEXAS","TX","KINNEY",48271,"PRESIDENT","DONALD J TRUMP","REPUBLICAN",1144,1603,20210622,"TOTAL",0.713661883967561,"11/30/2021",48,"Kinney County","TX",45.8,1680,1678,52.1,1602,54,608,66.8,99.1,1993,54.3,1985,61.6,1885,63.6,685,75.3,"D",15,16,16,15,"Non-metro",7,8,8,7
"1544",2020,"TEXAS","TX","KLEBERG",48273,"PRESIDENT","DONALD J TRUMP","REPUBLICAN",5504,10944,20210622,"TOTAL",0.502923976608187,"11/30/2021",48,"Kleberg County","TX",56.8,17439,17429,67.6,16086,68.9,3615,89.3,99.1,20228,65.9,19974,77.4,18321,78.5,3975,98.2,"D",16,16,16,16,"Non-metro",8,8,8,8
"1545",2020,"TEXAS","TX","KNOX",48275,"PRESIDENT","DONALD J TRUMP","REPUBLICAN",1180,1456,20210622,"TOTAL",0.81043956043956,"11/30/2021",48,"Knox County","TX",36.7,1344,1344,44.7,1316,48.6,535,72.7,99.1,1508,41.2,1508,50.2,1471,54.3,571,77.6,"D",14,15,15,16,"Non-metro",6,7,7,8
"1546",2020,"TEXAS","TX","LAMAR",48277,"PRESIDENT","DONALD J TRUMP","REPUBLICAN",16760,21442,20210622,"TOTAL",0.781643503404533,"11/30/2021",48,"Lamar County","TX",36.5,18181,18166,43.3,17455,45.8,6669,68.6,99.1,20805,41.7,20667,49.3,19794,52,7277,74.8,"D",14,15,15,15,"Non-metro",6,7,7,7
"1547",2020,"TEXAS","TX","LAMB",48279,"PRESIDENT","DONALD J TRUMP","REPUBLICAN",3521,4410,20210622,"TOTAL",0.798412698412698,"11/30/2021",48,"Lamb County","TX",38.7,4993,4990,47.2,4775,51.1,1565,69.9,99.1,5768,44.7,5739,54.3,5479,58.6,1748,78,"D",14,15,16,15,"Non-metro",6,7,8,7
"1548",2020,"TEXAS","TX","LAMPASAS",48281,"PRESIDENT","DONALD J TRUMP","REPUBLICAN",8086,10399,20210622,"TOTAL",0.7775747668045,"11/30/2021",48,"Lampasas County","TX",42.9,9199,9190,49.6,8756,52.1,3315,76.7,99.1,10839,50.6,10776,58.2,10223,60.9,3834,88.7,"C",11,11,12,12,"Metro",3,3,4,4
"1549",2020,"TEXAS","TX","LA SALLE",48283,"PRESIDENT","DONALD J TRUMP","REPUBLICAN",1335,2406,20210622,"TOTAL",0.554862842892768,"11/30/2021",48,"La Salle County","TX",57.9,4351,4334,66.5,4073,67.5,808,79.4,99.1,4994,66.4,4942,75.8,4617,76.5,864,84.9,"D",16,16,16,16,"Non-metro",8,8,8,8
"1550",2020,"TEXAS","TX","LAVACA",48285,"PRESIDENT","DONALD J TRUMP","REPUBLICAN",8804,10197,20210622,"TOTAL",0.863391193488281,"11/30/2021",48,"Lavaca County","TX",39.2,7907,7903,46,7671,49.6,3407,71.4,99.1,8757,43.5,8735,50.9,8454,54.7,3644,76.3,"C",10,11,11,12,"Non-metro",6,7,7,8
"1551",2020,"TEXAS","TX","LEE",48287,"PRESIDENT","DONALD J TRUMP","REPUBLICAN",6255,8087,20210622,"TOTAL",0.773463583529121,"11/30/2021",48,"Lee County","TX",43.6,7512,7506,50.6,7203,53.4,2530,78.6,99.1,8630,50.1,8571,57.8,8162,60.5,2774,86.2,"C",11,12,12,12,"Non-metro",7,8,8,8
"1552",2020,"TEXAS","TX","LEON",48289,"PRESIDENT","DONALD J TRUMP","REPUBLICAN",7523,8674,20210622,"TOTAL",0.867304588425179,"11/30/2021",48,"Leon County","TX",33.2,5779,5775,39,5612,41.5,2641,60.9,99.1,6732,38.7,6709,45.3,6505,48.1,2994,69.1,"C",10,10,11,11,"Non-metro",6,6,7,7
"1553",2020,"TEXAS","TX","LIBERTY",48291,"PRESIDENT","DONALD J TRUMP","REPUBLICAN",23302,29334,20210622,"TOTAL",0.794368309811141,"11/30/2021",48,"Liberty County","TX",37.8,33385,33365,46.2,30998,48.2,7648,67.1,99.1,38984,44.2,38726,53.7,35875,55.7,8481,74.4,"D",14,15,15,15,"Metro",2,3,3,3
"1554",2020,"TEXAS","TX","LIMESTONE",48293,"PRESIDENT","DONALD J TRUMP","REPUBLICAN",6789,9095,20210622,"TOTAL",0.746454095656954,"11/30/2021",48,"Limestone County","TX",34.2,8012,8012,40.1,7707,42.2,2730,58.5,99.1,9293,39.7,9269,46.4,8897,48.7,3090,66.2,"D",14,15,15,15,"Non-metro",6,7,7,7
"1555",2020,"TEXAS","TX","LIPSCOMB",48295,"PRESIDENT","DONALD J TRUMP","REPUBLICAN",1205,1353,20210622,"TOTAL",0.890613451589061,"11/30/2021",48,"Lipscomb County","TX",32.3,1043,1043,38.3,1020,42.3,398,64.5,99.1,1188,36.7,1185,43.6,1156,47.9,454,73.6,"B",6,6,7,7,"Non-metro",6,6,7,7
"1556",2020,"TEXAS","TX","LIVE OAK",48297,"PRESIDENT","DONALD J TRUMP","REPUBLICAN",4199,5054,20210622,"TOTAL",0.830827067669173,"11/30/2021",48,"Live Oak County","TX",39.4,4806,4805,45.4,4665,47.7,1374,54.2,99.1,5360,43.9,5339,50.5,5159,52.7,1488,58.7,"C",10,11,11,11,"Non-metro",6,7,7,7
"1557",2020,"TEXAS","TX","LLANO",48299,"PRESIDENT","DONALD J TRUMP","REPUBLICAN",10079,12660,20210622,"TOTAL",0.796129541864139,"11/30/2021",48,"Llano County","TX",47.8,10409,10407,52.9,10180,55,5384,66.3,99.1,11692,53.6,11662,59.3,11389,61.6,5840,71.9,"B",7,8,8,7,"Non-metro",7,8,8,7
"1558",2020,"TEXAS","TX","LOVING",48301,"PRESIDENT","DONALD J TRUMP","REPUBLICAN",60,66,20210622,"TOTAL",0.909090909090909,"11/30/2021",48,"Loving County","TX",0,0,0,0,0,0,0,0,0,0,0,0,0,0,0,0,0,"D",NA,NA,NA,NA,"Non-metro",NA,NA,NA,NA
"1559",2020,"TEXAS","TX","LUBBOCK",48303,"PRESIDENT","DONALD J TRUMP","REPUBLICAN",78861,120817,20210622,"TOTAL",0.652730989844144,"11/30/2021",48,"Lubbock County","TX",44.6,138497,138368,52.9,130600,55.1,32059,81.2,99.1,160258,51.6,158437,60.6,148958,62.8,35788,90.7,"C",11,12,12,12,"Metro",3,4,4,4
"1560",2020,"TEXAS","TX","LYNN",48305,"PRESIDENT","DONALD J TRUMP","REPUBLICAN",1853,2293,20210622,"TOTAL",0.808111644134322,"11/30/2021",48,"Lynn County","TX",35.7,2127,2127,43.5,2034,47,627,64.4,99.1,2448,41.1,2436,49.9,2312,53.4,689,70.7,"D",14,15,15,15,"Metro",2,3,3,3
"1561",2020,"TEXAS","TX","MCCULLOCH",48307,"PRESIDENT","DONALD J TRUMP","REPUBLICAN",2904,3436,20210622,"TOTAL",0.845168800931316,"11/30/2021",48,"McCulloch County","TX",35.7,2853,2853,41.7,2784,44.8,1287,71.8,99.1,3188,39.9,3184,46.6,3094,49.8,1386,77.3,"C",10,11,11,12,"Non-metro",6,7,7,8
"1562",2020,"TEXAS","TX","MCLENNAN",48309,"PRESIDENT","DONALD J TRUMP","REPUBLICAN",59543,97872,20210622,"TOTAL",0.608376246526075,"11/30/2021",48,"McLennan County","TX",47.1,120755,120683,56.2,113268,58.5,29312,77.7,99.1,140476,54.7,138608,64.6,129750,67,33087,87.7,"D",15,16,16,16,"Metro",3,4,4,4
"1563",2020,"TEXAS","TX","MCMULLEN",48311,"PRESIDENT","DONALD J TRUMP","REPUBLICAN",460,516,20210622,"TOTAL",0.891472868217054,"11/30/2021",48,"McMullen County","TX",42.8,318,318,48.7,305,51.2,97,51.3,99.1,350,47.1,350,53.6,336,56.4,104,55,"D",15,15,16,15,"Non-metro",7,7,8,7
"1564",2020,"TEXAS","TX","MADISON",48313,"PRESIDENT","DONALD J TRUMP","REPUBLICAN",4169,5298,20210622,"TOTAL",0.786900717251793,"11/30/2021",48,"Madison County","TX",37.2,5312,5311,43.2,5153,45.8,1430,63.2,99.1,6237,43.7,6219,50.6,6019,53.5,1619,71.5,"D",14,15,15,15,"Non-metro",6,7,7,7
"1565",2020,"TEXAS","TX","MARION",48315,"PRESIDENT","DONALD J TRUMP","REPUBLICAN",3470,4864,20210622,"TOTAL",0.713404605263158,"11/30/2021",48,"Marion County","TX",38.1,3755,3753,43.2,3637,45.1,1567,58.1,99.1,4212,42.7,4200,48.3,4056,50.2,1707,63.3,"C",10,11,11,11,"Non-metro",6,7,7,7
"1566",2020,"TEXAS","TX","MARTIN",48317,"PRESIDENT","DONALD J TRUMP","REPUBLICAN",1857,2160,20210622,"TOTAL",0.859722222222222,"11/30/2021",48,"Martin County","TX",29,1676,1676,37,1577,39.8,421,63.9,99.1,2054,35.6,2048,45.2,1931,48.7,495,75.1,"B",5,6,6,7,"Metro",1,2,2,3
"1567",2020,"TEXAS","TX","MASON",48319,"PRESIDENT","DONALD J TRUMP","REPUBLICAN",1991,2474,20210622,"TOTAL",0.804769603880356,"11/30/2021",48,"Mason County","TX",44.5,1902,1900,50.8,1848,54.2,913,73,99.1,2065,48.3,2055,55,2001,58.7,953,76.2,"B",7,8,8,8,"Non-metro",7,8,8,8
"1568",2020,"TEXAS","TX","MATAGORDA",48321,"PRESIDENT","DONALD J TRUMP","REPUBLICAN",9845,13727,20210622,"TOTAL",0.71719967946383,"11/30/2021",48,"Matagorda County","TX",42.9,15713,15710,51.8,14872,54.5,4514,70.6,99.1,18487,50.5,18347,60.5,17326,63.5,5099,79.8,"D",15,16,16,16,"Non-metro",7,8,8,8
"1569",2020,"TEXAS","TX","MAVERICK",48323,"PRESIDENT","DONALD J TRUMP","REPUBLICAN",6881,15346,20210622,"TOTAL",0.448390460054737,"11/30/2021",48,"Maverick County","TX",75.3,44222,44190,95,37435,92.3,6667,95.2,99.1,60004,99.9,58538,99.9,47939,99.9,8784,99.9,"D",16,16,16,16,"Non-metro",8,8,8,8
"1570",2020,"TEXAS","TX","MEDINA",48325,"PRESIDENT","DONALD J TRUMP","REPUBLICAN",15642,22657,20210622,"TOTAL",0.690382663194598,"11/30/2021",48,"Medina County","TX",50.6,26121,26107,59.2,24429,61.4,6809,77.8,99.1,29621,57.4,29330,66.5,27360,68.8,7470,85.3,"C",12,12,12,12,"Metro",4,4,4,4
"1571",2020,"TEXAS","TX","MENARD",48327,"PRESIDENT","DONALD J TRUMP","REPUBLICAN",823,1028,20210622,"TOTAL",0.800583657587549,"11/30/2021",48,"Menard County","TX",49.7,1063,1063,56.5,1024,58.4,483,69.1,99.1,1176,55,1163,61.8,1120,63.9,503,72,"C",11,12,12,11,"Non-metro",7,8,8,7
"1572",2020,"TEXAS","TX","MIDLAND",48329,"PRESIDENT","DONALD J TRUMP","REPUBLICAN",45624,58859,20210622,"TOTAL",0.775140590224095,"11/30/2021",48,"Midland County","TX",39.8,70332,70272,49.8,66207,52.4,13591,73.7,99.1,81993,46.4,81227,57.6,75852,60,14946,81.1,"B",6,7,8,8,"Metro",2,3,4,4
"1573",2020,"TEXAS","TX","MILAM",48331,"PRESIDENT","DONALD J TRUMP","REPUBLICAN",7984,10578,20210622,"TOTAL",0.754774059368501,"11/30/2021",48,"Milam County","TX",41.6,10338,10338,48.9,9824,51.9,3739,71.3,99.1,11624,46.8,11567,54.8,10958,57.9,3993,76.1,"D",15,15,16,16,"Non-metro",7,7,8,8
"1574",2020,"TEXAS","TX","MILLS",48333,"PRESIDENT","DONALD J TRUMP","REPUBLICAN",2217,2505,20210622,"TOTAL",0.88502994011976,"11/30/2021",48,"Mills County","TX",40.9,1992,1992,46.3,1916,49.4,950,67.1,99.1,2311,47.4,2302,53.5,2203,56.8,1057,74.6,"D",15,15,15,15,"Non-metro",7,7,7,7
"1575",2020,"TEXAS","TX","MITCHELL",48335,"PRESIDENT","DONALD J TRUMP","REPUBLICAN",2170,2579,20210622,"TOTAL",0.841411399767352,"11/30/2021",48,"Mitchell County","TX",33.3,2849,2849,38.8,2785,41.1,799,63.5,99.1,3199,37.4,3194,43.5,3105,45.8,889,70.6,"C",10,10,11,11,"Non-metro",6,6,7,7
"1576",2020,"TEXAS","TX","MONTAGUE",48337,"PRESIDENT","DONALD J TRUMP","REPUBLICAN",8615,9819,20210622,"TOTAL",0.877380588654649,"11/30/2021",48,"Montague County","TX",32.5,6447,6446,38.1,6293,40.9,2852,64.2,99.1,7572,38.2,7548,44.6,7354,47.8,3157,71,"C",10,10,11,11,"Non-metro",6,6,7,7
"1577",2020,"TEXAS","TX","MONTGOMERY",48339,"PRESIDENT","DONALD J TRUMP","REPUBLICAN",193382,271543,20210622,"TOTAL",0.712159768434465,"11/30/2021",48,"Montgomery County","TX",49.4,300017,299499,59.4,275671,61.4,64273,78.9,99.1,352090,58,346461,68.7,318321,70.9,71897,88.3,"B",7,8,8,8,"Metro",3,4,4,4
"1578",2020,"TEXAS","TX","MOORE",48341,"PRESIDENT","DONALD J TRUMP","REPUBLICAN",4359,5508,20210622,"TOTAL",0.791394335511983,"11/30/2021",48,"Moore County","TX",40.9,8558,8557,52.1,8179,57.2,1783,75.2,99.1,11041,52.7,11012,67.1,10486,73.4,2057,86.7,"C",11,12,12,12,"Non-metro",7,8,8,8
"1579",2020,"TEXAS","TX","MORRIS",48343,"PRESIDENT","DONALD J TRUMP","REPUBLICAN",3872,5587,20210622,"TOTAL",0.693037408269196,"11/30/2021",48,"Morris County","TX",39.1,4845,4843,46.1,4669,49,1929,70.7,99.1,5557,44.9,5545,52.8,5331,55.9,2115,77.5,"C",10,11,11,12,"Non-metro",6,7,7,8
"1580",2020,"TEXAS","TX","MOTLEY",48345,"PRESIDENT","DONALD J TRUMP","REPUBLICAN",604,652,20210622,"TOTAL",0.926380368098159,"11/30/2021",48,"Motley County","TX",25.6,307,307,28.9,303,31.5,194,52.7,99.1,453,37.8,453,42.7,447,46.4,274,74.5,"C",9,9,10,11,"Non-metro",5,5,6,7
"1581",2020,"TEXAS","TX","NACOGDOCHES",48347,"PRESIDENT","DONALD J TRUMP","REPUBLICAN",17378,26785,20210622,"TOTAL",0.648795967892477,"11/30/2021",48,"Nacogdoches County","TX",41.7,27199,27184,49.4,25729,51.2,7899,79.4,99.1,32127,49.3,31784,57.7,30010,59.8,8616,86.6,"D",15,15,16,16,"Non-metro",7,7,8,8
"1582",2020,"TEXAS","TX","NAVARRO",48349,"PRESIDENT","DONALD J TRUMP","REPUBLICAN",13800,19123,20210622,"TOTAL",0.721644093499974,"11/30/2021",48,"Navarro County","TX",41.3,20684,20683,50,19561,53,6199,71.7,99.1,23839,47.6,23701,57.3,22371,60.7,6892,79.7,"D",15,16,16,16,"Non-metro",7,8,8,8
"1583",2020,"TEXAS","TX","NEWTON",48351,"PRESIDENT","DONALD J TRUMP","REPUBLICAN",4882,6094,20210622,"TOTAL",0.801115851657368,"11/30/2021",48,"Newton County","TX",23.5,3194,3194,26.9,3101,28.4,1361,47.3,99.1,3686,27.1,3677,30.9,3563,32.6,1515,52.6,"C",9,9,9,10,"Metro",1,1,1,2
"1584",2020,"TEXAS","TX","NOLAN",48353,"PRESIDENT","DONALD J TRUMP","REPUBLICAN",4131,5357,20210622,"TOTAL",0.771140563748367,"11/30/2021",48,"Nolan County","TX",39,5738,5736,47,5475,50.3,2062,75.3,99.1,6330,43,6298,51.6,5944,54.6,2146,78.4,"D",14,15,16,16,"Non-metro",6,7,8,8
"1585",2020,"TEXAS","TX","NUECES",48355,"PRESIDENT","DONALD J TRUMP","REPUBLICAN",64617,127322,20210622,"TOTAL",0.507508521700884,"11/30/2021",48,"Nueces County","TX",52.3,189638,189159,62.2,175060,63.8,41585,76.9,99.1,221333,61.1,218252,71.7,201006,73.3,46470,85.9,"D",16,16,16,16,"Metro",4,4,4,4
"1586",2020,"TEXAS","TX","OCHILTREE",48357,"PRESIDENT","DONALD J TRUMP","REPUBLICAN",2812,3156,20210622,"TOTAL",0.891001267427123,"11/30/2021",48,"Ochiltree County","TX",36.2,3558,3556,45.3,3336,49.2,857,74.7,99.1,4002,40.7,3996,50.9,3715,54.8,918,80,"C",10,11,11,12,"Non-metro",6,7,7,8
"1587",2020,"TEXAS","TX","OLDHAM",48359,"PRESIDENT","DONALD J TRUMP","REPUBLICAN",917,1009,20210622,"TOTAL",0.908820614469772,"11/30/2021",48,"Oldham County","TX",32.7,691,690,36,650,40.2,242,76.6,99.1,805,38.1,798,41.6,748,46.2,270,85.4,"B",6,6,7,8,"Metro",2,2,3,4
"1588",2020,"TEXAS","TX","ORANGE",48361,"PRESIDENT","DONALD J TRUMP","REPUBLICAN",29186,35994,20210622,"TOTAL",0.810857365116408,"11/30/2021",48,"Orange County","TX",33.6,27988,27978,40.2,26864,42.8,9245,67.3,99.1,32889,39.4,32735,47,31409,50.1,10380,75.6,"C",10,11,11,11,"Metro",2,3,3,3
"1589",2020,"TEXAS","TX","PALO PINTO",48363,"PRESIDENT","DONALD J TRUMP","REPUBLICAN",10179,12489,20210622,"TOTAL",0.815037232764833,"11/30/2021",48,"Palo Pinto County","TX",34.6,10085,10080,40.7,9720,43.2,3821,64.8,99.1,11475,39.3,11419,46.2,10976,48.8,4150,70.4,"D",14,15,15,15,"Non-metro",6,7,7,7
"1590",2020,"TEXAS","TX","PANOLA",48365,"PRESIDENT","DONALD J TRUMP","REPUBLICAN",9326,11451,20210622,"TOTAL",0.814426687625535,"11/30/2021",48,"Panola County","TX",34.5,7991,7990,40.4,7702,43.3,2995,65.3,99.1,9160,39.5,9130,46.1,8790,49.4,3319,72.3,"C",10,11,11,11,"Non-metro",6,7,7,7
"1591",2020,"TEXAS","TX","PARKER",48367,"PRESIDENT","DONALD J TRUMP","REPUBLICAN",62045,76128,20210622,"TOTAL",0.815008932324506,"11/30/2021",48,"Parker County","TX",41.8,59719,59672,49.7,56539,52.6,17198,77,99.1,67441,47.2,66753,55.6,63103,58.7,18687,83.7,"B",7,7,8,8,"Metro",3,3,4,4
"1592",2020,"TEXAS","TX","PARMER",48369,"PRESIDENT","DONALD J TRUMP","REPUBLICAN",2135,2650,20210622,"TOTAL",0.805660377358491,"11/30/2021",48,"Parmer County","TX",37,3552,3552,45.3,3318,48.1,933,68.3,99.1,4069,42.4,4022,51.3,3739,54.2,1015,74.3,"D",14,15,15,15,"Non-metro",6,7,7,7
"1593",2020,"TEXAS","TX","PECOS",48371,"PRESIDENT","DONALD J TRUMP","REPUBLICAN",3215,4668,20210622,"TOTAL",0.688731790916881,"11/30/2021",48,"Pecos County","TX",52.7,8336,8329,63.2,7673,64.3,1704,79.6,99.1,9599,60.7,9520,72.3,8714,73,1831,85.5,"D",16,16,16,16,"Non-metro",8,8,8,8
"1594",2020,"TEXAS","TX","POLK",48373,"PRESIDENT","DONALD J TRUMP","REPUBLICAN",18573,24186,20210622,"TOTAL",0.767923592160754,"11/30/2021",48,"Polk County","TX",43.5,22361,22354,50.1,21734,52.8,9163,94.1,99.1,26884,52.4,26780,60,25989,63.2,10840,99.9,"D",15,16,16,16,"Non-metro",7,8,8,8
"1595",2020,"TEXAS","TX","POTTER",48375,"PRESIDENT","DONALD J TRUMP","REPUBLICAN",22820,33337,20210622,"TOTAL",0.684524702282749,"11/30/2021",48,"Potter County","TX",41,48082,48046,50.2,45512,53.3,12069,79.4,99.1,57543,49,57249,59.8,54196,63.5,13695,90.1,"D",15,16,16,16,"Metro",3,4,4,4
"1596",2020,"TEXAS","TX","PRESIDIO",48377,"PRESIDENT","DONALD J TRUMP","REPUBLICAN",721,2217,20210622,"TOTAL",0.325214253495715,"11/30/2021",48,"Presidio County","TX",81.2,5445,5443,99.4,4979,99.9,1401,87.5,99.1,6767,99.9,6563,99.9,5892,99.9,1560,97.4,"D",16,16,16,16,"Non-metro",8,8,8,8
"1597",2020,"TEXAS","TX","RAINS",48379,"PRESIDENT","DONALD J TRUMP","REPUBLICAN",5155,6053,20210622,"TOTAL",0.851643812985297,"11/30/2021",48,"Rains County","TX",34.1,4265,4264,39.4,4143,41.5,1834,58.7,99.1,4785,38.2,4778,44.1,4639,46.4,1990,63.7,"B",6,6,7,7,"Non-metro",6,6,7,7
"1598",2020,"TEXAS","TX","RANDALL",48381,"PRESIDENT","DONALD J TRUMP","REPUBLICAN",50796,64674,20210622,"TOTAL",0.785416086835513,"11/30/2021",48,"Randall County","TX",42.6,58634,58546,50.4,55808,53.3,16407,76.6,99.1,67874,49.3,67364,58,64067,61.1,18057,84.3,"A",3,4,4,4,"Metro",3,4,4,4
"1599",2020,"TEXAS","TX","REAGAN",48383,"PRESIDENT","DONALD J TRUMP","REPUBLICAN",942,1124,20210622,"TOTAL",0.838078291814947,"11/30/2021",48,"Reagan County","TX",37.3,1437,1435,46.4,1331,48.7,304,71.2,99.1,1635,42.5,1605,51.9,1477,54,316,74,"B",6,7,7,8,"Non-metro",6,7,7,8
"1600",2020,"TEXAS","TX","REAL",48385,"PRESIDENT","DONALD J TRUMP","REPUBLICAN",1643,1982,20210622,"TOTAL",0.828960645812311,"11/30/2021",48,"Real County","TX",46.6,1610,1610,52.3,1571,54.5,805,76.4,99.1,1831,53,1826,59.3,1775,61.5,880,83.6,"C",11,12,12,12,"Non-metro",7,8,8,8
"1601",2020,"TEXAS","TX","RED RIVER",48387,"PRESIDENT","DONALD J TRUMP","REPUBLICAN",4517,5806,20210622,"TOTAL",0.777988287977954,"11/30/2021",48,"Red River County","TX",38.5,4634,4634,44.3,4516,46.7,2052,67.4,99.1,5279,43.9,5262,50.3,5120,52.9,2196,72.1,"C",10,11,11,11,"Non-metro",6,7,7,7
"1602",2020,"TEXAS","TX","REEVES",48389,"PRESIDENT","DONALD J TRUMP","REPUBLICAN",2254,3689,20210622,"TOTAL",0.61100569259962,"11/30/2021",48,"Reeves County","TX",45.2,7222,7220,53.4,6197,50,1479,78.8,99.1,15855,99.2,15768,99.9,7028,56.7,1557,82.9,"D",15,16,16,16,"Non-metro",7,8,8,8
"1603",2020,"TEXAS","TX","REFUGIO",48391,"PRESIDENT","DONALD J TRUMP","REPUBLICAN",2210,3366,20210622,"TOTAL",0.656565656565657,"11/30/2021",48,"Refugio County","TX",50.5,3506,3504,59,3287,60.7,1246,77.1,99.1,3930,56.6,3920,66,3671,67.8,1363,84.3,"D",16,16,16,16,"Non-metro",8,8,8,8
"1604",2020,"TEXAS","TX","ROBERTS",48393,"PRESIDENT","DONALD J TRUMP","REPUBLICAN",529,550,20210622,"TOTAL",0.961818181818182,"11/30/2021",48,"Roberts County","TX",30,256,256,34.7,247,37.7,115,59.6,99.1,279,32.7,279,37.9,269,41,120,62.2,"A",2,2,2,3,"Non-metro",6,6,6,7
"1605",2020,"TEXAS","TX","ROBERTSON",48395,"PRESIDENT","DONALD J TRUMP","REPUBLICAN",5646,8099,20210622,"TOTAL",0.697123101617484,"11/30/2021",48,"Robertson County","TX",40.9,6987,6986,48.5,6660,50.9,2334,68.4,99.1,8055,47.2,8020,55.7,7615,58.2,2607,76.4,"D",15,15,16,15,"Metro",3,3,4,3
"1606",2020,"TEXAS","TX","ROCKWALL",48397,"PRESIDENT","DONALD J TRUMP","REPUBLICAN",36726,53891,20210622,"TOTAL",0.68148670464456,"11/30/2021",48,"Rockwall County","TX",53.1,55729,55650,63.7,51321,66.7,11610,86.7,99.1,65521,62.5,64559,73.9,59307,77,12910,96.4,"A",4,4,4,4,"Metro",4,4,4,4
"1607",2020,"TEXAS","TX","RUNNELS",48399,"PRESIDENT","DONALD J TRUMP","REPUBLICAN",3807,4409,20210622,"TOTAL",0.863461102290769,"11/30/2021",48,"Runnels County","TX",41.6,4271,4267,48.6,4113,52.2,1629,75.7,99.1,4750,46.3,4720,53.8,4527,57.4,1748,81.2,"C",11,11,12,12,"Non-metro",7,7,8,8
"1608",2020,"TEXAS","TX","RUSK",48401,"PRESIDENT","DONALD J TRUMP","REPUBLICAN",16534,21377,20210622,"TOTAL",0.773448098423539,"11/30/2021",48,"Rusk County","TX",34.8,18938,18928,40.6,18069,42.6,5822,63.3,99.1,21719,39.9,21632,46.4,20606,48.6,6411,69.7,"D",14,15,15,15,"Metro",2,3,3,3
"1609",2020,"TEXAS","TX","SABINE",48403,"PRESIDENT","DONALD J TRUMP","REPUBLICAN",4784,5491,20210622,"TOTAL",0.871243853578583,"11/30/2021",48,"Sabine County","TX",34.9,3676,3676,39.3,3618,41.9,1926,59,99.1,4206,39.9,4202,44.9,4128,47.8,2095,64.1,"C",10,10,11,11,"Non-metro",6,6,7,7
"1610",2020,"TEXAS","TX","SAN AUGUSTINE",48405,"PRESIDENT","DONALD J TRUMP","REPUBLICAN",3007,4002,20210622,"TOTAL",0.751374312843578,"11/30/2021",48,"San Augustine County","TX",37.6,3098,3096,43.1,3021,45.5,1352,60.7,99.1,3594,43.6,3582,49.9,3484,52.5,1493,67,"D",14,15,15,15,"Non-metro",6,7,7,7
"1611",2020,"TEXAS","TX","SAN JACINTO",48407,"PRESIDENT","DONALD J TRUMP","REPUBLICAN",10161,12640,20210622,"TOTAL",0.803876582278481,"11/30/2021",48,"San Jacinto County","TX",31.9,9198,9196,36.9,8852,38.9,3594,55.4,99.1,10552,36.6,10528,42.3,10112,44.5,3946,60.8,"C",10,10,10,11,"Non-metro",6,6,6,7
"1612",2020,"TEXAS","TX","SAN PATRICIO",48409,"PRESIDENT","DONALD J TRUMP","REPUBLICAN",16516,25891,20210622,"TOTAL",0.637905063535592,"11/30/2021",48,"San Patricio County","TX",50.9,33966,33925,61.5,31315,63.7,8416,82.4,99.1,40166,60.2,39719,72,36536,74.4,9461,92.7,"D",16,16,16,16,"Metro",4,4,4,4
"1613",2020,"TEXAS","TX","SAN SABA",48411,"PRESIDENT","DONALD J TRUMP","REPUBLICAN",2308,2602,20210622,"TOTAL",0.887009992313605,"11/30/2021",48,"San Saba County","TX",34.2,2068,2068,39.2,2021,41.7,821,56,99.1,2440,40.3,2437,46.2,2382,49.2,915,62.5,"C",10,10,11,11,"Non-metro",6,6,7,7
"1614",2020,"TEXAS","TX","SCHLEICHER",48413,"PRESIDENT","DONALD J TRUMP","REPUBLICAN",940,1159,20210622,"TOTAL",0.811044003451251,"11/30/2021",48,"Schleicher County","TX",40.1,1120,1120,46.7,1045,49.2,400,71.6,99.1,1220,43.7,1212,50.5,1128,53.1,417,74.6,"C",11,11,11,12,"Non-metro",7,7,7,8
"1615",2020,"TEXAS","TX","SCURRY",48415,"PRESIDENT","DONALD J TRUMP","REPUBLICAN",4983,5870,20210622,"TOTAL",0.848892674616695,"11/30/2021",48,"Scurry County","TX",43.4,7255,7252,51.9,6799,54.1,1918,74.7,99.1,8399,50.3,8356,59.8,7796,62.1,2145,83.6,"C",11,12,12,12,"Non-metro",7,8,8,8
"1616",2020,"TEXAS","TX","SHACKELFORD",48417,"PRESIDENT","DONALD J TRUMP","REPUBLICAN",1484,1628,20210622,"TOTAL",0.911547911547912,"11/30/2021",48,"Shackelford County","TX",33.8,1104,1104,39.2,1089,43.2,459,66.4,99.1,1276,39.1,1274,45.2,1244,49.4,510,73.8,"C",10,10,11,11,"Non-metro",6,6,7,7
"1617",2020,"TEXAS","TX","SHELBY",48419,"PRESIDENT","DONALD J TRUMP","REPUBLICAN",7975,10087,20210622,"TOTAL",0.79062159214831,"11/30/2021",48,"Shelby County","TX",32.5,8214,8212,39.2,7865,42,2728,60.2,99.1,9775,38.7,9744,46.5,9318,49.8,3053,67.4,"D",14,14,15,15,"Non-metro",6,6,7,7
"1618",2020,"TEXAS","TX","SHERMAN",48421,"PRESIDENT","DONALD J TRUMP","REPUBLICAN",886,992,20210622,"TOTAL",0.893145161290323,"11/30/2021",48,"Sherman County","TX",31.5,953,952,37.9,923,41.7,235,50.9,99.1,1230,40.7,1226,48.8,1181,53.3,292,63.2,"B",6,6,7,7,"Non-metro",6,6,7,7
"1619",2020,"TEXAS","TX","SMITH",48423,"PRESIDENT","DONALD J TRUMP","REPUBLICAN",69080,100089,20210622,"TOTAL",0.69018573469612,"11/30/2021",48,"Smith County","TX",42.1,97934,97847,50.1,92605,52.6,29859,75.9,99.1,111822,48,111043,56.9,104817,59.6,32423,82.4,"C",11,12,12,12,"Metro",3,4,4,4
"1620",2020,"TEXAS","TX","SOMERVELL",48425,"PRESIDENT","DONALD J TRUMP","REPUBLICAN",4105,4947,20210622,"TOTAL",0.829795835860117,"11/30/2021",48,"Somervell County","TX",41.6,3801,3800,48.1,3626,50.9,1373,77.6,99.1,4282,46.9,4249,53.8,4022,56.5,1507,85.1,"C",11,11,12,12,"Metro",3,3,4,4
"1621",2020,"TEXAS","TX","STARR",48427,"PRESIDENT","DONALD J TRUMP","REPUBLICAN",8247,17525,20210622,"TOTAL",0.47058487874465,"11/30/2021",48,"Starr County","TX",65.8,42545,42347,84.5,37215,85.5,6872,93.2,99.1,50693,78.4,48378,96.5,42090,96.7,7505,99.9,"D",16,16,16,16,"Non-metro",8,8,8,8
"1622",2020,"TEXAS","TX","STEPHENS",48429,"PRESIDENT","DONALD J TRUMP","REPUBLICAN",3385,3800,20210622,"TOTAL",0.890789473684211,"11/30/2021",48,"Stephens County","TX",34.1,3196,3196,39.7,3126,42.8,1236,65.4,99.1,3579,38.2,3566,44.2,3481,47.6,1324,70.1,"D",14,14,15,15,"Non-metro",6,6,7,7
"1623",2020,"TEXAS","TX","STERLING",48431,"PRESIDENT","DONALD J TRUMP","REPUBLICAN",584,639,20210622,"TOTAL",0.913928012519562,"11/30/2021",48,"Sterling County","TX",36.5,471,471,44.5,438,47.5,151,81.2,99.1,559,43.3,556,52.6,517,56,171,91.9,"B",6,7,7,8,"Non-metro",6,7,7,8
"1624",2020,"TEXAS","TX","STONEWALL",48433,"PRESIDENT","DONALD J TRUMP","REPUBLICAN",615,736,20210622,"TOTAL",0.835597826086957,"11/30/2021",48,"Stonewall County","TX",38.1,514,513,43.8,504,48.1,243,67.3,99.1,579,42.9,576,49.2,563,53.8,266,73.7,"B",6,7,7,7,"Non-metro",6,7,7,7
"1625",2020,"TEXAS","TX","SUTTON",48435,"PRESIDENT","DONALD J TRUMP","REPUBLICAN",1222,1557,20210622,"TOTAL",0.784842646114322,"11/30/2021",48,"Sutton County","TX",41,1547,1545,48.3,1482,51.4,569,78.7,99.1,1755,46.5,1750,54.7,1671,57.9,609,84.2,"C",11,11,12,12,"Non-metro",7,7,8,8
"1626",2020,"TEXAS","TX","SWISHER",48437,"PRESIDENT","DONALD J TRUMP","REPUBLICAN",1845,2355,20210622,"TOTAL",0.78343949044586,"11/30/2021",48,"Swisher County","TX",37.2,2755,2755,44.5,2660,47.7,918,70.3,99.1,3116,42.1,3104,50.1,2984,53.5,1013,77.6,"D",14,15,15,16,"Non-metro",6,7,7,8
"1627",2020,"TEXAS","TX","TARRANT",48439,"PRESIDENT","DONALD J TRUMP","REPUBLICAN",409741,834697,20210622,"TOTAL",0.490885914289856,"11/30/2021",48,"Tarrant County","TX",51.7,1086200,1084800,62.2,1000860,64.4,199329,81.5,99.1,1243061,59.1,1223888,70.1,1124232,72.3,217526,89,"C",12,12,12,12,"Metro",4,4,4,4
"1628",2020,"TEXAS","TX","TAYLOR",48441,"PRESIDENT","DONALD J TRUMP","REPUBLICAN",39547,55135,20210622,"TOTAL",0.71727577763671,"11/30/2021",48,"Taylor County","TX",45.3,62511,62437,54.5,59009,56.9,16118,80.1,99.1,73009,52.9,72223,63,68050,65.6,17855,88.7,"C",11,12,12,12,"Metro",3,4,4,4
"1629",2020,"TEXAS","TX","TERRELL",48443,"PRESIDENT","DONALD J TRUMP","REPUBLICAN",334,458,20210622,"TOTAL",0.729257641921397,"11/30/2021",48,"Terrell County","TX",50.5,392,392,58.6,374,59.4,159,62.4,99.1,470,60.6,470,70.3,446,70.8,181,71,"B",8,8,8,7,"Non-metro",8,8,8,7
"1630",2020,"TEXAS","TX","TERRY",48445,"PRESIDENT","DONALD J TRUMP","REPUBLICAN",2812,3612,20210622,"TOTAL",0.778516057585825,"11/30/2021",48,"Terry County","TX",39.4,4859,4857,48.3,4597,51.2,1314,70.7,99.1,5610,45.5,5569,55.4,5237,58.3,1449,78,"D",14,15,16,16,"Non-metro",6,7,8,8
"1631",2020,"TEXAS","TX","THROCKMORTON",48447,"PRESIDENT","DONALD J TRUMP","REPUBLICAN",806,894,20210622,"TOTAL",0.901565995525727,"11/30/2021",48,"Throckmorton County","TX",39.2,589,589,44.9,569,46.9,238,53.5,99.1,680,45.3,680,51.8,656,54.1,266,59.8,"B",6,7,7,7,"Non-metro",6,7,7,7
"1632",2020,"TEXAS","TX","TITUS",48449,"PRESIDENT","DONALD J TRUMP","REPUBLICAN",7570,10541,20210622,"TOTAL",0.718148183284318,"11/30/2021",48,"Titus County","TX",34.4,11265,11258,42.5,10499,45,3038,62.7,99.1,13683,41.8,13615,51.4,12683,54.3,3375,69.7,"D",14,15,15,15,"Non-metro",6,7,7,7
"1633",2020,"TEXAS","TX","TOM GREEN",48451,"PRESIDENT","DONALD J TRUMP","REPUBLICAN",32313,45210,20210622,"TOTAL",0.714731254147313,"11/30/2021",48,"Tom Green County","TX",48,57222,57218,57.2,54276,59.7,15781,84.7,99.1,64780,54.3,64084,64.1,60655,66.8,16852,90.5,"C",11,12,12,12,"Metro",3,4,4,4
"1634",2020,"TEXAS","TX","TRAVIS",48453,"PRESIDENT","DONALD J TRUMP","REPUBLICAN",161337,608575,20210622,"TOTAL",0.265106190691369,"11/30/2021",48,"Travis County","TX",63.4,807941,806104,73.8,747722,74.5,110903,85.6,99.1,946387,74.3,919924,84.3,850088,84.7,123079,95,"B",8,8,8,8,"Metro",4,4,4,4
"1635",2020,"TEXAS","TX","TRINITY",48455,"PRESIDENT","DONALD J TRUMP","REPUBLICAN",5579,6938,20210622,"TOTAL",0.804122225425195,"11/30/2021",48,"Trinity County","TX",36.7,5382,5381,42.2,5215,44.3,2344,59.3,99.1,6262,42.7,6247,48.9,6032,51.3,2618,66.2,"D",14,15,15,15,"Non-metro",6,7,7,7
"1636",2020,"TEXAS","TX","TYLER",48457,"PRESIDENT","DONALD J TRUMP","REPUBLICAN",8194,9660,20210622,"TOTAL",0.84824016563147,"11/30/2021",48,"Tyler County","TX",33.4,7229,7226,38.1,7050,40.3,2776,56.7,99.1,8162,37.7,8132,42.9,7926,45.3,3023,61.8,"D",14,14,15,15,"Non-metro",6,6,7,7
"1637",2020,"TEXAS","TX","UPSHUR",48459,"PRESIDENT","DONALD J TRUMP","REPUBLICAN",15809,18892,20210622,"TOTAL",0.836809231420707,"11/30/2021",48,"Upshur County","TX",31.5,13159,13150,37.1,12599,39.6,4799,61.3,99.1,15092,36.1,14998,42.3,14299,44.9,5174,66.1,"C",10,10,10,11,"Metro",2,2,2,3
"1638",2020,"TEXAS","TX","UPTON",48461,"PRESIDENT","DONALD J TRUMP","REPUBLICAN",1178,1368,20210622,"TOTAL",0.861111111111111,"11/30/2021",48,"Upton County","TX",37.5,1370,1367,46.2,1278,49,345,64.2,99.1,1584,43.3,1567,53,1469,56.3,386,71.9,"C",10,11,11,11,"Non-metro",6,7,7,7
"1639",2020,"TEXAS","TX","UVALDE",48463,"PRESIDENT","DONALD J TRUMP","REPUBLICAN",6174,10344,20210622,"TOTAL",0.596867749419954,"11/30/2021",48,"Uvalde County","TX",49.1,13135,13130,59.7,12233,62.5,3732,82.8,99.1,15414,57.6,15238,69.3,14115,72.1,4145,91.9,"D",15,16,16,16,"Non-metro",7,8,8,8
"1640",2020,"TEXAS","TX","VAL VERDE",48465,"PRESIDENT","DONALD J TRUMP","REPUBLICAN",8284,15280,20210622,"TOTAL",0.542146596858639,"11/30/2021",48,"Val Verde County","TX",59.5,29174,29163,73.9,25730,73.3,5514,78.7,99.1,37895,77.3,37032,93.8,32822,93.5,6866,98,"D",16,16,16,16,"Non-metro",8,8,8,8
"1641",2020,"TEXAS","TX","VAN ZANDT",48467,"PRESIDENT","DONALD J TRUMP","REPUBLICAN",22270,26029,20210622,"TOTAL",0.855584156133543,"11/30/2021",48,"Van Zandt County","TX",34.8,19668,19663,40.7,18976,43.5,7613,66.2,99.1,22297,39.4,22217,46,21413,49.1,8272,72,"C",10,11,11,11,"Non-metro",6,7,7,7
"1642",2020,"TEXAS","TX","VICTORIA",48469,"PRESIDENT","DONALD J TRUMP","REPUBLICAN",23358,34188,20210622,"TOTAL",0.683222183222183,"11/30/2021",48,"Victoria County","TX",45.3,41737,41667,54.4,39296,57.1,12396,81.3,99.1,47084,51.1,46718,61,43832,63.7,13378,87.8,"D",15,16,16,16,"Metro",3,4,4,4
"1643",2020,"TEXAS","TX","WALKER",48471,"PRESIDENT","DONALD J TRUMP","REPUBLICAN",15375,23612,20210622,"TOTAL",0.651151956632221,"11/30/2021",48,"Walker County","TX",44.2,32289,32283,49.1,31167,50.1,7000,69.7,99.1,37248,51,37065,56.3,35716,57.4,7901,78.6,"C",11,11,12,11,"Non-metro",7,7,8,7
"1644",2020,"TEXAS","TX","WALLER",48473,"PRESIDENT","DONALD J TRUMP","REPUBLICAN",14260,22734,20210622,"TOTAL",0.627254332717516,"11/30/2021",48,"Waller County","TX",37.8,20869,20852,45,19296,46,4667,71.3,99.1,24268,43.9,24001,51.8,22146,52.8,5206,79.5,"D",14,15,15,16,"Metro",2,3,3,4
"1645",2020,"TEXAS","TX","WARD",48475,"PRESIDENT","DONALD J TRUMP","REPUBLICAN",3241,4060,20210622,"TOTAL",0.798275862068966,"11/30/2021",48,"Ward County","TX",34.1,4095,4094,42.3,4005,46.9,1138,69.9,99.1,4828,40.2,4811,49.7,4642,54.4,1233,75.7,"C",10,11,11,11,"Non-metro",6,7,7,7
"1646",2020,"TEXAS","TX","WASHINGTON",48477,"PRESIDENT","DONALD J TRUMP","REPUBLICAN",12959,17427,20210622,"TOTAL",0.743616227692661,"11/30/2021",48,"Washington County","TX",47,16868,16845,54.6,16024,56.8,6157,78,99.1,18960,52.8,18831,61.1,17877,63.4,6735,85.4,"C",11,12,12,12,"Non-metro",7,8,8,8
"1647",2020,"TEXAS","TX","WEBB",48479,"PRESIDENT","DONALD J TRUMP","REPUBLICAN",25898,68397,20210622,"TOTAL",0.378642338114245,"11/30/2021",48,"Webb County","TX",75.1,207636,207345,95.8,185383,99.1,24950,92.7,99.1,265293,95.9,255583,99.9,222839,99.9,29239,99.9,"D",16,16,16,16,"Metro",4,4,4,4
"1648",2020,"TEXAS","TX","WHARTON",48481,"PRESIDENT","DONALD J TRUMP","REPUBLICAN",11926,16761,20210622,"TOTAL",0.711532724777758,"11/30/2021",48,"Wharton County","TX",44.9,18658,18633,53.9,16891,54.8,5269,72.8,99.1,21904,52.7,21530,62.3,19395,62.9,5886,81.3,"D",15,16,16,16,"Non-metro",7,8,8,8
"1649",2020,"TEXAS","TX","WHEELER",48483,"PRESIDENT","DONALD J TRUMP","REPUBLICAN",2159,2337,20210622,"TOTAL",0.923833975181857,"11/30/2021",48,"Wheeler County","TX",37.6,1899,1896,45,1698,45,702,70.1,99.1,2187,43.3,2150,51,1908,50.6,771,76.9,"C",10,11,11,12,"Non-metro",6,7,7,8
"1650",2020,"TEXAS","TX","WICHITA",48485,"PRESIDENT","DONALD J TRUMP","REPUBLICAN",32069,46040,20210622,"TOTAL",0.696546481320591,"11/30/2021",48,"Wichita County","TX",48,63452,63412,56.6,60442,59,16481,83,99.1,72470,54.8,71935,64.2,68352,66.7,17963,90.5,"D",15,16,16,16,"Metro",3,4,4,4
"1651",2020,"TEXAS","TX","WILBARGER",48487,"PRESIDENT","DONALD J TRUMP","REPUBLICAN",3524,4524,20210622,"TOTAL",0.7789566755084,"11/30/2021",48,"Wilbarger County","TX",48.2,6152,6152,56.1,5956,59.9,1860,76.8,99.1,6771,53,6756,61.6,6516,65.5,1971,81.4,"D",15,16,16,16,"Non-metro",7,8,8,8
"1652",2020,"TEXAS","TX","WILLACY",48489,"PRESIDENT","DONALD J TRUMP","REPUBLICAN",2441,5549,20210622,"TOTAL",0.43989908091548,"11/30/2021",48,"Willacy County","TX",58.1,12404,12393,68.6,11366,69.5,2470,80.8,99.1,14587,68.3,14353,79.5,12886,78.8,2761,90.3,"D",16,16,16,16,"Non-metro",8,8,8,8
"1653",2020,"TEXAS","TX","WILLIAMSON",48491,"PRESIDENT","DONALD J TRUMP","REPUBLICAN",139729,289555,20210622,"TOTAL",0.48256462502806,"11/30/2021",48,"Williamson County","TX",61.1,360865,360111,73,329436,74.6,66905,91.4,99.1,419177,71,405091,82.1,369629,83.7,74150,99.9,"A",4,4,4,4,"Metro",4,4,4,4
"1654",2020,"TEXAS","TX","WILSON",48493,"PRESIDENT","DONALD J TRUMP","REPUBLICAN",18463,25013,20210622,"TOTAL",0.73813616919202,"11/30/2021",48,"Wilson County","TX",48.2,24596,24563,56.6,23078,59.3,6520,77.5,99.1,28072,55,27810,64.1,26093,67.1,7462,88.7,"B",7,8,8,8,"Metro",3,4,4,4
"1655",2020,"TEXAS","TX","WINKLER",48495,"PRESIDENT","DONALD J TRUMP","REPUBLICAN",1753,2126,20210622,"TOTAL",0.824553151458137,"11/30/2021",48,"Winkler County","TX",35.5,2840,2837,43.8,2694,47.4,651,67.5,99.1,3280,40.9,3271,50.5,3074,54.1,702,72.8,"C",10,11,11,11,"Non-metro",6,7,7,7
"1656",2020,"TEXAS","TX","WISE",48497,"PRESIDENT","DONALD J TRUMP","REPUBLICAN",27032,32365,20210622,"TOTAL",0.835223234976054,"11/30/2021",48,"Wise County","TX",35.9,25130,25126,42.7,24059,45.7,7411,69.9,99.1,28512,40.7,28368,48.2,27063,51.4,7981,75.3,"C",10,11,11,11,"Metro",2,3,3,3
"1657",2020,"TEXAS","TX","WOOD",48499,"PRESIDENT","DONALD J TRUMP","REPUBLICAN",19049,22779,20210622,"TOTAL",0.836252688880109,"11/30/2021",48,"Wood County","TX",40.1,18250,18247,45.5,17793,48.2,8830,70.5,99.1,20353,44.7,20310,50.7,19783,53.5,9555,76.3,"C",11,11,11,12,"Non-metro",7,7,7,8
"1658",2020,"TEXAS","TX","YOAKUM",48501,"PRESIDENT","DONALD J TRUMP","REPUBLICAN",2174,2631,20210622,"TOTAL",0.826301786393006,"11/30/2021",48,"Yoakum County","TX",37.1,3234,3233,47.7,3066,52.3,766,74.2,99.1,3789,43.5,3764,55.5,3544,60.4,838,81.1,"B",6,7,8,8,"Non-metro",6,7,8,8
"1659",2020,"TEXAS","TX","YOUNG",48503,"PRESIDENT","DONALD J TRUMP","REPUBLICAN",7110,8239,20210622,"TOTAL",0.862968806894041,"11/30/2021",48,"Young County","TX",38.4,6912,6912,45.4,6637,48.3,2637,69.9,99.1,7831,43.5,7803,51.2,7485,54.4,2831,75,"C",10,11,11,11,"Non-metro",6,7,7,7
"1660",2020,"TEXAS","TX","ZAPATA",48505,"PRESIDENT","DONALD J TRUMP","REPUBLICAN",2033,3874,20210622,"TOTAL",0.524780588538978,"11/30/2021",48,"Zapata County","TX",56.4,8003,7994,72.7,7056,74.3,1566,83.9,99.1,9464,66.7,9233,83.9,8116,85.5,1754,94,"D",16,16,16,16,"Non-metro",8,8,8,8
"1661",2020,"TEXAS","TX","ZAVALA",48507,"PRESIDENT","DONALD J TRUMP","REPUBLICAN",1490,4379,20210622,"TOTAL",0.340260333409454,"11/30/2021",48,"Zavala County","TX",47.8,5655,5645,58.7,5093,60.1,1372,79.6,99.1,6626,56,6473,67.3,5805,68.5,1506,87.4,"D",15,16,16,16,"Non-metro",7,8,8,8
"1662",2020,"VERMONT","VT","ADDISON",50001,"PRESIDENT","DONALD J TRUMP","REPUBLICAN",6567,22611,20210622,"TOTAL",0.290433859625846,"11/30/2021",48,"Addison County","VT",64.3,23660,23648,71.9,22066,71.8,6628,87.2,73.7,27141,73.8,26258,79.8,24555,79.9,7143,94,"A",4,4,4,4,"Non-metro",8,8,8,8
"1663",2020,"VERMONT","VT","BENNINGTON",50003,"PRESIDENT","DONALD J TRUMP","REPUBLICAN",6724,19357,20210622,"TOTAL",0.347367877253707,"11/30/2021",48,"Bennington County","VT",39,13841,13840,44.2,12829,44.4,4660,56.2,73.7,16509,46.5,15938,50.9,14817,51.3,5208,62.8,"B",6,7,7,7,"Non-metro",6,7,7,7
"1664",2020,"VERMONT","VT","CALEDONIA",50005,"PRESIDENT","DONALD J TRUMP","REPUBLICAN",5924,15158,20210622,"TOTAL",0.390816730439372,"11/30/2021",48,"Caledonia County","VT",33.1,9930,9926,37.5,9267,38.2,3134,47.4,73.7,11738,39.1,11385,43,10669,44,3571,54,"B",6,6,6,6,"Non-metro",6,6,6,6
"1665",2020,"VERMONT","VT","CHITTENDEN",50007,"PRESIDENT","DONALD J TRUMP","REPUBLICAN",20104,96755,20210622,"TOTAL",0.207782543537802,"11/30/2021",48,"Chittenden County","VT",66.3,108602,108579,74.7,101218,74.8,22562,88.5,73.7,127134,77.6,122069,83.9,113899,84.2,24268,95.2,"A",4,4,4,4,"Metro",4,4,4,4
"1666",2020,"VERMONT","VT","ESSEX",50009,"PRESIDENT","DONALD J TRUMP","REPUBLICAN",2164,4237,20210622,"TOTAL",0.510738730233656,"11/30/2021",48,"Essex County","VT",36.5,2249,2246,41,2124,41.6,822,50.3,73.7,2919,47.4,2880,52.6,2729,53.4,1104,67.5,"A",2,3,3,3,"Non-metro",6,7,7,7
"1667",2020,"VERMONT","VT","FRANKLIN",50011,"PRESIDENT","DONALD J TRUMP","REPUBLICAN",11274,26072,20210622,"TOTAL",0.432417919607241,"11/30/2021",48,"Franklin County","VT",33.2,16397,16397,38.8,15170,39.3,4043,49,73.7,18884,38.2,18374,43.5,16998,44.1,4233,51.3,"A",2,2,2,2,"Metro",2,2,2,2
"1668",2020,"VERMONT","VT","GRAND ISLE",50013,"PRESIDENT","DONALD J TRUMP","REPUBLICAN",2194,5782,20210622,"TOTAL",0.379453476305777,"11/30/2021",48,"Grand Isle County","VT",73.1,5291,5291,82.9,4995,84.2,1695,99.9,73.7,6095,84.2,5960,93.4,5632,94.9,1868,99.9,"A",4,4,4,4,"Metro",4,4,4,4
"1669",2020,"VERMONT","VT","LAMOILLE",50015,"PRESIDENT","DONALD J TRUMP","REPUBLICAN",4171,15679,20210622,"TOTAL",0.266024618917023,"11/30/2021",48,"Lamoille County","VT",56.1,14227,14226,64.6,13245,65.4,3868,85.2,73.7,17313,68.3,16762,76.1,15587,77,4302,94.7,"A",4,4,4,4,"Non-metro",8,8,8,8
"1670",2020,"VERMONT","VT","ORANGE",50017,"PRESIDENT","DONALD J TRUMP","REPUBLICAN",5782,14876,20210622,"TOTAL",0.388679752621672,"11/30/2021",48,"Orange County","VT",47.6,13752,13751,53.9,12813,54.2,4039,63.4,73.7,16813,58.2,16338,64.1,15294,64.7,4828,75.8,"A",3,4,4,3,"Non-metro",7,8,8,7
"1671",2020,"VERMONT","VT","ORLEANS",50019,"PRESIDENT","DONALD J TRUMP","REPUBLICAN",7086,15442,20210622,"TOTAL",0.458878383629064,"11/30/2021",48,"Orleans County","VT",53.3,14418,14417,60.9,13601,62.4,4901,77.9,73.7,16500,61,16148,68.2,15226,69.8,5295,84.2,"B",8,8,8,8,"Non-metro",8,8,8,8
"1672",2020,"VERMONT","VT","RUTLAND",50021,"PRESIDENT","DONALD J TRUMP","REPUBLICAN",14625,34772,20210622,"TOTAL",0.420597032094789,"11/30/2021",48,"Rutland County","VT",63.6,36998,36996,71.6,34916,72.8,11744,88.8,73.7,42743,73.5,41676,80.6,39278,81.9,12837,97,"B",8,8,8,8,"Non-metro",8,8,8,8
"1673",2020,"VERMONT","VT","WASHINGTON",50023,"PRESIDENT","DONALD J TRUMP","REPUBLICAN",8707,35325,20210622,"TOTAL",0.246482661004954,"11/30/2021",48,"Washington County","VT",42.3,24711,24702,47.9,22958,48.2,6748,57.3,73.7,28972,49.6,27722,53.8,25791,54.2,7265,61.7,"A",3,3,3,3,"Non-metro",7,7,7,7
"1674",2020,"VERMONT","VT","WINDHAM",50025,"PRESIDENT","DONALD J TRUMP","REPUBLICAN",7251,28452,20210622,"TOTAL",0.25485027414593,"11/30/2021",48,"Windham County","VT",61.3,25872,25865,69.1,24257,69.8,8156,80.9,73.7,31446,74.5,30354,81.1,28370,81.6,9326,92.5,"B",8,8,8,8,"Non-metro",8,8,8,8
"1675",2020,"VERMONT","VT","WINDSOR",50027,"PRESIDENT","DONALD J TRUMP","REPUBLICAN",10135,36308,20210622,"TOTAL",0.279139583562851,"11/30/2021",48,"Windsor County","VT",46.1,25372,25370,51.9,23942,52.9,8202,61.5,73.7,31494,57.2,30659,62.7,28961,64,9901,74.3,"A",3,4,4,3,"Non-metro",7,8,8,7
"1676",2020,"WEST VIRGINIA","WV","BARBOUR",54001,"PRESIDENT","DONALD J TRUMP","REPUBLICAN",5116,6677,20210622,"TOTAL",0.766212370825221,"11/30/2021",48,"Barbour County","WV",7.1,1170,1170,8.1,1000,7.6,316,9.3,60.3,2588,15.7,2532,17.6,2293,17.4,762,22.4,"C",9,9,9,9,"Non-metro",5,5,5,5
"1677",2020,"WEST VIRGINIA","WV","BERKELEY",54003,"PRESIDENT","DONALD J TRUMP","REPUBLICAN",33279,51535,20210622,"TOTAL",0.645755311923935,"11/30/2021",48,"Berkeley County","WV",31.6,37654,37626,37.2,35857,39.1,11055,61.6,60.3,52298,43.9,52009,51.4,49510,54,14804,82.5,"B",6,6,6,7,"Metro",2,2,2,3
"1678",2020,"WEST VIRGINIA","WV","BOONE",54005,"PRESIDENT","DONALD J TRUMP","REPUBLICAN",6816,9012,20210622,"TOTAL",0.756324900133156,"11/30/2021",48,"Boone County","WV",30.8,6610,6606,35.3,6279,36.9,2458,54.8,60.3,8979,41.8,8950,47.9,8475,49.8,3214,71.6,"C",10,10,10,11,"Metro",2,2,2,3
"1679",2020,"WEST VIRGINIA","WV","BRAXTON",54007,"PRESIDENT","DONALD J TRUMP","REPUBLICAN",4120,5664,20210622,"TOTAL",0.727401129943503,"11/30/2021",48,"Braxton County","WV",12.4,1733,1733,14.2,1629,14.4,749,22.7,60.3,2818,20.2,2795,22.9,2626,23.3,1138,34.4,"C",9,9,9,9,"Non-metro",5,5,5,5
"1680",2020,"WEST VIRGINIA","WV","BROOKE",54009,"PRESIDENT","DONALD J TRUMP","REPUBLICAN",7545,10656,20210622,"TOTAL",0.708051801801802,"11/30/2021",48,"Brooke County","WV",22.1,4845,4843,24.8,4633,25.6,1859,34.5,60.3,7029,32,7012,35.9,6721,37.1,2646,49.1,"B",5,5,5,6,"Metro",1,1,1,2
"1681",2020,"WEST VIRGINIA","WV","CABELL",54011,"PRESIDENT","DONALD J TRUMP","REPUBLICAN",21721,37360,20210622,"TOTAL",0.58139721627409,"11/30/2021",48,"Cabell County","WV",22.6,20736,20726,25.9,19495,26.4,6116,34.2,60.3,31878,34.7,31527,39.4,29707,40.2,8943,50.1,"C",9,9,9,10,"Metro",1,1,1,2
"1682",2020,"WEST VIRGINIA","WV","CALHOUN",54013,"PRESIDENT","DONALD J TRUMP","REPUBLICAN",2364,2971,20210622,"TOTAL",0.795691686300909,"11/30/2021",48,"Calhoun County","WV",12.9,916,916,14.5,878,15.1,388,21.3,60.3,1429,20.1,1428,22.7,1379,23.7,628,34.4,"C",9,9,9,9,"Non-metro",5,5,5,5
"1683",2020,"WEST VIRGINIA","WV","CLAY",54015,"PRESIDENT","DONALD J TRUMP","REPUBLICAN",2679,3365,20210622,"TOTAL",0.796136701337296,"11/30/2021",48,"Clay County","WV",24.1,2049,2042,28,1790,27,726,40.3,60.3,3070,36.1,3057,41.9,2741,41.4,1096,60.8,"C",9,9,9,10,"Metro",1,1,1,2
"1684",2020,"WEST VIRGINIA","WV","DODDRIDGE",54017,"PRESIDENT","DONALD J TRUMP","REPUBLICAN",2619,3101,20210622,"TOTAL",0.844566268945501,"11/30/2021",48,"Doddridge County","WV",4.7,397,397,5.2,373,5.2,131,7.1,60.3,1151,13.6,1142,14.9,1100,15.3,386,20.9,"B",5,5,5,5,"Non-metro",5,5,5,5
"1685",2020,"WEST VIRGINIA","WV","FAYETTE",54019,"PRESIDENT","DONALD J TRUMP","REPUBLICAN",11580,16862,20210622,"TOTAL",0.68675127505634,"11/30/2021",48,"Fayette County","WV",26.8,11380,11373,31,10765,31.9,4056,44,60.3,16394,38.7,16305,44.4,15398,45.7,5415,58.7,"D",13,14,14,14,"Metro",1,2,2,2
"1686",2020,"WEST VIRGINIA","WV","GILMER",54021,"PRESIDENT","DONALD J TRUMP","REPUBLICAN",2012,2662,20210622,"TOTAL",0.755822689706987,"11/30/2021",48,"Gilmer County","WV",41.6,3255,3254,46,3174,47.4,759,54.8,60.3,4043,51.7,4042,57.1,3931,58.6,1050,75.8,"D",15,15,15,15,"Non-metro",7,7,7,7
"1687",2020,"WEST VIRGINIA","WV","GRANT",54023,"PRESIDENT","DONALD J TRUMP","REPUBLICAN",4871,5509,20210622,"TOTAL",0.884189508077691,"11/30/2021",48,"Grant County","WV",13.8,1591,1590,15.8,1557,16.7,680,23.4,60.3,2167,18.7,2160,21.4,2109,22.6,877,30.2,"B",5,5,5,5,"Non-metro",5,5,5,5
"1688",2020,"WEST VIRGINIA","WV","GREENBRIER",54025,"PRESIDENT","DONALD J TRUMP","REPUBLICAN",10925,15850,20210622,"TOTAL",0.689274447949527,"11/30/2021",48,"Greenbrier County","WV",34.8,12073,12066,39.9,11482,41.2,4667,57.4,60.3,16059,46.3,16005,52.9,15222,54.6,6083,74.8,"C",10,10,11,11,"Non-metro",6,6,7,7
"1689",2020,"WEST VIRGINIA","WV","HAMPSHIRE",54027,"PRESIDENT","DONALD J TRUMP","REPUBLICAN",8033,10086,20210622,"TOTAL",0.796450525480865,"11/30/2021",48,"Hampshire County","WV",23.3,5409,5404,26.3,5266,27.7,2038,37.5,60.3,7911,34.1,7886,38.3,7683,40.5,3219,59.3,"C",9,9,9,10,"Metro",1,1,1,2
"1690",2020,"WEST VIRGINIA","WV","HANCOCK",54029,"PRESIDENT","DONALD J TRUMP","REPUBLICAN",9806,13800,20210622,"TOTAL",0.710579710144927,"11/30/2021",48,"Hancock County","WV",23.4,6755,6750,26.6,6506,27.9,2542,37.2,60.3,9653,33.5,9602,37.8,9245,39.6,3482,50.9,"B",5,5,5,6,"Metro",1,1,1,2
"1691",2020,"WEST VIRGINIA","WV","HARDY",54031,"PRESIDENT","DONALD J TRUMP","REPUBLICAN",4859,6331,20210622,"TOTAL",0.767493287000474,"11/30/2021",48,"Hardy County","WV",24.8,3410,3410,28.6,3296,30.1,1254,40.5,60.3,4679,34,4675,39.2,4493,41,1788,57.8,"B",5,5,6,6,"Non-metro",5,5,6,6
"1692",2020,"WEST VIRGINIA","WV","HARRISON",54033,"PRESIDENT","DONALD J TRUMP","REPUBLICAN",20683,30465,20210622,"TOTAL",0.678910224848186,"11/30/2021",48,"Harrison County","WV",21.3,14306,14302,24.7,13555,25.6,5131,38.6,60.3,20669,30.7,20555,35.5,19529,36.8,6966,52.4,"B",5,5,5,6,"Non-metro",5,5,5,6
"1693",2020,"WEST VIRGINIA","WV","JACKSON",54035,"PRESIDENT","DONALD J TRUMP","REPUBLICAN",10093,13508,20210622,"TOTAL",0.747186852235712,"11/30/2021",48,"Jackson County","WV",18.1,5185,5182,21,4871,21.6,1893,31.7,60.3,8148,28.5,8089,32.7,7676,34.1,3032,50.8,"B",5,5,5,6,"Non-metro",5,5,5,6
"1694",2020,"WEST VIRGINIA","WV","JEFFERSON",54037,"PRESIDENT","DONALD J TRUMP","REPUBLICAN",15033,27703,20210622,"TOTAL",0.54264881059813,"11/30/2021",48,"Jefferson County","WV",32.4,18487,18478,37.6,17250,38.7,5210,54.5,60.3,26993,47.2,26824,54.5,24774,55.6,7293,76.3,"A",2,2,2,3,"Metro",2,2,2,3
"1695",2020,"WEST VIRGINIA","WV","KANAWHA",54039,"PRESIDENT","DONALD J TRUMP","REPUBLICAN",46398,82244,20210622,"TOTAL",0.564150576333836,"11/30/2021",48,"Kanawha County","WV",32.1,57203,57182,36.9,54118,38,18982,50.3,60.3,85206,47.8,84465,54.5,79556,55.8,26503,70.2,"C",10,10,10,11,"Metro",2,2,2,3
"1696",2020,"WEST VIRGINIA","WV","LEWIS",54041,"PRESIDENT","DONALD J TRUMP","REPUBLICAN",5782,7457,20210622,"TOTAL",0.77537883867507,"11/30/2021",48,"Lewis County","WV",29.9,4760,4759,34.7,4548,36.2,1740,51.7,60.3,6065,38.1,6040,44.1,5753,45.8,2080,61.8,"C",9,10,10,11,"Non-metro",5,6,6,7
"1697",2020,"WEST VIRGINIA","WV","LINCOLN",54043,"PRESIDENT","DONALD J TRUMP","REPUBLICAN",6012,7830,20210622,"TOTAL",0.767816091954023,"11/30/2021",48,"Lincoln County","WV",16.9,3451,3449,19.8,3165,19.9,1194,29.3,60.3,5400,26.5,5361,30.7,4902,30.9,1739,42.7,"C",9,9,9,9,"Metro",1,1,1,1
"1698",2020,"WEST VIRGINIA","WV","LOGAN",54045,"PRESIDENT","DONALD J TRUMP","REPUBLICAN",10534,13026,20210622,"TOTAL",0.808690311684324,"11/30/2021",48,"Logan County","WV",30.7,9835,9821,35.5,9267,36.4,3353,49.7,60.3,13711,42.8,13605,49.1,12833,50.4,4515,67,"C",10,10,10,10,"Non-metro",6,6,6,6
"1699",2020,"WEST VIRGINIA","WV","MCDOWELL",54047,"PRESIDENT","DONALD J TRUMP","REPUBLICAN",5148,6527,20210622,"TOTAL",0.788723762831316,"11/30/2021",48,"McDowell County","WV",23.5,4141,4139,27.2,4006,28.6,1242,30.9,60.3,6004,34.1,5992,39.3,5773,41.2,1808,44.9,"D",13,13,13,14,"Non-metro",5,5,5,6
"1700",2020,"WEST VIRGINIA","WV","MARION",54049,"PRESIDENT","DONALD J TRUMP","REPUBLICAN",16300,25794,20210622,"TOTAL",0.631929906179732,"11/30/2021",48,"Marion County","WV",9.3,5212,5210,10.7,4758,10.6,1760,15.9,60.3,10575,18.9,10369,21.3,9620,21.4,3140,28.3,"B",5,5,5,5,"Non-metro",5,5,5,5
"1701",2020,"WEST VIRGINIA","WV","MARSHALL",54051,"PRESIDENT","DONALD J TRUMP","REPUBLICAN",10435,14080,20210622,"TOTAL",0.741122159090909,"11/30/2021",48,"Marshall County","WV",11,3350,3348,12.5,3182,12.9,1163,16.6,60.3,5271,17.3,5240,19.6,5010,20.3,1825,26,"A",1,1,1,1,"Metro",1,1,1,1
"1702",2020,"WEST VIRGINIA","WV","MASON",54053,"PRESIDENT","DONALD J TRUMP","REPUBLICAN",8491,11203,20210622,"TOTAL",0.75792198518254,"11/30/2021",48,"Mason County","WV",33.6,8915,8914,38.8,8581,40.8,3541,61.7,60.3,11752,44.3,11727,51.1,11234,53.4,4538,79.1,"C",10,10,11,11,"Non-metro",6,6,7,7
"1703",2020,"WEST VIRGINIA","WV","MERCER",54055,"PRESIDENT","DONALD J TRUMP","REPUBLICAN",19237,25134,20210622,"TOTAL",0.765377576191613,"11/30/2021",48,"Mercer County","WV",40.1,23534,23523,46.5,22559,48.4,8823,67,60.3,31050,52.8,30901,61.1,29534,63.4,11249,85.4,"D",15,15,15,15,"Non-metro",7,7,7,7
"1704",2020,"WEST VIRGINIA","WV","MINERAL",54057,"PRESIDENT","DONALD J TRUMP","REPUBLICAN",10040,12872,20210622,"TOTAL",0.779987569919204,"11/30/2021",48,"Mineral County","WV",34.8,9352,9347,40,8961,41.6,3687,62,60.3,12270,45.7,12227,52.3,11716,54.4,4911,82.5,"C",10,11,11,11,"Metro",2,3,3,3
"1705",2020,"WEST VIRGINIA","WV","MINGO",54059,"PRESIDENT","DONALD J TRUMP","REPUBLICAN",8544,10022,20210622,"TOTAL",0.85252444621832,"11/30/2021",48,"Mingo County","WV",24.9,5838,5837,29.3,5634,31,2128,45.9,60.3,8055,34.4,8026,40.3,7734,42.5,2884,62.2,"D",13,13,14,14,"Non-metro",5,5,6,6
"1706",2020,"WEST VIRGINIA","WV","MONONGALIA",54061,"PRESIDENT","DONALD J TRUMP","REPUBLICAN",20803,42072,20210622,"TOTAL",0.494461874881156,"11/30/2021",48,"Monongalia County","WV",15.9,16820,16816,18,15980,18.1,3565,25.5,60.3,25017,23.7,24298,25.9,23046,26.1,4685,33.6,"B",5,5,5,5,"Metro",1,1,1,1
"1707",2020,"WEST VIRGINIA","WV","MONROE",54063,"PRESIDENT","DONALD J TRUMP","REPUBLICAN",5068,6490,20210622,"TOTAL",0.780893682588598,"11/30/2021",48,"Monroe County","WV",30.2,4007,4006,34.5,3835,35.9,1568,46.4,60.3,5036,37.9,5029,43.3,4823,45.1,1962,58.1,"B",6,6,6,6,"Non-metro",6,6,6,6
"1708",2020,"WEST VIRGINIA","WV","MORGAN",54065,"PRESIDENT","DONALD J TRUMP","REPUBLICAN",6537,8695,20210622,"TOTAL",0.751811385853939,"11/30/2021",48,"Morgan County","WV",5.7,1018,1018,6.4,990,6.7,326,7.6,60.3,2169,12.1,2160,13.6,2105,14.3,778,18.3,"A",1,1,1,1,"Non-metro",5,5,5,5
"1709",2020,"WEST VIRGINIA","WV","NICHOLAS",54067,"PRESIDENT","DONALD J TRUMP","REPUBLICAN",8279,10630,20210622,"TOTAL",0.778833490122295,"11/30/2021",48,"Nicholas County","WV",30.7,7511,7507,35.4,7172,36.9,3054,54.4,60.3,10146,41.4,10095,47.6,9644,49.6,3955,70.5,"C",10,10,10,11,"Non-metro",6,6,6,7
"1710",2020,"WEST VIRGINIA","WV","OHIO",54069,"PRESIDENT","DONALD J TRUMP","REPUBLICAN",12354,19898,20210622,"TOTAL",0.620866418735551,"11/30/2021",48,"Ohio County","WV",13.2,5452,5447,15,4989,14.9,1472,16,60.3,9780,23.6,9658,26.7,8991,26.9,2857,31,"B",5,5,5,5,"Metro",1,1,1,1
"1711",2020,"WEST VIRGINIA","WV","PENDLETON",54071,"PRESIDENT","DONALD J TRUMP","REPUBLICAN",2782,3659,20210622,"TOTAL",0.760317026509975,"11/30/2021",48,"Pendleton County","WV",38.4,2678,2678,43.6,2586,45.4,1268,64.6,60.3,3734,53.6,3716,60.5,3576,62.7,1785,90.9,"B",6,7,7,7,"Non-metro",6,7,7,7
"1712",2020,"WEST VIRGINIA","WV","PLEASANTS",54073,"PRESIDENT","DONALD J TRUMP","REPUBLICAN",2742,3491,20210622,"TOTAL",0.785448295617302,"11/30/2021",48,"Pleasants County","WV",14.2,1058,1057,16.1,980,16.1,315,21.6,60.3,1936,26,1927,29.3,1828,30.1,620,42.4,"B",5,5,5,5,"Non-metro",5,5,5,5
"1713",2020,"WEST VIRGINIA","WV","POCAHONTAS",54075,"PRESIDENT","DONALD J TRUMP","REPUBLICAN",2895,4008,20210622,"TOTAL",0.722305389221557,"11/30/2021",48,"Pocahontas County","WV",24.1,1986,1986,27.3,1939,28.4,923,42.8,60.3,2873,34.8,2856,39.2,2782,40.8,1251,58,"B",5,5,5,6,"Non-metro",5,5,5,6
"1714",2020,"WEST VIRGINIA","WV","PRESTON",54077,"PRESIDENT","DONALD J TRUMP","REPUBLICAN",11190,14572,20210622,"TOTAL",0.767911062311282,"11/30/2021",48,"Preston County","WV",33,11021,11017,37.8,10737,39.7,3732,53.5,60.3,14000,41.9,13933,47.7,13519,50,4720,67.6,"C",10,10,10,11,"Metro",2,2,2,3
"1715",2020,"WEST VIRGINIA","WV","PUTNAM",54079,"PRESIDENT","DONALD J TRUMP","REPUBLICAN",20034,28501,20210622,"TOTAL",0.70292270446651,"11/30/2021",48,"Putnam County","WV",17.7,10001,9998,20.5,9301,21.1,3139,29.4,60.3,16623,29.4,16403,33.7,15269,34.6,5015,47,"A",1,1,1,1,"Metro",1,1,1,1
"1716",2020,"WEST VIRGINIA","WV","RALEIGH",54081,"PRESIDENT","DONALD J TRUMP","REPUBLICAN",24673,33106,20210622,"TOTAL",0.745272760224733,"11/30/2021",48,"Raleigh County","WV",22,16157,16148,25.5,15492,26.6,5761,37,60.3,23806,32.5,23676,37.4,22678,39,8106,52.1,"D",13,13,13,14,"Metro",1,1,1,2
"1717",2020,"WEST VIRGINIA","WV","RANDOLPH",54083,"PRESIDENT","DONALD J TRUMP","REPUBLICAN",8673,12200,20210622,"TOTAL",0.710901639344262,"11/30/2021",48,"Randolph County","WV",28.8,8251,8247,32.8,7906,34,3254,51,60.3,10936,38.1,10819,43.1,10345,44.5,4141,64.9,"C",9,10,10,11,"Non-metro",5,6,6,7
"1718",2020,"WEST VIRGINIA","WV","RITCHIE",54085,"PRESIDENT","DONALD J TRUMP","REPUBLICAN",3649,4283,20210622,"TOTAL",0.851972916180248,"11/30/2021",48,"Ritchie County","WV",19.5,1866,1866,22.3,1820,23.7,861,39.2,60.3,2911,30.5,2899,34.6,2810,36.6,1247,56.8,"B",5,5,5,6,"Non-metro",5,5,5,6
"1719",2020,"WEST VIRGINIA","WV","ROANE",54087,"PRESIDENT","DONALD J TRUMP","REPUBLICAN",4213,5763,20210622,"TOTAL",0.731042859621725,"11/30/2021",48,"Roane County","WV",5.3,732,732,6.1,653,6,225,7.2,60.3,1509,11,1500,12.5,1374,12.6,448,14.4,"C",9,9,9,9,"Non-metro",5,5,5,5
"1720",2020,"WEST VIRGINIA","WV","SUMMERS",54089,"PRESIDENT","DONALD J TRUMP","REPUBLICAN",4074,5585,20210622,"TOTAL",0.729453894359893,"11/30/2021",48,"Summers County","WV",18.5,2322,2320,20.5,2085,19.8,806,24.6,60.3,3565,28.4,3560,31.4,3258,30.9,1332,40.6,"D",13,13,13,13,"Non-metro",5,5,5,5
"1721",2020,"WEST VIRGINIA","WV","TAYLOR",54091,"PRESIDENT","DONALD J TRUMP","REPUBLICAN",5477,7383,20210622,"TOTAL",0.741839360693485,"11/30/2021",48,"Taylor County","WV",4.7,780,780,5.4,722,5.4,233,6.6,60.3,1848,11.1,1824,12.5,1725,12.9,508,14.5,"B",5,5,5,5,"Non-metro",5,5,5,5
"1722",2020,"WEST VIRGINIA","WV","TUCKER",54093,"PRESIDENT","DONALD J TRUMP","REPUBLICAN",2841,3844,20210622,"TOTAL",0.739073881373569,"11/30/2021",48,"Tucker County","WV",31.1,2127,2127,34.3,2016,34.6,824,44.9,60.3,2713,39.7,2700,43.5,2563,44,1062,57.9,"B",6,6,6,6,"Non-metro",6,6,6,6
"1723",2020,"WEST VIRGINIA","WV","TYLER",54095,"PRESIDENT","DONALD J TRUMP","REPUBLICAN",3226,3922,20210622,"TOTAL",0.822539520652728,"11/30/2021",48,"Tyler County","WV",19.3,1659,1659,22,1584,22.9,659,32.8,60.3,2331,27.1,2319,30.8,2228,32.1,893,44.4,"A",1,1,1,2,"Non-metro",5,5,5,6
"1724",2020,"WEST VIRGINIA","WV","UPSHUR",54097,"PRESIDENT","DONALD J TRUMP","REPUBLICAN",7771,10221,20210622,"TOTAL",0.760297426866256,"11/30/2021",48,"Upshur County","WV",8.6,2075,2075,9.9,1858,9.6,728,14.4,60.3,4036,16.7,3998,19,3678,19.1,1302,25.7,"C",9,9,9,9,"Non-metro",5,5,5,5
"1725",2020,"WEST VIRGINIA","WV","WAYNE",54099,"PRESIDENT","DONALD J TRUMP","REPUBLICAN",12585,16947,20210622,"TOTAL",0.742609311382546,"11/30/2021",48,"Wayne County","WV",31.1,12259,12257,35.6,11848,37.7,4691,54.8,60.3,16943,43,16871,49.1,16252,51.6,6181,72.2,"C",10,10,10,11,"Metro",2,2,2,3
"1726",2020,"WEST VIRGINIA","WV","WEBSTER",54101,"PRESIDENT","DONALD J TRUMP","REPUBLICAN",2759,3402,20210622,"TOTAL",0.810993533215755,"11/30/2021",48,"Webster County","WV",31.2,2534,2532,35.7,2428,37.1,1093,56,60.3,3301,40.7,3295,46.5,3150,48.2,1361,69.8,"C",10,10,10,11,"Non-metro",6,6,6,7
"1727",2020,"WEST VIRGINIA","WV","WETZEL",54103,"PRESIDENT","DONALD J TRUMP","REPUBLICAN",4993,6667,20210622,"TOTAL",0.748912554372281,"11/30/2021",48,"Wetzel County","WV",10.9,1640,1640,12.5,1558,12.9,643,18.4,60.3,2832,18.8,2802,21.3,2679,22.1,977,27.9,"B",5,5,5,5,"Non-metro",5,5,5,5
"1728",2020,"WEST VIRGINIA","WV","WIRT",54105,"PRESIDENT","DONALD J TRUMP","REPUBLICAN",2134,2653,20210622,"TOTAL",0.804372408594044,"11/30/2021",48,"Wirt County","WV",6.5,377,377,7.5,319,7,80,6.6,60.3,714,12.3,709,14.1,635,13.9,175,14.4,"B",5,5,5,5,"Metro",1,1,1,1
"1729",2020,"WEST VIRGINIA","WV","WOOD",54107,"PRESIDENT","DONALD J TRUMP","REPUBLICAN",27202,38762,20210622,"TOTAL",0.701769774521439,"11/30/2021",48,"Wood County","WV",40.1,33518,33509,46.4,31979,48.4,12408,71,60.3,44198,52.9,44004,61,41969,63.5,16200,92.8,"B",7,7,7,8,"Metro",3,3,3,4
"1730",2020,"WEST VIRGINIA","WV","WYOMING",54109,"PRESIDENT","DONALD J TRUMP","REPUBLICAN",7353,8592,20210622,"TOTAL",0.855796089385475,"11/30/2021",48,"Wyoming County","WV",36.5,7444,7440,41.8,6973,43,2878,64.2,60.3,9629,47.2,9600,53.9,8920,55,3462,77.2,"C",10,11,11,11,"Non-metro",6,7,7,7
"1731",2020,"MASSACHUSETTS","MA","BARNSTABLE",25001,"US PRESIDENT","DONALD J TRUMP","REPUBLICAN",55311,151512,20210622,"TOTAL",0.36506019325202,"11/30/2021",48,"Barnstable County","MA",5.5,11797,11794,6.1,11704,6.5,4478,6.7,89.7,17881,8.4,17836,9.2,17689,9.8,7666,11.5,"A",1,1,1,1,"Metro",1,1,1,1
"1732",2020,"MASSACHUSETTS","MA","BERKSHIRE",25003,"US PRESIDENT","DONALD J TRUMP","REPUBLICAN",18064,71771,20210622,"TOTAL",0.251689401011551,"11/30/2021",48,"Berkshire County","MA",52.1,65100,64894,57.9,59993,57.6,19820,66.2,89.7,79768,63.8,76891,68.6,71278,68.5,24779,82.8,"B",8,8,8,7,"Metro",4,4,4,3
"1733",2020,"MASSACHUSETTS","MA","BRISTOL",25005,"US PRESIDENT","DONALD J TRUMP","REPUBLICAN",119872,281364,20210622,"TOTAL",0.42603886780114,"11/30/2021",48,"Bristol County","MA",59.2,334731,333758,68,310888,69.2,79154,80.9,89.7,393923,69.7,386409,78.7,359671,80.1,96083,98.2,"C",12,12,12,12,"Metro",4,4,4,4
"1734",2020,"MASSACHUSETTS","MA","DUKES",25007,"US PRESIDENT","DONALD J TRUMP","REPUBLICAN",2631,12873,20210622,"TOTAL",0.204381263108832,"11/30/2021",48,"Dukes County","MA",3.7,648,648,4.2,632,4.4,168,3.9,89.7,972,5.6,971,6.3,945,6.6,327,7.5,"A",1,1,1,1,"Non-metro",5,5,5,5
"1735",2020,"MASSACHUSETTS","MA","ESSEX",25009,"US PRESIDENT","DONALD J TRUMP","REPUBLICAN",144837,424599,20210622,"TOTAL",0.34111479301647,"11/30/2021",48,"Essex County","MA",66.7,526133,523825,76.9,482334,77.5,120637,87.1,89.7,621875,78.8,603475,88.6,555824,89.3,147398,99.9,"C",12,12,12,12,"Metro",4,4,4,4
"1736",2020,"MASSACHUSETTS","MA","FRANKLIN",25011,"US PRESIDENT","DONALD J TRUMP","REPUBLICAN",11201,43003,20210622,"TOTAL",0.260470199753506,"11/30/2021",48,"Franklin County","MA",61.8,43341,43206,69,40473,69.5,12951,79.9,89.7,51989,74.1,50852,81.2,47558,81.7,15729,97,"A",4,4,4,4,"Non-metro",8,8,8,8
"1737",2020,"MASSACHUSETTS","MA","HAMPDEN",25013,"US PRESIDENT","DONALD J TRUMP","REPUBLICAN",87318,220793,20210622,"TOTAL",0.395474494209508,"11/30/2021",48,"Hampden County","MA",59.3,276503,275858,68.5,257140,70.1,67541,83.6,89.7,329994,70.8,323804,80.5,301495,82.2,82008,99.9,"D",16,16,16,16,"Metro",4,4,4,4
"1738",2020,"MASSACHUSETTS","MA","HAMPSHIRE",25015,"US PRESIDENT","DONALD J TRUMP","REPUBLICAN",22281,88332,20210622,"TOTAL",0.252241543268578,"11/30/2021",48,"Hampshire County","MA",60.6,97438,96662,65.9,90079,65.4,25706,89.2,89.7,117179,72.9,112890,77,105320,76.5,31176,99.9,"A",4,4,4,4,"Metro",4,4,4,4
"1739",2020,"MASSACHUSETTS","MA","MIDDLESEX",25017,"US PRESIDENT","DONALD J TRUMP","REPUBLICAN",226956,869347,20210622,"TOTAL",0.261064914240229,"11/30/2021",48,"Middlesex County","MA",71.8,1157509,1150780,81.9,1062812,82,223865,88.7,89.7,1373620,85.2,1316949,93.7,1215759,93.8,266809,99.9,"A",4,4,4,4,"Metro",4,4,4,4
"1740",2020,"MASSACHUSETTS","MA","NANTUCKET",25019,"US PRESIDENT","DONALD J TRUMP","REPUBLICAN",1914,7338,20210622,"TOTAL",0.260834014717907,"11/30/2021",48,"Nantucket County","MA",1.4,164,164,1.7,160,1.8,50,3,89.7,316,2.8,315,3.2,305,3.4,98,5.8,"A",1,1,1,1,"Non-metro",5,5,5,5
"1741",2020,"MASSACHUSETTS","MA","NORFOLK",25021,"US PRESIDENT","DONALD J TRUMP","REPUBLICAN",125294,411042,20210622,"TOTAL",0.304820431975321,"11/30/2021",48,"Norfolk County","MA",70.9,501332,498549,81.3,457985,81.8,105526,86.6,89.7,588231,83.2,564614,92.1,518406,92.5,124060,99.9,"A",4,4,4,4,"Metro",4,4,4,4
"1742",2020,"MASSACHUSETTS","MA","PLYMOUTH",25023,"US PRESIDENT","DONALD J TRUMP","REPUBLICAN",121227,303870,20210622,"TOTAL",0.398943627209004,"11/30/2021",48,"Plymouth County","MA",63,328341,327235,72.4,302817,73.7,81958,84.6,89.7,386697,74.2,377500,83.5,348843,84.9,98594,99.9,"A",4,4,4,4,"Metro",4,4,4,4
"1743",2020,"MASSACHUSETTS","MA","SUFFOLK",25025,"US PRESIDENT","DONALD J TRUMP","REPUBLICAN",58613,337240,20210622,"TOTAL",0.173802040090144,"11/30/2021",48,"Suffolk County","MA",66.4,533703,532148,74.6,504675,75.1,80673,81.3,89.7,628166,78.1,616355,86.4,583667,86.8,93768,94.5,"C",12,12,12,12,"Metro",4,4,4,4
"1744",2020,"MASSACHUSETTS","MA","WORCESTER",25027,"US PRESIDENT","DONALD J TRUMP","REPUBLICAN",171683,434921,20210622,"TOTAL",0.394745252586102,"11/30/2021",48,"Worcester County","MA",62.9,522790,520707,72.4,480098,73,113469,84.7,89.7,626938,75.5,609741,84.7,561745,85.5,140015,99.9,"B",8,8,8,8,"Metro",4,4,4,4
"1745",2020,"MONTANA","MT","BEAVERHEAD",30001,"US PRESIDENT","DONALD J TRUMP","REPUBLICAN",3923,5661,20210622,"TOTAL",0.692987104751811,"11/30/2021",48,"Beaverhead County","MT",50.7,4797,4797,57,4575,58.6,1848,87.7,95.7,5183,54.8,5110,60.7,4852,62.1,1905,90.4,"B",8,8,8,8,"Non-metro",8,8,8,8
"1746",2020,"MONTANA","MT","BIG HORN",30003,"US PRESIDENT","DONALD J TRUMP","REPUBLICAN",2207,4784,20210622,"TOTAL",0.461329431438127,"11/30/2021",48,"Big Horn County","MT",78.2,10409,10409,99.9,8905,99.9,1927,99.9,95.7,12607,94.7,12254,99.9,10430,99.9,2107,99.9,"D",16,16,16,16,"Non-metro",8,8,8,8
"1747",2020,"MONTANA","MT","BLAINE",30005,"US PRESIDENT","DONALD J TRUMP","REPUBLICAN",1469,3117,20210622,"TOTAL",0.471286493423163,"11/30/2021",48,"Blaine County","MT",75.1,5019,5018,93.6,4349,92.4,1065,99.9,95.7,5911,88.5,5709,99.9,4915,99.9,1133,99.9,"D",16,16,16,16,"Non-metro",8,8,8,8
"1748",2020,"MONTANA","MT","BROADWATER",30007,"US PRESIDENT","DONALD J TRUMP","REPUBLICAN",3173,4097,20210622,"TOTAL",0.774469123749085,"11/30/2021",48,"Broadwater County","MT",30.5,1904,1904,35,1861,37.1,927,61.8,95.7,2348,37.6,2336,42.9,2276,45.4,1061,70.8,"A",2,2,2,3,"Non-metro",6,6,6,7
"1749",2020,"MONTANA","MT","CARBON",30009,"US PRESIDENT","DONALD J TRUMP","REPUBLICAN",4468,7052,20210622,"TOTAL",0.633579126488939,"11/30/2021",48,"Carbon County","MT",44.7,4791,4791,49.8,4644,52.2,1974,68.8,95.7,5242,48.9,5197,54,5022,56.4,2079,72.4,"A",3,3,4,3,"Metro",3,3,4,3
"1750",2020,"MONTANA","MT","CARTER",30011,"US PRESIDENT","DONALD J TRUMP","REPUBLICAN",775,864,20210622,"TOTAL",0.896990740740741,"11/30/2021",48,"Carter County","MT",28.8,361,361,34.3,358,36.5,191,58.4,95.7,396,31.6,395,37.6,392,40,203,62.1,"A",1,2,2,3,"Non-metro",5,6,6,7
"1751",2020,"MONTANA","MT","CASCADE",30013,"US PRESIDENT","DONALD J TRUMP","REPUBLICAN",23315,39885,20210622,"TOTAL",0.584555597342359,"11/30/2021",48,"Cascade County","MT",49.8,40490,40485,58.7,38574,61.1,12529,80.5,95.7,45467,55.9,45203,65.6,43044,68.2,13826,88.9,"B",7,8,8,8,"Metro",3,4,4,4
"1752",2020,"MONTANA","MT","CHOUTEAU",30015,"US PRESIDENT","DONALD J TRUMP","REPUBLICAN",1891,2965,20210622,"TOTAL",0.637774030354131,"11/30/2021",48,"Chouteau County","MT",29.6,1667,1667,34,1567,35.9,682,57.2,95.7,1838,32.6,1828,37.3,1720,39.4,735,61.6,"B",5,6,6,7,"Non-metro",5,6,6,7
"1753",2020,"MONTANA","MT","CUSTER",30017,"US PRESIDENT","DONALD J TRUMP","REPUBLICAN",4205,5860,20210622,"TOTAL",0.717576791808874,"11/30/2021",48,"Custer County","MT",40.5,4623,4622,46.9,4470,49.4,1768,74.9,95.7,5181,45.4,5148,52.2,4947,54.7,1873,79.4,"B",7,7,7,8,"Non-metro",7,7,7,8
"1754",2020,"MONTANA","MT","DANIELS",30019,"US PRESIDENT","DONALD J TRUMP","REPUBLICAN",799,1014,20210622,"TOTAL",0.787968441814596,"11/30/2021",48,"Daniels County","MT",39.4,666,666,45.8,644,48.1,287,60,95.7,713,42.2,713,49,687,51.3,300,62.8,"A",2,3,3,3,"Non-metro",6,7,7,7
"1755",2020,"MONTANA","MT","DAWSON",30021,"US PRESIDENT","DONALD J TRUMP","REPUBLICAN",3758,4825,20210622,"TOTAL",0.778860103626943,"11/30/2021",48,"Dawson County","MT",35.7,3072,3072,41.5,3018,44.6,1252,71.2,95.7,3327,38.6,3325,44.9,3251,48,1317,74.9,"A",2,3,3,4,"Non-metro",6,7,7,8
"1756",2020,"MONTANA","MT","DEER LODGE",30023,"US PRESIDENT","DONALD J TRUMP","REPUBLICAN",2186,4891,20210622,"TOTAL",0.446943365364956,"11/30/2021",48,"Deer Lodge County","MT",54.3,4965,4954,59.2,4665,59.1,1894,84.5,95.7,5363,58.7,5279,63,4955,62.8,1976,88.1,"B",8,8,8,8,"Non-metro",8,8,8,8
"1757",2020,"MONTANA","MT","FALLON",30025,"US PRESIDENT","DONALD J TRUMP","REPUBLICAN",1375,1575,20210622,"TOTAL",0.873015873015873,"11/30/2021",48,"Fallon County","MT",31.3,890,890,38.2,860,41.6,347,71.7,95.7,969,34,959,41.2,920,44.5,360,74.4,"A",2,2,3,4,"Non-metro",6,6,7,8
"1758",2020,"MONTANA","MT","FERGUS",30027,"US PRESIDENT","DONALD J TRUMP","REPUBLICAN",4869,6507,20210622,"TOTAL",0.748271092669433,"11/30/2021",48,"Fergus County","MT",43.5,4804,4804,50.2,4641,52.9,2179,78.2,95.7,5324,48.2,5261,55,5086,57.9,2340,84,"A",3,4,4,4,"Non-metro",7,8,8,8
"1759",2020,"MONTANA","MT","FLATHEAD",30029,"US PRESIDENT","DONALD J TRUMP","REPUBLICAN",38321,59936,20210622,"TOTAL",0.639365323011212,"11/30/2021",48,"Flathead County","MT",38.8,40275,40269,45.3,38297,47.1,14033,66.8,95.7,46205,44.5,45635,51.3,43259,53.2,15815,75.3,"A",2,3,3,3,"Non-metro",6,7,7,7
"1760",2020,"MONTANA","MT","GALLATIN",30031,"US PRESIDENT","DONALD J TRUMP","REPUBLICAN",31696,70979,20210622,"TOTAL",0.446554614745206,"11/30/2021",48,"Gallatin County","MT",53.8,61611,61610,62.1,58437,63.6,13130,87.4,95.7,73425,64.2,72031,72.6,68192,74.2,14929,99.3,"A",4,4,4,4,"Non-metro",8,8,8,8
"1761",2020,"MONTANA","MT","GARFIELD",30033,"US PRESIDENT","DONALD J TRUMP","REPUBLICAN",764,813,20210622,"TOTAL",0.939729397293973,"11/30/2021",48,"Garfield County","MT",18.2,229,229,21.5,227,23.5,126,41.6,95.7,263,20.9,263,24.7,258,26.7,139,45.9,"A",1,1,1,2,"Non-metro",5,5,5,6
"1762",2020,"MONTANA","MT","GLACIER",30035,"US PRESIDENT","DONALD J TRUMP","REPUBLICAN",1884,5617,20210622,"TOTAL",0.335410361402884,"11/30/2021",48,"Glacier County","MT",74.1,10190,10181,94.3,8867,94,2463,99.9,95.7,14827,99.9,14174,99.9,12501,99.9,3248,99.9,"D",16,16,16,16,"Non-metro",8,8,8,8
"1763",2020,"MONTANA","MT","GOLDEN VALLEY",30037,"US PRESIDENT","DONALD J TRUMP","REPUBLICAN",414,503,20210622,"TOTAL",0.823061630218688,"11/30/2021",48,"Golden Valley County","MT",42,345,345,49.1,333,51.6,185,81.1,95.7,382,46.5,382,54.3,371,57.5,200,87.7,"A",3,3,4,4,"Metro",3,3,4,4
"1764",2020,"MONTANA","MT","GRANITE",30039,"US PRESIDENT","DONALD J TRUMP","REPUBLICAN",1419,2102,20210622,"TOTAL",0.675071360608944,"11/30/2021",48,"Granite County","MT",34.7,1174,1174,38.2,1145,39.7,505,47.3,95.7,1319,39,1317,42.9,1280,44.4,544,50.9,"A",2,2,2,2,"Non-metro",6,6,6,6
"1765",2020,"MONTANA","MT","HILL",30041,"US PRESIDENT","DONALD J TRUMP","REPUBLICAN",3957,7182,20210622,"TOTAL",0.550960735171262,"11/30/2021",48,"Hill County","MT",58.5,9651,9651,72.8,8635,72.6,2281,90.5,95.7,11387,69.1,11040,83.3,9838,82.7,2489,98.8,"C",12,12,12,12,"Non-metro",8,8,8,8
"1766",2020,"MONTANA","MT","JEFFERSON",30043,"US PRESIDENT","DONALD J TRUMP","REPUBLICAN",5345,8151,20210622,"TOTAL",0.655747761010919,"11/30/2021",48,"Jefferson County","MT",45.8,5598,5598,52.3,5300,54.5,2141,78.8,95.7,6369,52.1,6274,58.6,5948,61.1,2360,86.8,"A",3,4,4,4,"Non-metro",7,8,8,8
"1767",2020,"MONTANA","MT","JUDITH BASIN",30045,"US PRESIDENT","DONALD J TRUMP","REPUBLICAN",1040,1344,20210622,"TOTAL",0.773809523809524,"11/30/2021",48,"Judith Basin County","MT",36.7,736,736,42.1,732,45.4,377,68.4,95.7,797,39.7,792,45.3,788,48.9,389,70.6,"A",2,3,3,3,"Non-metro",6,7,7,7
"1768",2020,"MONTANA","MT","LAKE",30047,"US PRESIDENT","DONALD J TRUMP","REPUBLICAN",9322,16626,20210622,"TOTAL",0.560688078912547,"11/30/2021",48,"Lake County","MT",52.6,16017,16014,61.9,15202,65,6440,93.3,95.7,18119,59.5,17879,69.1,16849,72.1,7100,99.9,"C",12,12,12,12,"Non-metro",8,8,8,8
"1769",2020,"MONTANA","MT","LEWIS AND CLARK",30049,"US PRESIDENT","DONALD J TRUMP","REPUBLICAN",21409,42265,20210622,"TOTAL",0.506542056074766,"11/30/2021",48,"Lewis and Clark County","MT",54.3,37731,37727,63.4,35542,65.1,11650,86.5,95.7,43652,62.9,42498,71.4,40005,73.3,12910,95.8,"A",4,4,4,4,"Non-metro",8,8,8,8
"1770",2020,"MONTANA","MT","LIBERTY",30051,"US PRESIDENT","DONALD J TRUMP","REPUBLICAN",821,1083,20210622,"TOTAL",0.758079409048938,"11/30/2021",48,"Liberty County","MT",32,749,749,37,719,38.6,320,62,95.7,757,32.4,NA,0,NA,0,NA,0,"B",6,6,6,7,"Non-metro",6,6,6,7
"1771",2020,"MONTANA","MT","LINCOLN",30053,"US PRESIDENT","DONALD J TRUMP","REPUBLICAN",8672,11747,20210622,"TOTAL",0.738231037711756,"11/30/2021",48,"Lincoln County","MT",32.7,6531,6527,36.7,6339,38.6,3215,54.5,95.7,7350,36.8,7291,41,7083,43.2,3520,59.6,"B",6,6,6,7,"Non-metro",6,6,6,7
"1772",2020,"MONTANA","MT","MCCONE",30055,"US PRESIDENT","DONALD J TRUMP","REPUBLICAN",956,1128,20210622,"TOTAL",0.847517730496454,"11/30/2021",48,"McCone County","MT",17.1,285,285,19.8,277,21.1,138,30.6,95.7,290,17.4,290,20.1,280,21.3,140,31,"A",1,1,1,2,"Non-metro",5,5,5,6
"1773",2020,"MONTANA","MT","MADISON",30057,"US PRESIDENT","DONALD J TRUMP","REPUBLICAN",4191,6087,20210622,"TOTAL",0.688516510596353,"11/30/2021",48,"Madison County","MT",41.9,3603,3603,46.3,3512,48.2,1698,66.9,95.7,4055,47.2,4040,51.9,3926,53.9,1851,72.9,"A",3,3,3,3,"Non-metro",7,7,7,7
"1774",2020,"MONTANA","MT","MEAGHER",30059,"US PRESIDENT","DONALD J TRUMP","REPUBLICAN",833,1110,20210622,"TOTAL",0.75045045045045,"11/30/2021",48,"Meagher County","MT",47.3,880,880,53.7,854,56.4,367,62.3,95.7,944,50.7,933,57,902,59.6,381,64.7,"A",3,4,4,3,"Non-metro",7,8,8,7
"1775",2020,"MONTANA","MT","MINERAL",30061,"US PRESIDENT","DONALD J TRUMP","REPUBLICAN",1828,2563,20210622,"TOTAL",0.713226687475614,"11/30/2021",48,"Mineral County","MT",50.2,2206,2206,56.7,2117,58.9,977,75.2,95.7,2529,57.5,2501,64.3,2394,66.6,1081,83.2,"C",12,12,12,12,"Non-metro",8,8,8,8
"1776",2020,"MONTANA","MT","MISSOULA",30063,"US PRESIDENT","DONALD J TRUMP","REPUBLICAN",26347,71495,20210622,"TOTAL",0.368515280788866,"11/30/2021",48,"Missoula County","MT",59.6,71285,71247,67.9,67068,68.9,17239,89.2,95.7,78694,65.8,76576,73,71978,73.9,18605,96.2,"A",4,4,4,4,"Metro",4,4,4,4
"1777",2020,"MONTANA","MT","MUSSELSHELL",30065,"US PRESIDENT","DONALD J TRUMP","REPUBLICAN",2423,2881,20210622,"TOTAL",0.841027421034363,"11/30/2021",48,"Musselshell County","MT",32.1,1488,1488,36.3,1456,38.5,705,55,95.7,1648,35.6,1643,40.1,1601,42.4,741,57.8,"B",6,6,6,7,"Non-metro",6,6,6,7
"1778",2020,"MONTANA","MT","PARK",30067,"US PRESIDENT","DONALD J TRUMP","REPUBLICAN",6025,11566,20210622,"TOTAL",0.520923396161162,"11/30/2021",48,"Park County","MT",53.9,8946,8945,60.7,8578,62.3,2850,72.3,95.7,10826,65.2,10683,72.4,10195,74.1,3267,82.9,"A",4,4,4,4,"Non-metro",8,8,8,8
"1779",2020,"MONTANA","MT","PETROLEUM",30069,"US PRESIDENT","DONALD J TRUMP","REPUBLICAN",298,348,20210622,"TOTAL",0.85632183908046,"11/30/2021",48,"Petroleum County","MT",29,141,141,32.6,140,34.6,77,61.6,95.7,153,31.4,151,34.9,150,37,79,63.2,"A",1,2,2,3,"Non-metro",5,6,6,7
"1780",2020,"MONTANA","MT","PHILLIPS",30071,"US PRESIDENT","DONALD J TRUMP","REPUBLICAN",1936,2382,20210622,"TOTAL",0.812762384550798,"11/30/2021",48,"Phillips County","MT",40.9,1616,1616,48.5,1543,51.2,673,73.5,95.7,1823,46.1,1803,54.1,1714,56.8,721,78.7,"B",7,7,8,8,"Non-metro",7,7,8,8
"1781",2020,"MONTANA","MT","PONDERA",30073,"US PRESIDENT","DONALD J TRUMP","REPUBLICAN",2031,2995,20210622,"TOTAL",0.678130217028381,"11/30/2021",48,"Pondera County","MT",49.8,2943,2937,59.6,2746,61.3,997,82,95.7,3477,58.8,3424,69.4,3188,71.2,1107,91,"D",15,16,16,16,"Non-metro",7,8,8,8
"1782",2020,"MONTANA","MT","POWDER RIVER",30075,"US PRESIDENT","DONALD J TRUMP","REPUBLICAN",970,1136,20210622,"TOTAL",0.85387323943662,"11/30/2021",48,"Powder River County","MT",20.7,348,348,23,343,24.5,180,38.6,95.7,382,22.7,382,25.3,375,26.8,197,42.3,"A",1,1,1,2,"Non-metro",5,5,5,6
"1783",2020,"MONTANA","MT","POWELL",30077,"US PRESIDENT","DONALD J TRUMP","REPUBLICAN",2355,3179,20210622,"TOTAL",0.740798993394149,"11/30/2021",48,"Powell County","MT",42.7,2942,2942,47.2,2874,48.8,1094,74.7,95.7,3169,46,3162,50.8,3084,52.4,1177,80.4,"B",7,7,7,8,"Non-metro",7,7,7,8
"1784",2020,"MONTANA","MT","PRAIRIE",30079,"US PRESIDENT","DONALD J TRUMP","REPUBLICAN",603,744,20210622,"TOTAL",0.810483870967742,"11/30/2021",48,"Prairie County","MT",35.4,381,381,40.9,369,42.1,205,56.8,95.7,413,38.3,411,44.1,397,45.3,216,59.8,"A",2,3,3,3,"Non-metro",6,7,7,7
"1785",2020,"MONTANA","MT","RAVALLI",30081,"US PRESIDENT","DONALD J TRUMP","REPUBLICAN",19114,28507,20210622,"TOTAL",0.670501981969341,"11/30/2021",48,"Ravalli County","MT",45.6,19965,19962,51.6,19152,53.8,8693,74.8,95.7,22353,51,22111,57.2,21184,59.5,9474,81.5,"A",3,4,4,4,"Non-metro",7,8,8,8
"1786",2020,"MONTANA","MT","RICHLAND",30083,"US PRESIDENT","DONALD J TRUMP","REPUBLICAN",4800,5798,20210622,"TOTAL",0.827871679889617,"11/30/2021",48,"Richland County","MT",36.7,3969,3968,44.2,3846,47.4,1339,80.7,95.7,4288,39.7,4252,47.4,4103,50.6,1395,84,"A",2,3,3,4,"Non-metro",6,7,7,8
"1787",2020,"MONTANA","MT","ROOSEVELT",30085,"US PRESIDENT","DONALD J TRUMP","REPUBLICAN",1996,4017,20210622,"TOTAL",0.496888225043565,"11/30/2021",48,"Roosevelt County","MT",60.2,6625,6625,78.5,5978,81.7,1472,99.9,95.7,7783,70.7,7753,91.9,6913,94.4,1578,99.9,"D",16,16,16,16,"Non-metro",8,8,8,8
"1788",2020,"MONTANA","MT","ROSEBUD",30087,"US PRESIDENT","DONALD J TRUMP","REPUBLICAN",2486,3773,20210622,"TOTAL",0.658892128279883,"11/30/2021",48,"Rosebud County","MT",76.9,6875,6870,95.3,6066,95.3,1512,99.9,95.7,8329,93.2,8000,99.9,7002,99.9,1622,99.9,"C",12,12,12,12,"Non-metro",8,8,8,8
"1789",2020,"MONTANA","MT","SANDERS",30089,"US PRESIDENT","DONALD J TRUMP","REPUBLICAN",5660,7622,20210622,"TOTAL",0.742587247441616,"11/30/2021",48,"Sanders County","MT",36.2,4380,4380,40.7,4276,42.7,2301,58.7,95.7,4665,38.5,4660,43.3,4540,45.4,2417,61.7,"B",6,7,7,7,"Non-metro",6,7,7,7
"1790",2020,"MONTANA","MT","SHERIDAN",30091,"US PRESIDENT","DONALD J TRUMP","REPUBLICAN",1403,2030,20210622,"TOTAL",0.691133004926108,"11/30/2021",48,"Sheridan County","MT",45.8,1514,1514,53.2,1477,56.4,697,90.5,95.7,1609,48.6,1599,56.2,1549,59.1,719,93.4,"A",3,4,4,4,"Non-metro",7,8,8,8
"1791",2020,"MONTANA","MT","SILVER BOW",30093,"US PRESIDENT","DONALD J TRUMP","REPUBLICAN",7745,18658,20210622,"TOTAL",0.415103440883267,"11/30/2021",48,"Silver Bow County","MT",57.4,20053,20052,66.6,18802,67.5,6035,88.6,95.7,21954,62.9,21554,71.5,20158,72.4,6433,94.5,"C",12,12,12,12,"Non-metro",8,8,8,8
"1792",2020,"MONTANA","MT","STILLWATER",30095,"US PRESIDENT","DONALD J TRUMP","REPUBLICAN",4462,5724,20210622,"TOTAL",0.779524807826695,"11/30/2021",48,"Stillwater County","MT",39.5,3809,3808,45.2,3720,48.9,1713,75.5,95.7,4219,43.8,4204,49.9,4100,53.9,1850,81.6,"A",2,3,3,4,"Non-metro",6,7,7,8
"1793",2020,"MONTANA","MT","SWEET GRASS",30097,"US PRESIDENT","DONALD J TRUMP","REPUBLICAN",1840,2446,20210622,"TOTAL",0.752248569092396,"11/30/2021",48,"Sweet Grass County","MT",38.2,1426,1426,43.6,1372,46.2,654,63.8,95.7,1534,41,1530,46.7,1474,49.6,689,67.2,"A",2,3,3,3,"Non-metro",6,7,7,7
"1794",2020,"MONTANA","MT","TETON",30099,"US PRESIDENT","DONALD J TRUMP","REPUBLICAN",2608,3679,20210622,"TOTAL",0.708888284860016,"11/30/2021",48,"Teton County","MT",38.5,2369,2369,45.9,2277,49,1021,71.5,95.7,2758,44.9,2738,53.1,2624,56.4,1150,80.6,"B",6,7,7,8,"Non-metro",6,7,7,8
"1795",2020,"MONTANA","MT","TOOLE",30101,"US PRESIDENT","DONALD J TRUMP","REPUBLICAN",1596,2119,20210622,"TOTAL",0.753185464841907,"11/30/2021",48,"Toole County","MT",42.7,2021,2020,49.8,1959,52.2,634,68.8,95.7,2154,45.5,2146,52.9,2075,55.3,661,71.8,"B",7,7,8,7,"Non-metro",7,7,8,7
"1796",2020,"MONTANA","MT","TREASURE",30103,"US PRESIDENT","DONALD J TRUMP","REPUBLICAN",373,460,20210622,"TOTAL",0.810869565217391,"11/30/2021",48,"Treasure County","MT",44.4,309,309,52.9,308,56.1,168,83.6,95.7,347,49.9,345,59.1,342,62.3,178,88.6,"A",3,4,4,4,"Non-metro",7,8,8,8
"1797",2020,"MONTANA","MT","VALLEY",30105,"US PRESIDENT","DONALD J TRUMP","REPUBLICAN",3135,4261,20210622,"TOTAL",0.735742783384182,"11/30/2021",48,"Valley County","MT",42.9,3175,3174,50.3,3071,53.6,1252,71.3,95.7,3466,46.9,3448,54.6,3317,57.9,1295,73.7,"A",3,4,4,4,"Non-metro",7,8,8,8
"1798",2020,"MONTANA","MT","WHEATLAND",30107,"US PRESIDENT","DONALD J TRUMP","REPUBLICAN",823,1068,20210622,"TOTAL",0.77059925093633,"11/30/2021",48,"Wheatland County","MT",33.3,707,707,38.8,700,41.8,349,64.5,95.7,768,36.1,765,42,754,45.1,359,66.4,"C",10,10,11,11,"Non-metro",6,6,7,7
"1799",2020,"MONTANA","MT","WIBAUX",30109,"US PRESIDENT","DONALD J TRUMP","REPUBLICAN",516,598,20210622,"TOTAL",0.862876254180602,"11/30/2021",48,"Wibaux County","MT",26.3,255,255,30.6,251,32.5,135,54,95.7,285,29.4,285,34.2,281,36.4,146,58.4,"B",5,6,6,7,"Non-metro",5,6,6,7
"1800",2020,"MONTANA","MT","YELLOWSTONE",30111,"US PRESIDENT","DONALD J TRUMP","REPUBLICAN",50772,83821,20210622,"TOTAL",0.605719330478042,"11/30/2021",48,"Yellowstone County","MT",47.6,76799,76787,56.3,72460,58.6,23890,85.1,95.7,86496,53.6,85397,62.6,80292,64.9,25611,91.2,"A",3,4,4,4,"Metro",3,4,4,4
"1801",2020,"NEBRASKA","NE","ADAMS",31001,"US PRESIDENT","DONALD J TRUMP","REPUBLICAN",10085,14602,20210622,"TOTAL",0.690658813861115,"11/30/2021",48,"Adams County","NE",38.8,12175,12173,45.9,11551,48.1,3852,65.1,89.9,NA,0,NA,0,NA,0,NA,0,"B",6,7,7,7,"Non-metro",6,7,7,7
"1802",2020,"NEBRASKA","NE","ANTELOPE",31003,"US PRESIDENT","DONALD J TRUMP","REPUBLICAN",3093,3583,20210622,"TOTAL",0.863243092380687,"11/30/2021",48,"Antelope County","NE",34.9,2198,2198,41.5,2124,44.1,921,60.8,89.9,NA,0,NA,0,NA,0,NA,0,"A",2,3,3,3,"Non-metro",6,7,7,7
"1803",2020,"NEBRASKA","NE","ARTHUR",31005,"US PRESIDENT","DONALD J TRUMP","REPUBLICAN",260,284,20210622,"TOTAL",0.915492957746479,"11/30/2021",48,"Arthur County","NE",17.7,82,82,21.1,80,23.1,40,40.4,89.9,NA,0,NA,0,NA,0,NA,0,"A",1,1,1,2,"Non-metro",5,5,5,6
"1804",2020,"NEBRASKA","NE","BANNER",31007,"US PRESIDENT","DONALD J TRUMP","REPUBLICAN",362,410,20210622,"TOTAL",0.882926829268293,"11/30/2021",48,"Banner County","NE",28.5,212,212,34.5,202,35.9,71,39.7,89.9,NA,0,NA,0,NA,0,NA,0,"A",1,2,2,2,"Non-metro",5,6,6,6
"1805",2020,"NEBRASKA","NE","BLAINE",31009,"US PRESIDENT","DONALD J TRUMP","REPUBLICAN",280,317,20210622,"TOTAL",0.883280757097792,"11/30/2021",48,"Blaine County","NE",24.5,114,114,28.1,110,29,38,30.4,89.9,NA,0,NA,0,NA,0,NA,0,"A",1,1,1,2,"Non-metro",5,5,5,6
"1806",2020,"NEBRASKA","NE","BOONE",31011,"US PRESIDENT","DONALD J TRUMP","REPUBLICAN",2653,3217,20210622,"TOTAL",0.824681380167858,"11/30/2021",48,"Boone County","NE",46.4,2408,2407,54.8,2347,58.8,949,78,89.9,NA,0,NA,0,NA,0,NA,0,"A",3,4,4,4,"Non-metro",7,8,8,8
"1807",2020,"NEBRASKA","NE","BOX BUTTE",31013,"US PRESIDENT","DONALD J TRUMP","REPUBLICAN",4002,5181,20210622,"TOTAL",0.772437753329473,"11/30/2021",48,"Box Butte County","NE",30,3236,3232,36.2,3073,38.2,1068,51.2,89.9,NA,0,NA,0,NA,0,NA,0,"B",6,6,6,7,"Non-metro",6,6,6,7
"1808",2020,"NEBRASKA","NE","BOYD",31015,"US PRESIDENT","DONALD J TRUMP","REPUBLICAN",1010,1153,20210622,"TOTAL",0.875975715524718,"11/30/2021",48,"Boyd County","NE",32.7,627,627,37.3,612,39.1,290,48.7,89.9,NA,0,NA,0,NA,0,NA,0,"A",2,2,2,2,"Non-metro",6,6,6,6
"1809",2020,"NEBRASKA","NE","BROWN",31017,"US PRESIDENT","DONALD J TRUMP","REPUBLICAN",1470,1679,20210622,"TOTAL",0.87552114353782,"11/30/2021",48,"Brown County","NE",33.8,999,999,38.8,972,41.9,440,55.1,89.9,1053,35.6,NA,0,NA,0,NA,0,"A",2,2,3,3,"Non-metro",6,6,7,7
"1810",2020,"NEBRASKA","NE","BUFFALO",31019,"US PRESIDENT","DONALD J TRUMP","REPUBLICAN",16640,23589,20210622,"TOTAL",0.70541354020942,"11/30/2021",48,"Buffalo County","NE",37.4,18585,18572,44.4,17303,45.4,3874,51.8,89.9,NA,0,NA,0,NA,0,NA,0,"B",6,7,7,7,"Non-metro",6,7,7,7
"1811",2020,"NEBRASKA","NE","BURT",31021,"US PRESIDENT","DONALD J TRUMP","REPUBLICAN",2580,3731,20210622,"TOTAL",0.691503618332887,"11/30/2021",48,"Burt County","NE",53.8,3472,3472,62.7,3260,65.1,1317,83.7,89.9,NA,0,NA,0,NA,0,NA,0,"B",8,8,8,8,"Non-metro",8,8,8,8
"1812",2020,"NEBRASKA","NE","BUTLER",31023,"US PRESIDENT","DONALD J TRUMP","REPUBLICAN",3542,4498,20210622,"TOTAL",0.787461093819475,"11/30/2021",48,"Butler County","NE",47,3764,3762,55.1,3587,58.1,1361,79.7,89.9,3780,47.2,NA,0,NA,0,NA,0,"A",3,4,4,4,"Non-metro",7,8,8,8
"1813",2020,"NEBRASKA","NE","CASS",31025,"US PRESIDENT","DONALD J TRUMP","REPUBLICAN",10121,15284,20210622,"TOTAL",0.66219576027218,"11/30/2021",48,"Cass County","NE",54.2,14222,14212,63.6,13172,65.6,4112,86.5,89.9,15475,59,15089,67.6,13951,69.4,4204,88.4,"A",4,4,4,4,"Metro",4,4,4,4
"1814",2020,"NEBRASKA","NE","CEDAR",31027,"US PRESIDENT","DONALD J TRUMP","REPUBLICAN",4174,4996,20210622,"TOTAL",0.83546837469976,"11/30/2021",48,"Cedar County","NE",38.5,3238,3236,46.1,3140,50,1276,69,89.9,NA,0,NA,0,NA,0,NA,0,"A",2,3,4,3,"Non-metro",6,7,8,7
"1815",2020,"NEBRASKA","NE","CHASE",31029,"US PRESIDENT","DONALD J TRUMP","REPUBLICAN",1740,1993,20210622,"TOTAL",0.873055694932263,"11/30/2021",48,"Chase County","NE",30.4,1194,1194,36.1,1144,38.8,397,47.6,89.9,NA,0,NA,0,NA,0,NA,0,"A",2,2,2,2,"Non-metro",6,6,6,6
"1816",2020,"NEBRASKA","NE","CHERRY",31031,"US PRESIDENT","DONALD J TRUMP","REPUBLICAN",2844,3265,20210622,"TOTAL",0.871056661562021,"11/30/2021",48,"Cherry County","NE",31.7,1801,1801,37.6,1742,40,809,64.2,89.9,1960,34.5,1935,40.4,1859,42.7,819,65,"A",2,2,3,3,"Non-metro",6,6,7,7
"1817",2020,"NEBRASKA","NE","CHEYENNE",31033,"US PRESIDENT","DONALD J TRUMP","REPUBLICAN",3813,4765,20210622,"TOTAL",0.800209863588667,"11/30/2021",48,"Cheyenne County","NE",39.8,3548,3547,46.9,3442,50,1409,76.8,89.9,3732,41.9,NA,0,NA,0,NA,0,"A",2,3,4,4,"Non-metro",6,7,8,8
"1818",2020,"NEBRASKA","NE","CLAY",31035,"US PRESIDENT","DONALD J TRUMP","REPUBLICAN",2848,3558,20210622,"TOTAL",0.800449690837549,"11/30/2021",48,"Clay County","NE",39,2422,2422,46.6,2322,49.8,961,75.8,89.9,NA,0,NA,0,NA,0,NA,0,"A",2,3,3,4,"Non-metro",6,7,7,8
"1819",2020,"NEBRASKA","NE","COLFAX",31037,"US PRESIDENT","DONALD J TRUMP","REPUBLICAN",2636,3717,20210622,"TOTAL",0.709174065106268,"11/30/2021",48,"Colfax County","NE",41.7,4468,4467,52.1,4237,56.1,1085,73.2,89.9,4792,44.7,NA,0,NA,0,NA,0,"C",11,12,12,12,"Non-metro",7,8,8,8
"1820",2020,"NEBRASKA","NE","CUMING",31039,"US PRESIDENT","DONALD J TRUMP","REPUBLICAN",3507,4451,20210622,"TOTAL",0.787912828577848,"11/30/2021",48,"Cuming County","NE",48.7,4306,4306,57.7,4025,60.1,1326,67,89.9,NA,0,NA,0,NA,0,NA,0,"A",3,4,4,3,"Non-metro",7,8,8,7
"1821",2020,"NEBRASKA","NE","CUSTER",31041,"US PRESIDENT","DONALD J TRUMP","REPUBLICAN",5090,5993,20210622,"TOTAL",0.849324211580177,"11/30/2021",48,"Custer County","NE",35.8,3855,3855,42.5,3728,45.6,1683,68.7,89.9,3897,36.2,NA,0,NA,0,NA,0,"A",2,3,3,3,"Non-metro",6,7,7,7
"1822",2020,"NEBRASKA","NE","DAKOTA",31043,"US PRESIDENT","DONALD J TRUMP","REPUBLICAN",3926,6794,20210622,"TOTAL",0.577862820135414,"11/30/2021",48,"Dakota County","NE",58.3,11672,11670,73,10963,77.2,2496,89.6,89.9,12692,63.4,12606,78.8,11790,83.1,2566,92.1,"D",16,16,16,16,"Metro",4,4,4,4
"1823",2020,"NEBRASKA","NE","DAWES",31045,"US PRESIDENT","DONALD J TRUMP","REPUBLICAN",2931,4121,20210622,"TOTAL",0.711235137102645,"11/30/2021",48,"Dawes County","NE",35.3,3028,3015,39.6,2863,40.4,929,56.8,89.9,NA,0,NA,0,NA,0,NA,0,"A",2,2,3,3,"Non-metro",6,6,7,7
"1824",2020,"NEBRASKA","NE","DAWSON",31047,"US PRESIDENT","DONALD J TRUMP","REPUBLICAN",6524,9178,20210622,"TOTAL",0.710830246241011,"11/30/2021",48,"Dawson County","NE",43.8,10335,10267,53,9373,54.5,2214,54.7,89.9,10463,44.3,NA,0,NA,0,NA,0,"D",15,16,16,15,"Non-metro",7,8,8,7
"1825",2020,"NEBRASKA","NE","DEUEL",31049,"US PRESIDENT","DONALD J TRUMP","REPUBLICAN",871,1032,20210622,"TOTAL",0.843992248062015,"11/30/2021",48,"Deuel County","NE",31.8,571,571,36.8,557,39.7,268,63.8,89.9,NA,0,NA,0,NA,0,NA,0,"A",2,2,2,3,"Non-metro",6,6,6,7
"1826",2020,"NEBRASKA","NE","DIXON",31051,"US PRESIDENT","DONALD J TRUMP","REPUBLICAN",2335,3083,20210622,"TOTAL",0.757379176127149,"11/30/2021",48,"Dixon County","NE",40,2256,2256,48.2,2158,51.5,696,59.6,89.9,NA,0,NA,0,NA,0,NA,0,"B",7,7,8,7,"Metro",3,3,4,3
"1827",2020,"NEBRASKA","NE","DODGE",31053,"US PRESIDENT","DONALD J TRUMP","REPUBLICAN",10984,16876,20210622,"TOTAL",0.65086513391799,"11/30/2021",48,"Dodge County","NE",48.7,17799,17791,57.9,16594,59.8,5183,73,89.9,NA,0,NA,0,NA,0,NA,0,"C",11,12,12,12,"Non-metro",7,8,8,8
"1828",2020,"NEBRASKA","NE","DOUGLAS",31055,"US PRESIDENT","DONALD J TRUMP","REPUBLICAN",119159,274951,20210622,"TOTAL",0.433382675458536,"11/30/2021",48,"Douglas County","NE",59.2,338467,337971,71.5,309198,72.6,69307,90.3,89.9,372081,65.1,359605,76.1,327595,77,70668,92.1,"B",8,8,8,8,"Metro",4,4,4,4
"1829",2020,"NEBRASKA","NE","DUNDY",31057,"US PRESIDENT","DONALD J TRUMP","REPUBLICAN",883,999,20210622,"TOTAL",0.883883883883884,"11/30/2021",48,"Dundy County","NE",33.8,572,572,38.2,566,40.8,282,63.7,89.9,631,37.3,631,42.2,618,44.6,297,67,"B",6,6,7,7,"Non-metro",6,6,7,7
"1830",2020,"NEBRASKA","NE","FILLMORE",31059,"US PRESIDENT","DONALD J TRUMP","REPUBLICAN",2359,3134,20210622,"TOTAL",0.75271218889598,"11/30/2021",48,"Fillmore County","NE",49.3,2692,2692,56.3,2590,59.2,1069,84.6,89.9,NA,0,NA,0,NA,0,NA,0,"A",3,4,4,4,"Non-metro",7,8,8,8
"1831",2020,"NEBRASKA","NE","FRANKLIN",31061,"US PRESIDENT","DONALD J TRUMP","REPUBLICAN",1437,1724,20210622,"TOTAL",0.833526682134571,"11/30/2021",48,"Franklin County","NE",36.3,1081,1081,42,1036,43.5,435,51.6,89.9,NA,0,NA,0,NA,0,NA,0,"A",2,3,3,3,"Non-metro",6,7,7,7
"1832",2020,"NEBRASKA","NE","FRONTIER",31063,"US PRESIDENT","DONALD J TRUMP","REPUBLICAN",1229,1440,20210622,"TOTAL",0.853472222222222,"11/30/2021",48,"Frontier County","NE",25,657,657,28.6,646,30.4,250,39.4,89.9,NA,0,NA,0,NA,0,NA,0,"A",1,1,2,2,"Non-metro",5,5,6,6
"1833",2020,"NEBRASKA","NE","FURNAS",31065,"US PRESIDENT","DONALD J TRUMP","REPUBLICAN",2163,2601,20210622,"TOTAL",0.831603229527105,"11/30/2021",48,"Furnas County","NE",40.5,1892,1892,46.9,1809,49.7,815,68.8,89.9,NA,0,NA,0,NA,0,NA,0,"A",3,3,3,3,"Non-metro",7,7,7,7
"1834",2020,"NEBRASKA","NE","GAGE",31067,"US PRESIDENT","DONALD J TRUMP","REPUBLICAN",7445,11068,20210622,"TOTAL",0.672659920491507,"11/30/2021",48,"Gage County","NE",40.1,8618,8613,47.1,8076,48.6,3198,70.3,89.9,NA,0,NA,0,NA,0,NA,0,"A",3,3,3,4,"Non-metro",7,7,7,8
"1835",2020,"NEBRASKA","NE","GARDEN",31069,"US PRESIDENT","DONALD J TRUMP","REPUBLICAN",1016,1195,20210622,"TOTAL",0.85020920502092,"11/30/2021",48,"Garden County","NE",42.8,787,787,49,766,51.6,380,71.4,89.9,NA,0,NA,0,NA,0,NA,0,"A",3,3,4,4,"Non-metro",7,7,8,8
"1836",2020,"NEBRASKA","NE","GARFIELD",31071,"US PRESIDENT","DONALD J TRUMP","REPUBLICAN",933,1075,20210622,"TOTAL",0.867906976744186,"11/30/2021",48,"Garfield County","NE",27.8,548,548,31.4,532,33,257,44.7,89.9,NA,0,NA,0,NA,0,NA,0,"A",1,2,2,2,"Non-metro",5,6,6,6
"1837",2020,"NEBRASKA","NE","GOSPER",31073,"US PRESIDENT","DONALD J TRUMP","REPUBLICAN",893,1118,20210622,"TOTAL",0.798747763864043,"11/30/2021",48,"Gosper County","NE",36.8,733,732,42.4,705,45.1,264,54.2,89.9,NA,0,NA,0,NA,0,NA,0,"A",2,3,3,3,"Non-metro",6,7,7,7
"1838",2020,"NEBRASKA","NE","GRANT",31075,"US PRESIDENT","DONALD J TRUMP","REPUBLICAN",375,402,20210622,"TOTAL",0.932835820895522,"11/30/2021",48,"Grant County","NE",18.5,115,115,22.4,109,23.2,37,26.1,89.9,NA,0,NA,0,NA,0,NA,0,"A",1,1,1,1,"Non-metro",5,5,5,5
"1839",2020,"NEBRASKA","NE","GREELEY",31077,"US PRESIDENT","DONALD J TRUMP","REPUBLICAN",1016,1258,20210622,"TOTAL",0.807631160572337,"11/30/2021",48,"Greeley County","NE",37.6,887,887,44.5,863,47.5,352,59,89.9,NA,0,NA,0,NA,0,NA,0,"A",2,3,3,3,"Non-metro",6,7,7,7
"1840",2020,"NEBRASKA","NE","HALL",31079,"US PRESIDENT","DONALD J TRUMP","REPUBLICAN",16189,24374,20210622,"TOTAL",0.664191351440059,"11/30/2021",48,"Hall County","NE",43.4,26609,26601,53.1,24658,55.5,6280,67.8,89.9,27080,44.1,NA,0,NA,0,NA,0,"C",11,12,12,11,"Metro",3,4,4,3
"1841",2020,"NEBRASKA","NE","HAMILTON",31081,"US PRESIDENT","DONALD J TRUMP","REPUBLICAN",4309,5533,20210622,"TOTAL",0.778781854328574,"11/30/2021",48,"Hamilton County","NE",41.8,3900,3900,49.7,3646,51.5,1381,72.5,89.9,NA,0,NA,0,NA,0,NA,0,"A",3,3,4,4,"Metro",3,3,4,4
"1842",2020,"NEBRASKA","NE","HARLAN",31083,"US PRESIDENT","DONALD J TRUMP","REPUBLICAN",1615,1928,20210622,"TOTAL",0.837655601659751,"11/30/2021",48,"Harlan County","NE",38,1285,1284,44,1221,45.7,583,63.2,89.9,1300,38.5,NA,0,NA,0,NA,0,"A",2,3,3,3,"Non-metro",6,7,7,7
"1843",2020,"NEBRASKA","NE","HAYES",31085,"US PRESIDENT","DONALD J TRUMP","REPUBLICAN",494,534,20210622,"TOTAL",0.925093632958802,"11/30/2021",48,"Hayes County","NE",22.8,210,210,27.3,204,28.9,83,32.2,89.9,210,22.8,210,27.3,205,29,84,32.6,"A",1,1,1,2,"Non-metro",5,5,5,6
"1844",2020,"NEBRASKA","NE","HITCHCOCK",31087,"US PRESIDENT","DONALD J TRUMP","REPUBLICAN",1264,1469,20210622,"TOTAL",0.860449285228046,"11/30/2021",48,"Hitchcock County","NE",31.4,868,868,36.7,849,39.8,432,59.1,89.9,NA,0,NA,0,NA,0,NA,0,"A",2,2,2,3,"Non-metro",6,6,6,7
"1845",2020,"NEBRASKA","NE","HOLT",31089,"US PRESIDENT","DONALD J TRUMP","REPUBLICAN",4769,5537,20210622,"TOTAL",0.861296731081813,"11/30/2021",48,"Holt County","NE",39.2,3943,3942,47.2,3742,49.8,1454,65.7,89.9,NA,0,NA,0,NA,0,NA,0,"A",2,3,3,3,"Non-metro",6,7,7,7
"1846",2020,"NEBRASKA","NE","HOOKER",31091,"US PRESIDENT","DONALD J TRUMP","REPUBLICAN",376,442,20210622,"TOTAL",0.850678733031674,"11/30/2021",48,"Hooker County","NE",40,273,273,46.3,265,49.2,147,69.7,89.9,NA,0,NA,0,NA,0,NA,0,"A",3,3,3,3,"Non-metro",7,7,7,7
"1847",2020,"NEBRASKA","NE","HOWARD",31093,"US PRESIDENT","DONALD J TRUMP","REPUBLICAN",2786,3501,20210622,"TOTAL",0.795772636389603,"11/30/2021",48,"Howard County","NE",39.7,2557,2553,47,2445,50,1001,71.8,89.9,NA,0,NA,0,NA,0,NA,0,"A",2,3,4,4,"Metro",2,3,4,4
"1848",2020,"NEBRASKA","NE","JEFFERSON",31095,"US PRESIDENT","DONALD J TRUMP","REPUBLICAN",2616,3716,20210622,"TOTAL",0.703982777179763,"11/30/2021",48,"Jefferson County","NE",51.2,3608,3607,59.5,3455,62.5,1447,83.9,89.9,3708,52.6,NA,0,NA,0,NA,0,"A",4,4,4,4,"Non-metro",8,8,8,8
"1849",2020,"NEBRASKA","NE","JOHNSON",31097,"US PRESIDENT","DONALD J TRUMP","REPUBLICAN",1518,2229,20210622,"TOTAL",0.681022880215343,"11/30/2021",48,"Johnson County","NE",50.5,2561,2560,57.3,2452,59.5,733,76,89.9,2599,51.3,NA,0,NA,0,NA,0,"C",12,12,12,12,"Non-metro",8,8,8,8
"1850",2020,"NEBRASKA","NE","KEARNEY",31099,"US PRESIDENT","DONALD J TRUMP","REPUBLICAN",2822,3604,20210622,"TOTAL",0.783018867924528,"11/30/2021",48,"Kearney County","NE",43.6,2831,2831,51.7,2628,53.8,893,69.4,89.9,2883,44.4,NA,0,NA,0,NA,0,"A",3,4,4,3,"Non-metro",7,8,8,7
"1851",2020,"NEBRASKA","NE","KEITH",31101,"US PRESIDENT","DONALD J TRUMP","REPUBLICAN",3544,4364,20210622,"TOTAL",0.812098991750687,"11/30/2021",48,"Keith County","NE",34.1,2743,2741,39.2,2629,41.2,1144,52.5,89.9,NA,0,NA,0,NA,0,NA,0,"A",2,2,3,3,"Non-metro",6,6,7,7
"1852",2020,"NEBRASKA","NE","KEYA PAHA",31103,"US PRESIDENT","DONALD J TRUMP","REPUBLICAN",476,529,20210622,"TOTAL",0.899810964083176,"11/30/2021",48,"Keya Paha County","NE",27,218,218,30.2,214,32.5,110,41.8,89.9,228,28.3,227,31.4,221,33.5,112,42.6,"A",1,2,2,2,"Non-metro",5,6,6,6
"1853",2020,"NEBRASKA","NE","KIMBALL",31105,"US PRESIDENT","DONALD J TRUMP","REPUBLICAN",1563,1874,20210622,"TOTAL",0.834044823906083,"11/30/2021",48,"Kimball County","NE",32.9,1195,1195,38.3,1156,40.3,542,59.9,89.9,NA,0,NA,0,NA,0,NA,0,"C",10,10,11,11,"Non-metro",6,6,7,7
"1854",2020,"NEBRASKA","NE","KNOX",31107,"US PRESIDENT","DONALD J TRUMP","REPUBLICAN",3721,4697,20210622,"TOTAL",0.792207792207792,"11/30/2021",48,"Knox County","NE",45.9,3824,3824,54.5,3658,58,1366,64.6,89.9,NA,0,NA,0,NA,0,NA,0,"B",7,8,8,7,"Non-metro",7,8,8,7
"1855",2020,"NEBRASKA","NE","LANCASTER",31109,"US PRESIDENT","DONALD J TRUMP","REPUBLICAN",70092,156091,20210622,"TOTAL",0.449045748954136,"11/30/2021",48,"Lancaster County","NE",60.9,194202,194028,71.6,178625,72.3,42934,93.5,89.9,211817,66.4,205183,75.7,188572,76.4,44015,95.9,"B",8,8,8,8,"Metro",4,4,4,4
"1856",2020,"NEBRASKA","NE","LINCOLN",31111,"US PRESIDENT","DONALD J TRUMP","REPUBLICAN",13071,17107,20210622,"TOTAL",0.764073186414918,"11/30/2021",48,"Lincoln County","NE",29.8,10388,10384,35,9798,36.6,3597,51.3,89.9,NA,0,NA,0,NA,0,NA,0,"B",5,6,6,7,"Non-metro",5,6,6,7
"1857",2020,"NEBRASKA","NE","LOGAN",31113,"US PRESIDENT","DONALD J TRUMP","REPUBLICAN",407,450,20210622,"TOTAL",0.904444444444444,"11/30/2021",48,"Logan County","NE",20.2,151,151,23.4,142,24.8,73,43.2,89.9,NA,0,NA,0,NA,0,NA,0,"A",1,1,1,2,"Non-metro",5,5,5,6
"1858",2020,"NEBRASKA","NE","LOUP",31115,"US PRESIDENT","DONALD J TRUMP","REPUBLICAN",370,454,20210622,"TOTAL",0.814977973568282,"11/30/2021",48,"Loup County","NE",28,186,186,32.5,177,33.7,71,40.8,89.9,NA,0,NA,0,NA,0,NA,0,"A",1,2,2,2,"Non-metro",5,6,6,6
"1859",2020,"NEBRASKA","NE","MCPHERSON",31117,"US PRESIDENT","DONALD J TRUMP","REPUBLICAN",275,302,20210622,"TOTAL",0.910596026490066,"11/30/2021",48,"McPherson County","NE",13.2,65,65,14.4,65,16.1,38,31.9,89.9,NA,0,NA,0,NA,0,NA,0,"A",1,1,1,2,"Non-metro",5,5,5,6
"1860",2020,"NEBRASKA","NE","MADISON",31119,"US PRESIDENT","DONALD J TRUMP","REPUBLICAN",11940,15765,20210622,"TOTAL",0.757373929590866,"11/30/2021",48,"Madison County","NE",42.1,14788,14784,51,14039,53.7,4428,77.8,89.9,NA,0,NA,0,NA,0,NA,0,"C",11,12,12,12,"Non-metro",7,8,8,8
"1861",2020,"NEBRASKA","NE","MERRICK",31121,"US PRESIDENT","DONALD J TRUMP","REPUBLICAN",3419,4257,20210622,"TOTAL",0.803147756636129,"11/30/2021",48,"Merrick County","NE",40.1,3108,3106,46.8,2959,49.2,1166,72.5,89.9,3235,41.7,NA,0,NA,0,NA,0,"A",3,3,3,4,"Metro",3,3,3,4
"1862",2020,"NEBRASKA","NE","MORRILL",31123,"US PRESIDENT","DONALD J TRUMP","REPUBLICAN",2113,2557,20210622,"TOTAL",0.826359014470082,"11/30/2021",48,"Morrill County","NE",32.4,1502,1502,37.8,1452,40.3,592,58.9,89.9,1576,34,NA,0,NA,0,NA,0,"B",6,6,7,7,"Non-metro",6,6,7,7
"1863",2020,"NEBRASKA","NE","NANCE",31125,"US PRESIDENT","DONALD J TRUMP","REPUBLICAN",1437,1828,20210622,"TOTAL",0.786105032822757,"11/30/2021",48,"Nance County","NE",27.2,957,956,31.6,932,34,341,44.5,89.9,NA,0,NA,0,NA,0,NA,0,"A",1,2,2,2,"Non-metro",5,6,6,6
"1864",2020,"NEBRASKA","NE","NEMAHA",31127,"US PRESIDENT","DONALD J TRUMP","REPUBLICAN",2428,3423,20210622,"TOTAL",0.709319310546304,"11/30/2021",48,"Nemaha County","NE",46.1,3212,3208,54.4,3031,56,1086,76.5,89.9,3247,46.6,NA,0,NA,0,NA,0,"A",3,4,4,4,"Non-metro",7,8,8,8
"1865",2020,"NEBRASKA","NE","NUCKOLLS",31129,"US PRESIDENT","DONALD J TRUMP","REPUBLICAN",1857,2303,20210622,"TOTAL",0.806339557099435,"11/30/2021",48,"Nuckolls County","NE",46.5,1929,1929,53,1883,56.5,881,78,89.9,1950,47,NA,0,NA,0,NA,0,"A",3,4,4,4,"Non-metro",7,8,8,8
"1866",2020,"NEBRASKA","NE","OTOE",31131,"US PRESIDENT","DONALD J TRUMP","REPUBLICAN",5649,8315,20210622,"TOTAL",0.679374624173181,"11/30/2021",48,"Otoe County","NE",51.3,8211,8203,60.8,7639,62.8,2621,82.8,89.9,8422,52.6,NA,0,NA,0,NA,0,"A",4,4,4,4,"Non-metro",8,8,8,8
"1867",2020,"NEBRASKA","NE","PAWNEE",31133,"US PRESIDENT","DONALD J TRUMP","REPUBLICAN",1071,1429,20210622,"TOTAL",0.749475157452764,"11/30/2021",48,"Pawnee County","NE",41.4,1082,1082,48.5,1037,50.6,491,65.5,89.9,1087,41.6,NA,0,NA,0,NA,0,"A",3,3,4,3,"Non-metro",7,7,8,7
"1868",2020,"NEBRASKA","NE","PERKINS",31135,"US PRESIDENT","DONALD J TRUMP","REPUBLICAN",1321,1544,20210622,"TOTAL",0.855569948186529,"11/30/2021",48,"Perkins County","NE",37.3,1077,1077,44.5,1049,48.2,461,67.2,89.9,1099,38,NA,0,NA,0,NA,0,"A",2,3,3,3,"Non-metro",6,7,7,7
"1869",2020,"NEBRASKA","NE","PHELPS",31137,"US PRESIDENT","DONALD J TRUMP","REPUBLICAN",4157,5009,20210622,"TOTAL",0.829906168895987,"11/30/2021",48,"Phelps County","NE",36.1,3265,3263,42.7,3111,45.1,1217,63.6,89.9,NA,0,NA,0,NA,0,NA,0,"A",2,3,3,3,"Non-metro",6,7,7,7
"1870",2020,"NEBRASKA","NE","PIERCE",31139,"US PRESIDENT","DONALD J TRUMP","REPUBLICAN",3462,4006,20210622,"TOTAL",0.864203694458313,"11/30/2021",48,"Pierce County","NE",35.1,2507,2507,42,2424,45.3,913,65.1,89.9,2510,35.1,NA,0,NA,0,NA,0,"A",2,3,3,3,"Non-metro",6,7,7,7
"1871",2020,"NEBRASKA","NE","PLATTE",31141,"US PRESIDENT","DONALD J TRUMP","REPUBLICAN",12186,15673,20210622,"TOTAL",0.777515472468577,"11/30/2021",48,"Platte County","NE",42.5,14234,14233,51.7,13539,54.9,3952,66.9,89.9,NA,0,NA,0,NA,0,NA,0,"B",7,8,8,7,"Non-metro",7,8,8,7
"1872",2020,"NEBRASKA","NE","POLK",31143,"US PRESIDENT","DONALD J TRUMP","REPUBLICAN",2291,2879,20210622,"TOTAL",0.795762417506078,"11/30/2021",48,"Polk County","NE",38.6,2012,2012,44.8,1933,47.8,781,63.4,89.9,NA,0,NA,0,NA,0,NA,0,"A",2,3,3,3,"Non-metro",6,7,7,7
"1873",2020,"NEBRASKA","NE","RED WILLOW",31145,"US PRESIDENT","DONALD J TRUMP","REPUBLICAN",4525,5452,20210622,"TOTAL",0.829970652971387,"11/30/2021",48,"Red Willow County","NE",34.2,3670,3670,40.1,3526,42.2,1340,59.3,89.9,NA,0,NA,0,NA,0,NA,0,"A",2,3,3,3,"Non-metro",6,7,7,7
"1874",2020,"NEBRASKA","NE","RICHARDSON",31147,"US PRESIDENT","DONALD J TRUMP","REPUBLICAN",3073,4126,20210622,"TOTAL",0.744789142026176,"11/30/2021",48,"Richardson County","NE",47.6,3744,3744,55.4,3573,57.8,1469,75.1,89.9,3915,49.8,NA,0,NA,0,NA,0,"A",3,4,4,4,"Non-metro",7,8,8,8
"1875",2020,"NEBRASKA","NE","ROCK",31149,"US PRESIDENT","DONALD J TRUMP","REPUBLICAN",744,841,20210622,"TOTAL",0.884661117717004,"11/30/2021",48,"Rock County","NE",33.8,459,459,39.1,435,40.7,172,47.5,89.9,NA,0,NA,0,NA,0,NA,0,"A",2,2,3,2,"Non-metro",6,6,7,6
"1876",2020,"NEBRASKA","NE","SALINE",31151,"US PRESIDENT","DONALD J TRUMP","REPUBLICAN",3631,5770,20210622,"TOTAL",0.629289428076257,"11/30/2021",48,"Saline County","NE",47.1,6704,6690,56.7,6159,58.4,1785,81.6,89.9,NA,0,NA,0,NA,0,NA,0,"C",11,12,12,12,"Non-metro",7,8,8,8
"1877",2020,"NEBRASKA","NE","SARPY",31153,"US PRESIDENT","DONALD J TRUMP","REPUBLICAN",51979,95673,20210622,"TOTAL",0.543298527275198,"11/30/2021",48,"Sarpy County","NE",57.7,108105,107903,70.3,97278,71.4,20842,92,89.9,118659,63.4,NA,0,NA,0,NA,0,"A",4,4,4,4,"Metro",4,4,4,4
"1878",2020,"NEBRASKA","NE","SAUNDERS",31155,"US PRESIDENT","DONALD J TRUMP","REPUBLICAN",9108,12735,20210622,"TOTAL",0.715194346289753,"11/30/2021",48,"Saunders County","NE",47.7,10298,10297,56.8,9573,58.7,3095,75.8,89.9,10474,48.5,NA,0,NA,0,NA,0,"A",3,4,4,4,"Metro",3,4,4,4
"1879",2020,"NEBRASKA","NE","SCOTTS BLUFF",31157,"US PRESIDENT","DONALD J TRUMP","REPUBLICAN",10952,15469,20210622,"TOTAL",0.707996638438167,"11/30/2021",48,"Scotts Bluff County","NE",37.5,13355,13345,44.8,12510,46.7,4157,59.5,89.9,NA,0,NA,0,NA,0,NA,0,"C",10,11,11,11,"Non-metro",6,7,7,7
"1880",2020,"NEBRASKA","NE","SEWARD",31159,"US PRESIDENT","DONALD J TRUMP","REPUBLICAN",6490,9142,20210622,"TOTAL",0.709910304091009,"11/30/2021",48,"Seward County","NE",46.3,8006,7990,54.6,7476,56.6,2665,89.8,89.9,8115,47,NA,0,NA,0,NA,0,"A",3,4,4,4,"Metro",3,4,4,4
"1881",2020,"NEBRASKA","NE","SHERIDAN",31161,"US PRESIDENT","DONALD J TRUMP","REPUBLICAN",2292,2672,20210622,"TOTAL",0.857784431137725,"11/30/2021",48,"Sheridan County","NE",29.4,1543,1542,34.3,1486,36.3,632,45.1,89.9,NA,0,NA,0,NA,0,NA,0,"C",9,10,10,10,"Non-metro",5,6,6,6
"1882",2020,"NEBRASKA","NE","SHERMAN",31163,"US PRESIDENT","DONALD J TRUMP","REPUBLICAN",1322,1698,20210622,"TOTAL",0.778563015312132,"11/30/2021",48,"Sherman County","NE",37.5,1126,1126,43.3,1074,45.5,515,61.2,89.9,NA,0,NA,0,NA,0,NA,0,"A",2,3,3,3,"Non-metro",6,7,7,7
"1883",2020,"NEBRASKA","NE","SIOUX",31165,"US PRESIDENT","DONALD J TRUMP","REPUBLICAN",642,729,20210622,"TOTAL",0.880658436213992,"11/30/2021",48,"Sioux County","NE",23.2,270,270,25.8,263,27.3,127,35.7,89.9,NA,0,NA,0,NA,0,NA,0,"A",1,1,1,2,"Non-metro",5,5,5,6
"1884",2020,"NEBRASKA","NE","STANTON",31167,"US PRESIDENT","DONALD J TRUMP","REPUBLICAN",2561,3161,20210622,"TOTAL",0.810186649794369,"11/30/2021",48,"Stanton County","NE",25.8,1530,1528,30.6,1461,32.6,527,47.5,89.9,NA,0,NA,0,NA,0,NA,0,"A",1,2,2,2,"Non-metro",5,6,6,6
"1885",2020,"NEBRASKA","NE","THAYER",31169,"US PRESIDENT","DONALD J TRUMP","REPUBLICAN",2308,2980,20210622,"TOTAL",0.774496644295302,"11/30/2021",48,"Thayer County","NE",44.3,2218,2218,52.2,2123,55.3,983,76.9,89.9,NA,0,NA,0,NA,0,NA,0,"A",3,4,4,4,"Non-metro",7,8,8,8
"1886",2020,"NEBRASKA","NE","THOMAS",31171,"US PRESIDENT","DONALD J TRUMP","REPUBLICAN",377,427,20210622,"TOTAL",0.882903981264637,"11/30/2021",48,"Thomas County","NE",23.5,170,170,27.7,162,29,100,52.4,89.9,NA,0,NA,0,NA,0,NA,0,"A",1,1,1,3,"Non-metro",5,5,5,7
"1887",2020,"NEBRASKA","NE","THURSTON",31173,"US PRESIDENT","DONALD J TRUMP","REPUBLICAN",1180,2325,20210622,"TOTAL",0.50752688172043,"11/30/2021",48,"Thurston County","NE",60.8,4394,4393,80.4,3841,82.8,801,93.8,89.9,5039,69.8,NA,0,NA,0,NA,0,"D",16,16,16,16,"Non-metro",8,8,8,8
"1888",2020,"NEBRASKA","NE","VALLEY",31175,"US PRESIDENT","DONALD J TRUMP","REPUBLICAN",1901,2340,20210622,"TOTAL",0.812393162393162,"11/30/2021",48,"Valley County","NE",30.5,1270,1270,36,1224,38.2,534,49.8,89.9,NA,0,NA,0,NA,0,NA,0,"A",2,2,2,2,"Non-metro",6,6,6,6
"1889",2020,"NEBRASKA","NE","WASHINGTON",31177,"US PRESIDENT","DONALD J TRUMP","REPUBLICAN",8583,12413,20210622,"TOTAL",0.691452509465883,"11/30/2021",48,"Washington County","NE",51.2,10621,10596,60.3,9875,62.8,3192,82.6,89.9,11239,54.2,10980,62.5,10193,64.8,3249,84.1,"A",4,4,4,4,"Metro",4,4,4,4
"1890",2020,"NEBRASKA","NE","WAYNE",31179,"US PRESIDENT","DONALD J TRUMP","REPUBLICAN",3055,4200,20210622,"TOTAL",0.727380952380952,"11/30/2021",48,"Wayne County","NE",38.1,3574,3572,43.8,3343,44.3,898,57.3,89.9,NA,0,NA,0,NA,0,NA,0,"A",2,3,3,3,"Non-metro",6,7,7,7
"1891",2020,"NEBRASKA","NE","WEBSTER",31181,"US PRESIDENT","DONALD J TRUMP","REPUBLICAN",1511,1876,20210622,"TOTAL",0.80543710021322,"11/30/2021",48,"Webster County","NE",36.1,1259,1259,42.2,1217,44.6,542,66.4,89.9,NA,0,NA,0,NA,0,NA,0,"A",2,3,3,3,"Non-metro",6,7,7,7
"1892",2020,"NEBRASKA","NE","WHEELER",31183,"US PRESIDENT","DONALD J TRUMP","REPUBLICAN",438,502,20210622,"TOTAL",0.872509960159363,"11/30/2021",48,"Wheeler County","NE",29.2,229,229,33.7,224,35.4,96,43,89.9,NA,0,NA,0,NA,0,NA,0,"A",1,2,2,2,"Non-metro",5,6,6,6
"1893",2020,"NEBRASKA","NE","YORK",31185,"US PRESIDENT","DONALD J TRUMP","REPUBLICAN",5337,7143,20210622,"TOTAL",0.747165056698866,"11/30/2021",48,"York County","NE",48.7,6667,6665,57.5,6316,60.1,2259,79,89.9,6699,49,NA,0,NA,0,NA,0,"A",3,4,4,4,"Non-metro",7,8,8,8
"1894",2020,"OHIO","OH","ADAMS",39001,"US PRESIDENT","DONALD J TRUMP","REPUBLICAN",9870,12145,20210622,"TOTAL",0.812680115273775,"11/30/2021",48,"Adams County","OH",31.9,8848,8848,37.7,8469,40.1,3309,64.7,98.6,9968,36,9900,42.2,9430,44.7,3529,69,"D",14,14,15,15,"Non-metro",6,6,7,7
"1895",2020,"OHIO","OH","ALLEN",39003,"US PRESIDENT","DONALD J TRUMP","REPUBLICAN",33116,48006,20210622,"TOTAL",0.689830437861934,"11/30/2021",48,"Allen County","OH",39.7,40648,40638,46.7,39133,49.6,14447,78.1,98.6,43885,42.9,43506,50,41773,53,15073,81.4,"C",10,11,11,12,"Metro",2,3,3,4
"1896",2020,"OHIO","OH","ASHLAND",39005,"US PRESIDENT","DONALD J TRUMP","REPUBLICAN",19407,26405,20210622,"TOTAL",0.734974436659724,"11/30/2021",48,"Ashland County","OH",39.9,21351,21349,46.6,20558,49.4,7834,76.5,98.6,23289,43.5,23167,50.6,22251,53.5,8146,79.5,"B",6,7,7,8,"Non-metro",6,7,7,8
"1897",2020,"OHIO","OH","ASHTABULA",39007,"US PRESIDENT","DONALD J TRUMP","REPUBLICAN",26890,44147,20210622,"TOTAL",0.609101411194419,"11/30/2021",48,"Ashtabula County","OH",48,46655,46634,55.9,44333,58.4,16027,84,98.6,50540,52,50009,59.9,47422,62.5,16888,88.5,"D",15,16,16,16,"Non-metro",7,8,8,8
"1898",2020,"OHIO","OH","ATHENS",39009,"US PRESIDENT","DONALD J TRUMP","REPUBLICAN",10862,26059,20210622,"TOTAL",0.416823362370007,"11/30/2021",48,"Athens County","OH",47.4,30962,30947,52.2,29464,52.7,7565,84.9,98.6,33506,51.3,32749,55.2,31056,55.5,7904,88.7,"C",11,12,12,12,"Non-metro",7,8,8,8
"1899",2020,"OHIO","OH","AUGLAIZE",39011,"US PRESIDENT","DONALD J TRUMP","REPUBLICAN",20798,25777,20210622,"TOTAL",0.806843309927455,"11/30/2021",48,"Auglaize County","OH",36.6,16727,16718,43.4,16202,46.7,6705,77.6,98.6,17598,38.5,17496,45.5,16929,48.8,6937,80.2,"A",2,3,3,4,"Non-metro",6,7,7,8
"1900",2020,"OHIO","OH","BELMONT",39013,"US PRESIDENT","DONALD J TRUMP","REPUBLICAN",23560,33088,20210622,"TOTAL",0.712040618955513,"11/30/2021",48,"Belmont County","OH",42.8,28662,28649,48.7,27623,50.7,10961,76.4,98.6,31595,47.2,31434,53.4,30261,55.6,11740,81.9,"B",7,7,8,8,"Metro",3,3,4,4
"1901",2020,"OHIO","OH","BROWN",39015,"US PRESIDENT","DONALD J TRUMP","REPUBLICAN",16480,21096,20210622,"TOTAL",0.781190747061054,"11/30/2021",48,"Brown County","OH",37.5,16289,16288,44,15624,46.6,5965,74.9,98.6,17616,40.6,17502,47.2,16756,50,6265,78.6,"B",6,7,7,8,"Metro",2,3,3,4
"1902",2020,"OHIO","OH","BUTLER",39017,"US PRESIDENT","DONALD J TRUMP","REPUBLICAN",114392,186737,20210622,"TOTAL",0.612583473012847,"11/30/2021",48,"Butler County","OH",51.5,197500,197232,60.6,184023,62.6,48478,83.6,98.6,214747,56.1,210330,64.7,195704,66.6,50872,87.8,"B",8,8,8,8,"Metro",4,4,4,4
"1903",2020,"OHIO","OH","CARROLL",39019,"US PRESIDENT","DONALD J TRUMP","REPUBLICAN",10745,14212,20210622,"TOTAL",0.756051224317478,"11/30/2021",48,"Carroll County","OH",40.7,10953,10953,46.9,10553,49.6,4403,75.7,98.6,11558,42.9,11505,49.2,11069,52,4575,78.7,"A",3,3,3,4,"Metro",3,3,3,4
"1904",2020,"OHIO","OH","CHAMPAIGN",39021,"US PRESIDENT","DONALD J TRUMP","REPUBLICAN",14589,19972,20210622,"TOTAL",0.730472661726417,"11/30/2021",48,"Champaign County","OH",42,16343,16339,48.8,15719,52,5492,76.4,98.6,17533,45.1,17404,52,16713,55.3,5751,80,"B",7,7,8,8,"Non-metro",7,7,8,8
"1905",2020,"OHIO","OH","CLARK",39023,"US PRESIDENT","DONALD J TRUMP","REPUBLICAN",39032,64212,20210622,"TOTAL",0.607861458917336,"11/30/2021",48,"Clark County","OH",47.6,63815,63792,55.7,60750,58.3,21940,82.9,98.6,68600,51.2,67859,59.2,64364,61.8,22759,86,"C",11,12,12,12,"Metro",3,4,4,4
"1906",2020,"OHIO","OH","CLERMONT",39025,"US PRESIDENT","DONALD J TRUMP","REPUBLICAN",74570,110480,20210622,"TOTAL",0.674963794351919,"11/30/2021",48,"Clermont County","OH",52.2,107711,107570,61,100572,63,29588,84.8,98.6,116199,56.3,113839,64.5,106150,66.5,30970,88.7,"A",4,4,4,4,"Metro",4,4,4,4
"1907",2020,"OHIO","OH","CLINTON",39027,"US PRESIDENT","DONALD J TRUMP","REPUBLICAN",15488,20527,20210622,"TOTAL",0.754518439128952,"11/30/2021",48,"Clinton County","OH",43.1,18079,18073,50.5,17248,53.2,5954,80.8,98.6,19431,46.3,19248,53.8,18313,56.5,6183,83.9,"B",7,8,8,8,"Non-metro",7,8,8,8
"1908",2020,"OHIO","OH","COLUMBIANA",39029,"US PRESIDENT","DONALD J TRUMP","REPUBLICAN",35726,49860,20210622,"TOTAL",0.716526273565985,"11/30/2021",48,"Columbiana County","OH",45.3,46146,46134,52.1,44413,54.6,17313,80.3,98.6,49572,48.7,49301,55.7,47399,58.3,18166,84.2,"B",7,8,8,8,"Non-metro",7,8,8,8
"1909",2020,"OHIO","OH","COSHOCTON",39031,"US PRESIDENT","DONALD J TRUMP","REPUBLICAN",12325,16739,20210622,"TOTAL",0.736304438735886,"11/30/2021",48,"Coshocton County","OH",36,13160,13158,42.6,12680,45.5,5167,71.2,98.6,14042,38.4,13953,45.2,13390,48.1,5367,74,"C",10,11,11,12,"Non-metro",6,7,7,8
"1910",2020,"OHIO","OH","CRAWFORD",39033,"US PRESIDENT","DONALD J TRUMP","REPUBLICAN",15436,20686,20210622,"TOTAL",0.746205162912114,"11/30/2021",48,"Crawford County","OH",41.8,17344,17343,48.6,16776,51.6,6932,78.1,98.6,18206,43.9,18102,50.7,17459,53.7,7086,79.9,"B",7,7,8,8,"Non-metro",7,7,8,8
"1911",2020,"OHIO","OH","CUYAHOGA",39035,"US PRESIDENT","DONALD J TRUMP","REPUBLICAN",202699,625670,20210622,"TOTAL",0.323971102977608,"11/30/2021",48,"Cuyahoga County","OH",58.8,725659,724856,67.9,683340,69.7,197737,85.9,98.6,791577,64.1,774974,72.6,728885,74.3,205090,89.1,"C",12,12,12,12,"Metro",4,4,4,4
"1912",2020,"OHIO","OH","DARKE",39037,"US PRESIDENT","DONALD J TRUMP","REPUBLICAN",22004,27134,20210622,"TOTAL",0.810938306184123,"11/30/2021",48,"Darke County","OH",36.4,18598,18595,43,18019,46.2,7791,76.5,98.6,19838,38.8,19759,45.6,19110,49,8154,80,"A",2,3,3,4,"Non-metro",6,7,7,8
"1913",2020,"OHIO","OH","DEFIANCE",39039,"US PRESIDENT","DONALD J TRUMP","REPUBLICAN",13038,19381,20210622,"TOTAL",0.672720705845932,"11/30/2021",48,"Defiance County","OH",45.5,17330,17323,53.1,16506,56.1,6122,83.6,98.6,18280,48,18092,55.5,17206,58.4,6394,87.3,"A",3,4,4,4,"Non-metro",7,8,8,8
"1914",2020,"OHIO","OH","DELAWARE",39041,"US PRESIDENT","DONALD J TRUMP","REPUBLICAN",66356,126070,20210622,"TOTAL",0.526342508130404,"11/30/2021",48,"Delaware County","OH",67.3,140829,140575,80.2,126971,81.9,28297,95.6,98.6,151737,72.5,145253,82.9,130809,84.4,29241,98.8,"A",4,4,4,4,"Metro",4,4,4,4
"1915",2020,"OHIO","OH","ERIE",39043,"US PRESIDENT","DONALD J TRUMP","REPUBLICAN",22160,40335,20210622,"TOTAL",0.549398785174166,"11/30/2021",48,"Erie County","OH",55,40836,40811,63.1,39073,65.9,14591,87.1,98.6,43521,58.6,43045,66.6,41135,69.4,15083,90.1,"B",8,8,8,8,"Non-metro",8,8,8,8
"1916",2020,"OHIO","OH","FAIRFIELD",39045,"US PRESIDENT","DONALD J TRUMP","REPUBLICAN",50797,83311,20210622,"TOTAL",0.609727406945061,"11/30/2021",48,"Fairfield County","OH",52,81974,81929,61.4,76259,63.6,21813,86.1,98.6,88570,56.2,86636,64.9,80434,67.1,22890,90.3,"A",4,4,4,4,"Metro",4,4,4,4
"1917",2020,"OHIO","OH","FAYETTE",39047,"US PRESIDENT","DONALD J TRUMP","REPUBLICAN",9473,12612,20210622,"TOTAL",0.751110053916905,"11/30/2021",48,"Fayette County","OH",40,11400,11392,47.1,10894,49.8,4081,78.2,98.6,12310,43.2,12203,50.4,11647,53.3,4272,81.9,"C",11,11,11,12,"Non-metro",7,7,7,8
"1918",2020,"OHIO","OH","FRANKLIN",39049,"US PRESIDENT","DONALD J TRUMP","REPUBLICAN",211237,630577,20210622,"TOTAL",0.334990017079595,"11/30/2021",48,"Franklin County","OH",57.9,762927,762000,68.9,711697,70.4,144569,88.6,98.6,827695,62.9,804361,72.8,748986,74.1,149707,91.8,"C",12,12,12,12,"Metro",4,4,4,4
"1919",2020,"OHIO","OH","FULTON",39051,"US PRESIDENT","DONALD J TRUMP","REPUBLICAN",15731,22770,20210622,"TOTAL",0.690865173473869,"11/30/2021",48,"Fulton County","OH",48.7,20522,20518,57.4,19534,60.5,6643,85.5,98.6,22102,52.5,21860,61.1,20791,64.4,6961,89.6,"A",3,4,4,4,"Metro",3,4,4,4
"1920",2020,"OHIO","OH","GALLIA",39053,"US PRESIDENT","DONALD J TRUMP","REPUBLICAN",10645,13799,20210622,"TOTAL",0.7714327125154,"11/30/2021",48,"Gallia County","OH",41.3,12348,12344,48.6,11864,51.4,4489,77.9,98.6,13622,45.6,13508,53.2,12919,56,4693,81.4,"C",11,11,12,12,"Non-metro",7,7,8,8
"1921",2020,"OHIO","OH","GEAUGA",39055,"US PRESIDENT","DONALD J TRUMP","REPUBLICAN",34143,56021,20210622,"TOTAL",0.609467878117135,"11/30/2021",48,"Geauga County","OH",56.6,52987,52936,65.5,49593,68.4,17199,86.9,98.6,56753,60.6,55427,68.6,51803,71.4,17849,90.1,"A",4,4,4,4,"Metro",4,4,4,4
"1922",2020,"OHIO","OH","GREENE",39057,"US PRESIDENT","DONALD J TRUMP","REPUBLICAN",52072,88643,20210622,"TOTAL",0.587434992046749,"11/30/2021",48,"Greene County","OH",60.1,101539,101481,69.5,95768,71.4,26711,90.1,98.6,114442,67.7,112176,76.9,105853,78.9,28960,97.7,"A",4,4,4,4,"Metro",4,4,4,4
"1923",2020,"OHIO","OH","GUERNSEY",39059,"US PRESIDENT","DONALD J TRUMP","REPUBLICAN",13407,18230,20210622,"TOTAL",0.735436094349973,"11/30/2021",48,"Guernsey County","OH",41.3,16074,16068,48.3,15526,51.2,6046,77.5,98.6,17287,44.5,17168,51.6,16526,54.5,6274,80.4,"C",11,11,12,12,"Non-metro",7,7,8,8
"1924",2020,"OHIO","OH","HAMILTON",39061,"US PRESIDENT","DONALD J TRUMP","REPUBLICAN",177886,430929,20210622,"TOTAL",0.412796539569163,"11/30/2021",48,"Hamilton County","OH",57,465977,465087,67.3,436694,69.3,113200,88,98.6,513432,62.8,500565,72.4,468883,74.4,119882,93.2,"C",12,12,12,12,"Metro",4,4,4,4
"1925",2020,"OHIO","OH","HANCOCK",39063,"US PRESIDENT","DONALD J TRUMP","REPUBLICAN",26310,38771,20210622,"TOTAL",0.678599984524516,"11/30/2021",48,"Hancock County","OH",47,35627,35620,55,33827,57.3,10808,80.7,98.6,38299,50.5,37746,58.2,35761,60.6,11321,84.5,"A",3,4,4,4,"Non-metro",7,8,8,8
"1926",2020,"OHIO","OH","HARDIN",39065,"US PRESIDENT","DONALD J TRUMP","REPUBLICAN",9949,13247,20210622,"TOTAL",0.751037970861327,"11/30/2021",48,"Hardin County","OH",35.2,11046,11041,41.5,10623,44.1,3981,77.9,98.6,11883,37.9,11793,44.3,11310,47,4141,81,"B",6,7,7,8,"Non-metro",6,7,7,8
"1927",2020,"OHIO","OH","HARRISON",39067,"US PRESIDENT","DONALD J TRUMP","REPUBLICAN",5792,7655,20210622,"TOTAL",0.756629653821032,"11/30/2021",48,"Harrison County","OH",39.8,5990,5990,45.8,5816,48.7,2485,75.8,98.6,6413,42.6,6373,48.7,6175,51.8,2592,79,"C",10,11,11,12,"Non-metro",6,7,7,8
"1928",2020,"OHIO","OH","HENRY",39069,"US PRESIDENT","DONALD J TRUMP","REPUBLICAN",10479,14764,20210622,"TOTAL",0.709767000812788,"11/30/2021",48,"Henry County","OH",49.9,13475,13466,58.6,12786,61.6,4639,89.8,98.6,14116,52.3,13935,60.6,13177,63.5,4768,92.3,"A",3,4,4,4,"Non-metro",7,8,8,8
"1929",2020,"OHIO","OH","HIGHLAND",39071,"US PRESIDENT","DONALD J TRUMP","REPUBLICAN",15678,19676,20210622,"TOTAL",0.796808294368774,"11/30/2021",48,"Highland County","OH",34.8,15033,15032,41,14498,44,5640,69,98.6,16438,38.1,16348,44.6,15735,47.7,5996,73.4,"C",10,11,11,11,"Non-metro",6,7,7,7
"1930",2020,"OHIO","OH","HOCKING",39073,"US PRESIDENT","DONALD J TRUMP","REPUBLICAN",9737,13824,20210622,"TOTAL",0.70435474537037,"11/30/2021",48,"Hocking County","OH",44.4,12557,12556,51.6,11950,54,4195,76.2,98.6,13348,47.2,13192,54.3,12523,56.6,4341,78.9,"B",7,8,8,8,"Metro",3,4,4,4
"1931",2020,"OHIO","OH","HOLMES",39075,"US PRESIDENT","DONALD J TRUMP","REPUBLICAN",10796,12947,20210622,"TOTAL",0.833861126129605,"11/30/2021",48,"Holmes County","OH",16.9,7449,7446,21.2,7202,23.6,3075,50,98.6,7875,17.9,7842,22.3,7591,24.9,3161,51.3,"B",5,5,5,7,"Non-metro",5,5,5,7
"1932",2020,"OHIO","OH","HURON",39077,"US PRESIDENT","DONALD J TRUMP","REPUBLICAN",18956,27190,20210622,"TOTAL",0.697168076498713,"11/30/2021",48,"Huron County","OH",44,25663,25653,52.1,24477,55.3,8501,82.7,98.6,27340,46.9,27103,55.1,25783,58.2,8748,85.1,"B",7,8,8,8,"Non-metro",7,8,8,8
"1933",2020,"OHIO","OH","JACKSON",39079,"US PRESIDENT","DONALD J TRUMP","REPUBLICAN",11309,14794,20210622,"TOTAL",0.764431526294444,"11/30/2021",48,"Jackson County","OH",42.9,13904,13894,50.9,13234,53.6,4494,78.6,98.6,15082,46.5,14882,54.5,14131,57.3,4698,82.2,"D",15,16,16,16,"Non-metro",7,8,8,8
"1934",2020,"OHIO","OH","JEFFERSON",39081,"US PRESIDENT","DONALD J TRUMP","REPUBLICAN",22828,33362,20210622,"TOTAL",0.684251543672442,"11/30/2021",48,"Jefferson County","OH",45.9,30006,29991,52.4,28819,54.6,11482,79.6,98.6,32581,49.9,32437,56.6,31041,58.8,12135,84.2,"C",11,12,12,12,"Metro",3,4,4,4
"1935",2020,"OHIO","OH","KNOX",39083,"US PRESIDENT","DONALD J TRUMP","REPUBLICAN",22340,31398,20210622,"TOTAL",0.711510287279445,"11/30/2021",48,"Knox County","OH",39.9,24886,24873,46.8,23757,49.3,8814,76,98.6,26641,42.7,26326,49.5,25101,52.1,9193,79.3,"B",6,7,7,8,"Non-metro",6,7,7,8
"1936",2020,"OHIO","OH","LAKE",39085,"US PRESIDENT","DONALD J TRUMP","REPUBLICAN",73278,130509,20210622,"TOTAL",0.561478518722847,"11/30/2021",48,"Lake County","OH",60.1,138428,138368,68.6,130515,70.7,42145,89,98.6,148685,64.6,146128,72.4,137548,74.5,43691,92.2,"A",4,4,4,4,"Metro",4,4,4,4
"1937",2020,"OHIO","OH","LAWRENCE",39087,"US PRESIDENT","DONALD J TRUMP","REPUBLICAN",20306,28127,20210622,"TOTAL",0.721939773171686,"11/30/2021",48,"Lawrence County","OH",41.1,24442,24430,47.7,23061,49.5,8072,70.9,98.6,29348,49.4,29073,56.7,27377,58.7,9341,82.1,"C",11,11,11,12,"Metro",3,3,3,4
"1938",2020,"OHIO","OH","LICKING",39089,"US PRESIDENT","DONALD J TRUMP","REPUBLICAN",59514,94210,20210622,"TOTAL",0.631716378303789,"11/30/2021",48,"Licking County","OH",50.5,89241,89117,59.3,83873,61.6,25357,85.5,98.6,94150,53.2,92847,61.8,87119,64,26270,88.6,"A",4,4,4,4,"Metro",4,4,4,4
"1939",2020,"OHIO","OH","LOGAN",39091,"US PRESIDENT","DONALD J TRUMP","REPUBLICAN",17964,23368,20210622,"TOTAL",0.768743580965423,"11/30/2021",48,"Logan County","OH",39.4,17996,17996,46.3,17381,49.5,6724,78.6,98.6,19107,41.8,18935,48.7,18207,51.8,6949,81.2,"B",6,7,7,8,"Non-metro",6,7,7,8
"1940",2020,"OHIO","OH","LORAIN",39093,"US PRESIDENT","DONALD J TRUMP","REPUBLICAN",79520,157437,20210622,"TOTAL",0.505090925258992,"11/30/2021",48,"Lorain County","OH",57.7,178838,178605,67.1,167265,69,52183,89.7,98.6,192369,62.1,188237,70.7,175841,72.6,53620,92.1,"C",12,12,12,12,"Metro",4,4,4,4
"1941",2020,"OHIO","OH","LUCAS",39095,"US PRESIDENT","DONALD J TRUMP","REPUBLICAN",81763,200623,20210622,"TOTAL",0.407545495780643,"11/30/2021",48,"Lucas County","OH",52.6,225383,225297,62.1,211788,64.2,62226,87,98.6,246248,57.5,241310,66.5,225996,68.5,65209,91.1,"C",12,12,12,12,"Metro",4,4,4,4
"1942",2020,"OHIO","OH","MADISON",39097,"US PRESIDENT","DONALD J TRUMP","REPUBLICAN",13835,19855,20210622,"TOTAL",0.696801813145303,"11/30/2021",48,"Madison County","OH",46.7,20892,20880,53.6,19799,55.5,5743,80.9,98.6,22396,50.1,22013,56.5,20788,58.3,5972,84.1,"B",7,8,8,8,"Metro",3,4,4,4
"1943",2020,"OHIO","OH","MAHONING",39099,"US PRESIDENT","DONALD J TRUMP","REPUBLICAN",59903,118966,20210622,"TOTAL",0.503530420456265,"11/30/2021",48,"Mahoning County","OH",52.4,119743,119691,60,114400,62.4,41478,84.6,98.6,129365,56.6,128078,64.2,122195,66.7,43555,88.9,"C",12,12,12,12,"Metro",4,4,4,4
"1944",2020,"OHIO","OH","MARION",39101,"US PRESIDENT","DONALD J TRUMP","REPUBLICAN",19023,27818,20210622,"TOTAL",0.683837802861457,"11/30/2021",48,"Marion County","OH",44.4,28892,28889,51.7,27749,54,9594,80.9,98.6,31028,47.7,30677,54.9,29378,57.2,9951,83.9,"C",11,12,12,12,"Non-metro",7,8,8,8
"1945",2020,"OHIO","OH","MEDINA",39103,"US PRESIDENT","DONALD J TRUMP","REPUBLICAN",64598,105825,20210622,"TOTAL",0.610422867942358,"11/30/2021",48,"Medina County","OH",58.5,105215,105114,67.8,98129,70,29832,89.9,98.6,112946,62.8,110327,71.1,102631,73.2,30684,92.5,"A",4,4,4,4,"Metro",4,4,4,4
"1946",2020,"OHIO","OH","MEIGS",39105,"US PRESIDENT","DONALD J TRUMP","REPUBLICAN",8316,10951,20210622,"TOTAL",0.75938270477582,"11/30/2021",48,"Meigs County","OH",40.7,9312,9306,46.8,8941,49.4,3403,72.7,98.6,10492,45.8,10412,52.3,9938,55,3652,78,"C",11,11,11,12,"Non-metro",7,7,7,8
"1947",2020,"OHIO","OH","MERCER",39107,"US PRESIDENT","DONALD J TRUMP","REPUBLICAN",19452,23761,20210622,"TOTAL",0.818652413618955,"11/30/2021",48,"Mercer County","OH",35.6,14649,14642,43,14232,46.6,5953,79.4,98.6,15571,37.8,15440,45.4,14972,49.1,6166,82.2,"A",2,3,3,4,"Non-metro",6,7,7,8
"1948",2020,"OHIO","OH","MIAMI",39109,"US PRESIDENT","DONALD J TRUMP","REPUBLICAN",41371,57972,20210622,"TOTAL",0.713637618160491,"11/30/2021",48,"Miami County","OH",44,47029,47017,51.6,44882,54.4,15886,78.4,98.6,50207,46.9,49644,54.5,47308,57.4,16595,81.9,"A",3,4,4,4,"Metro",3,4,4,4
"1949",2020,"OHIO","OH","MONROE",39111,"US PRESIDENT","DONALD J TRUMP","REPUBLICAN",5463,7148,20210622,"TOTAL",0.764269725797426,"11/30/2021",48,"Monroe County","OH",41.5,5672,5672,47.8,5525,50.5,2442,74.1,98.6,6161,45.1,6131,51.7,5964,54.6,2586,78.5,"B",7,7,8,8,"Non-metro",7,7,8,8
"1950",2020,"OHIO","OH","MONTGOMERY",39113,"US PRESIDENT","DONALD J TRUMP","REPUBLICAN",129034,268505,20210622,"TOTAL",0.480564607735424,"11/30/2021",48,"Montgomery County","OH",51.5,273577,273458,60.2,258487,62.3,79814,81.9,98.6,299651,56.4,294599,64.9,277588,66.9,84057,86.3,"C",12,12,12,12,"Metro",4,4,4,4
"1951",2020,"OHIO","OH","MORGAN",39115,"US PRESIDENT","DONALD J TRUMP","REPUBLICAN",5041,6847,20210622,"TOTAL",0.736234847378414,"11/30/2021",48,"Morgan County","OH",38.7,5614,5612,44.4,5425,47.1,2199,69.3,98.6,5927,40.9,5889,46.6,5674,49.2,2279,71.8,"C",10,11,11,11,"Non-metro",6,7,7,7
"1952",2020,"OHIO","OH","MORROW",39117,"US PRESIDENT","DONALD J TRUMP","REPUBLICAN",14077,18457,20210622,"TOTAL",0.762691661700168,"11/30/2021",48,"Morrow County","OH",38.5,13597,13593,44.7,13021,47.6,4578,72.7,98.6,14362,40.7,14259,46.9,13625,49.8,4748,75.4,"A",2,3,3,4,"Metro",2,3,3,4
"1953",2020,"OHIO","OH","MUSKINGUM",39119,"US PRESIDENT","DONALD J TRUMP","REPUBLICAN",27867,40465,20210622,"TOTAL",0.688669220313851,"11/30/2021",48,"Muskingum County","OH",44.8,38648,38632,52.6,37109,55.6,13063,83.2,98.6,40823,47.4,40394,55,38652,57.9,13457,85.7,"C",11,12,12,12,"Non-metro",7,8,8,8
"1954",2020,"OHIO","OH","NOBLE",39121,"US PRESIDENT","DONALD J TRUMP","REPUBLICAN",5135,6343,20210622,"TOTAL",0.809553838877503,"11/30/2021",48,"Noble County","OH",39.9,5761,5761,45.6,5560,47.4,1867,45.8,98.6,6127,42.5,6084,48.2,5866,50,1910,46.8,"B",6,7,7,6,"Non-metro",6,7,7,6
"1955",2020,"OHIO","OH","OTTAWA",39123,"US PRESIDENT","DONALD J TRUMP","REPUBLICAN",14628,24007,20210622,"TOTAL",0.609322281001375,"11/30/2021",48,"Ottawa County","OH",57.4,23275,23259,64.6,22189,66.8,9062,86,98.6,24836,61.3,24639,68.4,23481,70.7,9551,90.6,"A",4,4,4,4,"Non-metro",8,8,8,8
"1956",2020,"OHIO","OH","PAULDING",39125,"US PRESIDENT","DONALD J TRUMP","REPUBLICAN",7086,9467,20210622,"TOTAL",0.748494771310869,"11/30/2021",48,"Paulding County","OH",39.6,7393,7392,46.4,7112,49.8,2786,78.2,98.6,7859,42.1,7821,49.1,7496,52.4,2911,81.7,"B",6,7,7,8,"Non-metro",6,7,7,8
"1957",2020,"OHIO","OH","PERRY",39127,"US PRESIDENT","DONALD J TRUMP","REPUBLICAN",12357,16675,20210622,"TOTAL",0.741049475262369,"11/30/2021",48,"Perry County","OH",37.7,13620,13618,44.4,13090,47.3,4632,75.4,98.6,14329,39.7,14243,46.5,13682,49.5,4797,78.1,"C",10,11,11,12,"Metro",2,3,3,4
"1958",2020,"OHIO","OH","PICKAWAY",39129,"US PRESIDENT","DONALD J TRUMP","REPUBLICAN",20593,28271,20210622,"TOTAL",0.728414276113332,"11/30/2021",48,"Pickaway County","OH",46.5,27182,27174,53.8,25878,56.2,7699,82.4,98.6,29292,50.1,28895,57.2,27437,59.6,8029,85.9,"B",7,8,8,8,"Metro",3,4,4,4
"1959",2020,"OHIO","OH","PIKE",39131,"US PRESIDENT","DONALD J TRUMP","REPUBLICAN",9157,12412,20210622,"TOTAL",0.737753786658073,"11/30/2021",48,"Pike County","OH",40.7,11299,11298,47.8,10773,50.6,3696,73,98.6,12389,44.6,12323,52.2,11692,54.9,3903,77.1,"D",15,15,16,16,"Non-metro",7,7,8,8
"1960",2020,"OHIO","OH","PORTAGE",39133,"US PRESIDENT","DONALD J TRUMP","REPUBLICAN",45990,82872,20210622,"TOTAL",0.554952215464813,"11/30/2021",48,"Portage County","OH",52.4,85211,85164,59.3,80498,60.8,24253,87.7,98.6,91575,56.4,89567,62.4,84442,63.8,25041,90.5,"A",4,4,4,4,"Metro",4,4,4,4
"1961",2020,"OHIO","OH","PREBLE",39135,"US PRESIDENT","DONALD J TRUMP","REPUBLICAN",17022,21809,20210622,"TOTAL",0.780503461873538,"11/30/2021",48,"Preble County","OH",39.8,16254,16246,46.1,15721,49.4,6329,78.2,98.6,17655,43.2,17547,49.8,16937,53.3,6681,82.6,"A",2,3,3,4,"Non-metro",6,7,7,8
"1962",2020,"OHIO","OH","PUTNAM",39137,"US PRESIDENT","DONALD J TRUMP","REPUBLICAN",16412,19921,20210622,"TOTAL",0.823854224185533,"11/30/2021",48,"Putnam County","OH",45.1,15259,15243,54.2,14610,57.8,5213,85.5,98.6,15988,47.2,15883,56.5,15198,60.2,5368,88.1,"A",3,4,4,4,"Non-metro",7,8,8,8
"1963",2020,"OHIO","OH","RICHLAND",39139,"US PRESIDENT","DONALD J TRUMP","REPUBLICAN",41472,59975,20210622,"TOTAL",0.691488120050021,"11/30/2021",48,"Richland County","OH",40.5,49013,49003,47.1,47244,49.7,18214,76.1,98.6,52131,43,51745,49.7,49778,52.4,18828,78.6,"C",11,11,11,12,"Metro",3,3,3,4
"1964",2020,"OHIO","OH","ROSS",39141,"US PRESIDENT","DONALD J TRUMP","REPUBLICAN",22278,33299,20210622,"TOTAL",0.669029099972972,"11/30/2021",48,"Ross County","OH",46.7,35793,35747,54,34322,56.8,10798,82.2,98.6,38688,50.5,38342,57.9,36697,60.7,11215,85.4,"C",11,12,12,12,"Non-metro",7,8,8,8
"1965",2020,"OHIO","OH","SANDUSKY",39143,"US PRESIDENT","DONALD J TRUMP","REPUBLICAN",18896,30074,20210622,"TOTAL",0.628316818514331,"11/30/2021",48,"Sandusky County","OH",49.1,28725,28704,57.1,27338,60,9903,87.5,98.6,30249,51.7,29988,59.7,28507,62.5,10176,90,"B",7,8,8,8,"Non-metro",7,8,8,8
"1966",2020,"OHIO","OH","SCIOTO",39145,"US PRESIDENT","DONALD J TRUMP","REPUBLICAN",22609,32047,20210622,"TOTAL",0.705495054139233,"11/30/2021",48,"Scioto County","OH",45.8,34479,34477,53.3,32936,55.8,10243,73,98.6,38308,50.9,38079,58.8,36216,61.3,11142,79.4,"D",15,16,16,16,"Non-metro",7,8,8,8
"1967",2020,"OHIO","OH","SENECA",39147,"US PRESIDENT","DONALD J TRUMP","REPUBLICAN",17086,25810,20210622,"TOTAL",0.661991476172026,"11/30/2021",48,"Seneca County","OH",45.1,24912,24893,52.2,23820,55.1,8764,85.4,98.6,26228,47.5,26024,54.6,24877,57.6,9019,87.9,"B",7,8,8,8,"Non-metro",7,8,8,8
"1968",2020,"OHIO","OH","SHELBY",39149,"US PRESIDENT","DONALD J TRUMP","REPUBLICAN",20422,25258,20210622,"TOTAL",0.808535909414839,"11/30/2021",48,"Shelby County","OH",33.4,16222,16216,39.6,15663,42.8,5804,70.1,98.6,17226,35.5,17129,41.9,16515,45.1,6059,73.2,"A",2,2,3,4,"Non-metro",6,6,7,8
"1969",2020,"OHIO","OH","STARK",39151,"US PRESIDENT","DONALD J TRUMP","REPUBLICAN",111097,189879,20210622,"TOTAL",0.585093664912918,"11/30/2021",48,"Stark County","OH",49.9,184852,184787,57.8,175111,60,61269,82.9,98.6,198823,53.6,195971,61.3,185345,63.5,63617,86.1,"B",7,8,8,8,"Metro",3,4,4,4
"1970",2020,"OHIO","OH","SUMMIT",39153,"US PRESIDENT","DONALD J TRUMP","REPUBLICAN",124833,280473,20210622,"TOTAL",0.445080275106695,"11/30/2021",48,"Summit County","OH",57.5,311338,311185,66.5,292196,68.1,87002,86.9,98.6,337277,62.3,329458,70.5,308430,71.9,90323,90.3,"B",8,8,8,8,"Metro",4,4,4,4
"1971",2020,"OHIO","OH","TRUMBULL",39155,"US PRESIDENT","DONALD J TRUMP","REPUBLICAN",55194,101001,20210622,"TOTAL",0.546469836932308,"11/30/2021",48,"Trumbull County","OH",50.8,100494,100460,58.3,95881,60.8,35659,81.6,98.6,109376,55.2,108331,62.9,103159,65.4,37941,86.9,"B",8,8,8,8,"Metro",4,4,4,4
"1972",2020,"OHIO","OH","TUSCARAWAS",39157,"US PRESIDENT","DONALD J TRUMP","REPUBLICAN",30458,44015,20210622,"TOTAL",0.691991366579575,"11/30/2021",48,"Tuscarawas County","OH",41,37724,37711,48.2,36143,50.9,14007,76.3,98.6,40175,43.7,39838,51,38124,53.7,14439,78.6,"B",7,7,8,8,"Non-metro",7,7,8,8
"1973",2020,"OHIO","OH","UNION",39159,"US PRESIDENT","DONALD J TRUMP","REPUBLICAN",21669,33445,20210622,"TOTAL",0.647899536552549,"11/30/2021",48,"Union County","OH",56,33053,33020,66.6,30557,68.6,6894,92.2,98.6,35446,60.1,34270,69.1,31606,71,7135,95.4,"A",4,4,4,4,"Metro",4,4,4,4
"1974",2020,"OHIO","OH","VAN WERT",39161,"US PRESIDENT","DONALD J TRUMP","REPUBLICAN",11650,14965,20210622,"TOTAL",0.778483127297026,"11/30/2021",48,"Van Wert County","OH",39.9,11286,11279,46.9,10890,50.1,4303,78.3,98.6,12358,43.7,12263,51,11801,54.3,4536,82.5,"A",2,3,4,4,"Non-metro",6,7,8,8
"1975",2020,"OHIO","OH","VINTON",39163,"US PRESIDENT","DONALD J TRUMP","REPUBLICAN",4632,6030,20210622,"TOTAL",0.7681592039801,"11/30/2021",48,"Vinton County","OH",36.4,4766,4766,42.2,4552,44.4,1668,68.6,98.6,5073,38.8,5023,44.5,4792,46.8,1731,71.2,"C",10,11,11,11,"Non-metro",6,7,7,7
"1976",2020,"OHIO","OH","WARREN",39165,"US PRESIDENT","DONALD J TRUMP","REPUBLICAN",87988,136100,20210622,"TOTAL",0.646495224099927,"11/30/2021",48,"Warren County","OH",58.2,136429,136191,68.4,125043,70.3,30865,88.3,98.6,147304,62.8,142848,71.7,130731,73.5,32312,92.5,"A",4,4,4,4,"Metro",4,4,4,4
"1977",2020,"OHIO","OH","WASHINGTON",39167,"US PRESIDENT","DONALD J TRUMP","REPUBLICAN",22307,32031,20210622,"TOTAL",0.696419094002685,"11/30/2021",48,"Washington County","OH",50.1,30034,30031,57.4,28634,59.6,10456,80.8,98.6,32814,54.8,32393,61.9,30781,64,11077,85.6,"B",8,8,8,8,"Non-metro",8,8,8,8
"1978",2020,"OHIO","OH","WAYNE",39169,"US PRESIDENT","DONALD J TRUMP","REPUBLICAN",36759,54283,20210622,"TOTAL",0.677173332350828,"11/30/2021",48,"Wayne County","OH",41.8,48322,48273,49.6,45908,52.3,16765,79.1,98.6,51598,44.6,50884,52.3,48293,55,17273,81.5,"B",7,7,8,8,"Non-metro",7,7,8,8
"1979",2020,"OHIO","OH","WILLIAMS",39171,"US PRESIDENT","DONALD J TRUMP","REPUBLICAN",13452,18651,20210622,"TOTAL",0.721248190445553,"11/30/2021",48,"Williams County","OH",41.5,15220,15219,48.4,14578,51.4,5833,82.6,98.6,16357,44.6,16250,51.7,15547,54.8,6161,87.3,"B",7,7,8,8,"Non-metro",7,7,8,8
"1980",2020,"OHIO","OH","WOOD",39173,"US PRESIDENT","DONALD J TRUMP","REPUBLICAN",35757,67597,20210622,"TOTAL",0.528973179283104,"11/30/2021",48,"Wood County","OH",56.7,74189,74115,65.2,69377,66.5,19215,93.6,98.6,79584,60.8,77545,68.3,72396,69.4,19918,97,"A",4,4,4,4,"Metro",4,4,4,4
"1981",2020,"OHIO","OH","WYANDOT",39175,"US PRESIDENT","DONALD J TRUMP","REPUBLICAN",8462,11390,20210622,"TOTAL",0.742932396839333,"11/30/2021",48,"Wyandot County","OH",44.1,9609,9574,51.4,9219,54.7,3528,81.4,98.6,10076,46.3,9982,53.6,9604,56.9,3598,83,"A",3,4,4,4,"Non-metro",7,8,8,8
"1982",2020,"SOUTH DAKOTA","SD","AURORA",46003,"US PRESIDENT","DONALD J TRUMP","REPUBLICAN",1052,1405,20210622,"TOTAL",0.748754448398577,"11/30/2021",48,"Aurora County","SD",49.2,1354,1354,58.4,1276,61.7,457,80.3,96.6,1559,56.7,1549,66.9,1461,70.6,524,92.1,"B",7,8,8,8,"Non-metro",7,8,8,8
"1983",2020,"SOUTH DAKOTA","SD","BEADLE",46005,"US PRESIDENT","DONALD J TRUMP","REPUBLICAN",4808,7081,20210622,"TOTAL",0.679000141222991,"11/30/2021",48,"Beadle County","SD",44.9,8280,8279,55.2,7877,58.5,2651,80.8,96.6,10475,56.8,10377,69.2,9733,72.3,3193,97.3,"C",11,12,12,12,"Non-metro",7,8,8,8
"1984",2020,"SOUTH DAKOTA","SD","BENNETT",46007,"US PRESIDENT","DONALD J TRUMP","REPUBLICAN",694,1183,20210622,"TOTAL",0.586644125105664,"11/30/2021",48,"Bennett County","SD",48.4,1628,1628,62.7,1457,65.4,350,78.3,96.6,1986,59,1927,74.3,1697,76.1,393,87.9,"D",15,16,16,16,"Non-metro",7,8,8,8
"1985",2020,"SOUTH DAKOTA","SD","BON HOMME",46009,"US PRESIDENT","DONALD J TRUMP","REPUBLICAN",2235,3001,20210622,"TOTAL",0.744751749416861,"11/30/2021",48,"Bon Homme County","SD",53.8,3713,3706,61.4,3584,64.4,1334,93,96.6,4249,61.6,4216,69.8,4076,73.3,1516,99.9,"A",4,4,4,4,"Non-metro",8,8,8,8
"1986",2020,"SOUTH DAKOTA","SD","BROOKINGS",46011,"US PRESIDENT","DONALD J TRUMP","REPUBLICAN",8000,14567,20210622,"TOTAL",0.549186517470996,"11/30/2021",48,"Brookings County","SD",46.7,16387,16338,54.2,15291,54.9,3677,84,96.6,19433,55.4,19010,63.1,17795,63.9,4324,98.8,"A",3,4,4,4,"Non-metro",7,8,8,8
"1987",2020,"SOUTH DAKOTA","SD","BROWN",46013,"US PRESIDENT","DONALD J TRUMP","REPUBLICAN",10580,17547,20210622,"TOTAL",0.602952071579187,"11/30/2021",48,"Brown County","SD",51.1,19837,19818,60.6,18776,63.4,5893,84.7,96.6,23717,61.1,23305,71.3,21911,73.9,6783,97.5,"B",8,8,8,8,"Non-metro",8,8,8,8
"1988",2020,"SOUTH DAKOTA","SD","BRULE",46015,"US PRESIDENT","DONALD J TRUMP","REPUBLICAN",1750,2490,20210622,"TOTAL",0.70281124497992,"11/30/2021",48,"Brule County","SD",49.3,2610,2609,59.3,2455,62.4,865,82.9,96.6,3498,66,3439,78.1,3195,81.3,1083,99.9,"C",11,12,12,12,"Non-metro",7,8,8,8
"1989",2020,"SOUTH DAKOTA","SD","BUFFALO",46017,"US PRESIDENT","DONALD J TRUMP","REPUBLICAN",183,549,20210622,"TOTAL",0.333333333333333,"11/30/2021",48,"Buffalo County","SD",51.2,1005,1002,69.5,852,70.8,113,76.4,96.6,1158,59,1090,75.6,920,76.5,127,85.8,"D",16,16,16,16,"Non-metro",8,8,8,8
"1990",2020,"SOUTH DAKOTA","SD","BUTTE",46019,"US PRESIDENT","DONALD J TRUMP","REPUBLICAN",3731,4802,20210622,"TOTAL",0.776967930029155,"11/30/2021",48,"Butte County","SD",36.7,3831,3830,43.8,3690,47,1596,74.5,96.6,4470,42.9,4446,50.8,4260,54.3,1772,82.7,"B",6,7,7,8,"Non-metro",6,7,7,8
"1991",2020,"SOUTH DAKOTA","SD","CAMPBELL",46021,"US PRESIDENT","DONALD J TRUMP","REPUBLICAN",747,873,20210622,"TOTAL",0.855670103092783,"11/30/2021",48,"Campbell County","SD",62.6,862,862,70.3,848,73.7,451,99.9,96.6,1055,76.7,1054,85.9,1044,90.8,565,99.9,"A",4,4,4,4,"Non-metro",8,8,8,8
"1992",2020,"SOUTH DAKOTA","SD","CHARLES MIX",46023,"US PRESIDENT","DONALD J TRUMP","REPUBLICAN",2552,3783,20210622,"TOTAL",0.674596880782448,"11/30/2021",48,"Charles Mix County","SD",48.4,4501,4499,61.2,4214,64.6,1428,82.7,96.6,5862,63.1,5729,77.9,5260,80.7,1591,92.1,"C",11,12,12,12,"Non-metro",7,8,8,8
"1993",2020,"SOUTH DAKOTA","SD","CLARK",46025,"US PRESIDENT","DONALD J TRUMP","REPUBLICAN",1373,1850,20210622,"TOTAL",0.742162162162162,"11/30/2021",48,"Clark County","SD",47,1757,1757,59.4,1705,62.4,636,78,96.6,2013,53.9,2001,67.6,1930,70.7,707,86.7,"A",3,4,4,4,"Non-metro",7,8,8,8
"1994",2020,"SOUTH DAKOTA","SD","CLAY",46027,"US PRESIDENT","DONALD J TRUMP","REPUBLICAN",2456,5698,20210622,"TOTAL",0.431028431028431,"11/30/2021",48,"Clay County","SD",61.7,8675,8624,69.7,8099,69.7,2176,99.9,96.6,10457,74.3,10142,81.9,9508,81.8,2548,99.9,"A",4,4,4,4,"Non-metro",8,8,8,8
"1995",2020,"SOUTH DAKOTA","SD","CODINGTON",46029,"US PRESIDENT","DONALD J TRUMP","REPUBLICAN",8958,13161,20210622,"TOTAL",0.680647367221336,"11/30/2021",48,"Codington County","SD",50.3,14075,14055,59.3,13424,62.8,4469,87,96.6,16444,58.7,16276,68.7,15506,72.6,5066,98.7,"A",4,4,4,4,"Non-metro",8,8,8,8
"1996",2020,"SOUTH DAKOTA","SD","CORSON",46031,"US PRESIDENT","DONALD J TRUMP","REPUBLICAN",647,1283,20210622,"TOTAL",0.504286827747467,"11/30/2021",48,"Corson County","SD",32.8,1340,1339,43.5,1169,45.1,294,60,96.6,1726,42.2,1717,55.7,1482,57.2,353,72,"D",14,15,15,15,"Non-metro",6,7,7,7
"1997",2020,"SOUTH DAKOTA","SD","CUSTER",46033,"US PRESIDENT","DONALD J TRUMP","REPUBLICAN",3852,5494,20210622,"TOTAL",0.701128503822352,"11/30/2021",48,"Custer County","SD",47.6,4272,4267,52.1,4146,54.2,1970,69.4,96.6,5018,55.9,4989,60.9,4845,63.4,2249,79.2,"A",3,4,4,3,"Metro",3,4,4,3
"1998",2020,"SOUTH DAKOTA","SD","DAVISON",46035,"US PRESIDENT","DONALD J TRUMP","REPUBLICAN",5613,8454,20210622,"TOTAL",0.663946061036196,"11/30/2021",48,"Davison County","SD",54.4,10758,10744,64,10028,65.9,3236,85.6,96.6,13614,68.8,13344,79.5,12376,81.3,4025,99.9,"A",4,4,4,4,"Non-metro",8,8,8,8
"1999",2020,"SOUTH DAKOTA","SD","DAY",46037,"US PRESIDENT","DONALD J TRUMP","REPUBLICAN",1869,2964,20210622,"TOTAL",0.630566801619433,"11/30/2021",48,"Day County","SD",59.5,3229,3222,69.5,3026,71.9,1277,89.9,96.6,3847,70.9,3783,81.6,3513,83.4,1477,99.9,"A",4,4,4,4,"Non-metro",8,8,8,8
"2000",2020,"SOUTH DAKOTA","SD","DEUEL",46039,"US PRESIDENT","DONALD J TRUMP","REPUBLICAN",1699,2350,20210622,"TOTAL",0.722978723404255,"11/30/2021",48,"Deuel County","SD",43.1,1875,1875,50.9,1810,54.1,752,78.4,96.6,2105,48.4,2093,56.8,2000,59.7,788,82.2,"A",3,4,4,4,"Non-metro",7,8,8,8
"2001",2020,"SOUTH DAKOTA","SD","DEWEY",46041,"US PRESIDENT","DONALD J TRUMP","REPUBLICAN",790,1966,20210622,"TOTAL",0.401831129196338,"11/30/2021",48,"Dewey County","SD",59.6,3509,3509,82.1,3107,84.9,616,99.9,96.6,4336,73.6,4151,97.1,3648,99.7,670,99.9,"D",16,16,16,16,"Non-metro",8,8,8,8
"2002",2020,"SOUTH DAKOTA","SD","DOUGLAS",46043,"US PRESIDENT","DONALD J TRUMP","REPUBLICAN",1468,1707,20210622,"TOTAL",0.859988283538371,"11/30/2021",48,"Douglas County","SD",48.3,1412,1412,58.4,1379,63.8,625,89,96.6,1643,56.2,1636,67.7,1579,73.1,706,99.9,"A",3,4,4,4,"Non-metro",7,8,8,8
"2003",2020,"SOUTH DAKOTA","SD","EDMUNDS",46045,"US PRESIDENT","DONALD J TRUMP","REPUBLICAN",1538,1985,20210622,"TOTAL",0.774811083123426,"11/30/2021",48,"Edmunds County","SD",42.6,1633,1633,50.2,1560,53,668,79.2,96.6,1930,50.4,1920,59,1828,62.1,781,92.6,"A",3,4,4,4,"Non-metro",7,8,8,8
"2004",2020,"SOUTH DAKOTA","SD","FALL RIVER",46047,"US PRESIDENT","DONALD J TRUMP","REPUBLICAN",2878,4042,20210622,"TOTAL",0.712023750618506,"11/30/2021",48,"Fall River County","SD",58.1,3902,3900,64.9,3824,68.5,1931,96.2,96.6,4450,66.3,4426,73.6,4305,77.1,2083,99.9,"B",8,8,8,8,"Non-metro",8,8,8,8
"2005",2020,"SOUTH DAKOTA","SD","FAULK",46049,"US PRESIDENT","DONALD J TRUMP","REPUBLICAN",964,1182,20210622,"TOTAL",0.815566835871404,"11/30/2021",48,"Faulk County","SD",50.7,1166,1166,61.8,1108,64.9,463,85.3,96.6,1322,57.5,1318,69.9,1245,72.9,508,93.6,"A",4,4,4,4,"Non-metro",8,8,8,8
"2006",2020,"SOUTH DAKOTA","SD","GRANT",46051,"US PRESIDENT","DONALD J TRUMP","REPUBLICAN",2618,3745,20210622,"TOTAL",0.699065420560748,"11/30/2021",48,"Grant County","SD",45,3175,3175,52.9,3009,55.1,1147,76,96.6,4003,56.8,3985,66.4,3792,69.4,1492,98.9,"A",3,4,4,4,"Non-metro",7,8,8,8
"2007",2020,"SOUTH DAKOTA","SD","GREGORY",46053,"US PRESIDENT","DONALD J TRUMP","REPUBLICAN",1771,2258,20210622,"TOTAL",0.784322409211692,"11/30/2021",48,"Gregory County","SD",46,1927,1927,54.5,1842,57.8,864,80.1,96.6,2286,54.6,2252,63.7,2141,67.1,952,88.3,"B",7,8,8,8,"Non-metro",7,8,8,8
"2008",2020,"SOUTH DAKOTA","SD","HAAKON",46055,"US PRESIDENT","DONALD J TRUMP","REPUBLICAN",1026,1137,20210622,"TOTAL",0.902374670184697,"11/30/2021",48,"Haakon County","SD",39.8,755,755,46.9,733,50.3,368,76.5,96.6,856,45.1,854,53,827,56.8,417,86.7,"B",6,7,8,8,"Non-metro",6,7,8,8
"2009",2020,"SOUTH DAKOTA","SD","HAMLIN",46057,"US PRESIDENT","DONALD J TRUMP","REPUBLICAN",2372,3083,20210622,"TOTAL",0.76938047356471,"11/30/2021",48,"Hamlin County","SD",41.6,2564,2564,53.1,2435,58.6,825,86.6,96.6,3139,50.9,3115,64.5,2935,70.6,977,99.9,"A",3,4,4,4,"Non-metro",7,8,8,8
"2010",2020,"SOUTH DAKOTA","SD","HAND",46059,"US PRESIDENT","DONALD J TRUMP","REPUBLICAN",1433,1836,20210622,"TOTAL",0.780501089324619,"11/30/2021",48,"Hand County","SD",45.7,1457,1457,53.4,1398,55.9,620,75.5,96.6,1628,51,1617,59.3,1553,62.1,678,82.6,"A",3,4,4,4,"Non-metro",7,8,8,8
"2011",2020,"SOUTH DAKOTA","SD","HANSON",46061,"US PRESIDENT","DONALD J TRUMP","REPUBLICAN",1793,2388,20210622,"TOTAL",0.750837520938023,"11/30/2021",48,"Hanson County","SD",38.5,1331,1331,47.8,1247,51.7,475,88.6,96.6,1653,47.9,1638,58.8,1535,63.7,613,99.9,"A",2,3,4,4,"Non-metro",6,7,8,8
"2012",2020,"SOUTH DAKOTA","SD","HARDING",46063,"US PRESIDENT","DONALD J TRUMP","REPUBLICAN",748,813,20210622,"TOTAL",0.920049200492005,"11/30/2021",48,"Harding County","SD",17.7,230,230,21.2,228,23.1,110,46.6,96.6,250,19.3,250,23,246,24.9,116,49.2,"A",1,1,1,2,"Non-metro",5,5,5,6
"2013",2020,"SOUTH DAKOTA","SD","HUGHES",46065,"US PRESIDENT","DONALD J TRUMP","REPUBLICAN",5522,8723,20210622,"TOTAL",0.633039092055485,"11/30/2021",48,"Hughes County","SD",65.1,11418,11412,78.2,10804,81.3,3157,99.9,96.6,13667,78,13409,91.8,12662,95.3,3844,99.9,"B",8,8,8,8,"Non-metro",8,8,8,8
"2014",2020,"SOUTH DAKOTA","SD","HUTCHINSON",46067,"US PRESIDENT","DONALD J TRUMP","REPUBLICAN",2944,3767,20210622,"TOTAL",0.781523758959384,"11/30/2021",48,"Hutchinson County","SD",50.6,3686,3685,61.4,3516,64.6,1477,88.4,96.6,4113,56.4,4082,68,3875,71.2,1593,95.4,"A",4,4,4,4,"Non-metro",8,8,8,8
"2015",2020,"SOUTH DAKOTA","SD","HYDE",46069,"US PRESIDENT","DONALD J TRUMP","REPUBLICAN",564,710,20210622,"TOTAL",0.794366197183099,"11/30/2021",48,"Hyde County","SD",51,664,662,59,640,62.7,280,85.9,96.6,762,58.6,749,66.8,718,70.3,309,94.8,"A",4,4,4,4,"Non-metro",8,8,8,8
"2016",2020,"SOUTH DAKOTA","SD","JACKSON",46071,"US PRESIDENT","DONALD J TRUMP","REPUBLICAN",738,1115,20210622,"TOTAL",0.661883408071749,"11/30/2021",48,"Jackson County","SD",41.9,1402,1402,55.8,1255,57.6,345,76.5,96.6,1731,51.8,1685,67.1,1501,68.9,424,94,"D",15,16,16,16,"Non-metro",7,8,8,8
"2017",2020,"SOUTH DAKOTA","SD","JERAULD",46073,"US PRESIDENT","DONALD J TRUMP","REPUBLICAN",721,1006,20210622,"TOTAL",0.716699801192843,"11/30/2021",48,"Jerauld County","SD",47.7,960,960,56.8,924,60,406,74.1,96.6,1080,53.7,1075,63.6,1029,66.9,454,82.8,"A",3,4,4,4,"Non-metro",7,8,8,8
"2018",2020,"SOUTH DAKOTA","SD","JONES",46075,"US PRESIDENT","DONALD J TRUMP","REPUBLICAN",498,599,20210622,"TOTAL",0.831385642737897,"11/30/2021",48,"Jones County","SD",65,587,587,76.6,548,77.4,228,99.9,96.6,743,82.3,735,96,680,96,276,99.9,"A",4,4,4,4,"Non-metro",8,8,8,8
"2019",2020,"SOUTH DAKOTA","SD","KINGSBURY",46077,"US PRESIDENT","DONALD J TRUMP","REPUBLICAN",1904,2779,20210622,"TOTAL",0.685138539042821,"11/30/2021",48,"Kingsbury County","SD",61.8,3051,3048,73.7,2929,77.5,1181,99.9,96.6,3840,77.7,3805,92,3656,96.8,1523,99.9,"A",4,4,4,4,"Non-metro",8,8,8,8
"2020",2020,"SOUTH DAKOTA","SD","LAKE",46079,"US PRESIDENT","DONALD J TRUMP","REPUBLICAN",3681,5873,20210622,"TOTAL",0.626766558828537,"11/30/2021",48,"Lake County","SD",46.2,5916,5906,53.3,5607,54.9,1937,63.9,96.6,6836,53.4,6718,60.6,6354,62.2,2156,71.2,"A",3,4,4,3,"Non-metro",7,8,8,7
"2021",2020,"SOUTH DAKOTA","SD","LAWRENCE",46081,"US PRESIDENT","DONALD J TRUMP","REPUBLICAN",8753,13828,20210622,"TOTAL",0.632991032687301,"11/30/2021",48,"Lawrence County","SD",51.5,13310,13309,57.9,12712,59.6,4926,83.3,96.6,16094,62.3,15967,69.5,15151,71.1,5903,99.8,"B",8,8,8,8,"Non-metro",8,8,8,8
"2022",2020,"SOUTH DAKOTA","SD","LINCOLN",46083,"US PRESIDENT","DONALD J TRUMP","REPUBLICAN",19617,32396,20210622,"TOTAL",0.60553772070626,"11/30/2021",48,"Lincoln County","SD",52.3,31989,31803,63.9,29334,66.3,6469,79,96.6,40662,66.5,39383,79.1,35948,81.3,8492,99.9,"A",4,4,4,4,"Metro",4,4,4,4
"2023",2020,"SOUTH DAKOTA","SD","LYMAN",46085,"US PRESIDENT","DONALD J TRUMP","REPUBLICAN",1042,1597,20210622,"TOTAL",0.652473387601753,"11/30/2021",48,"Lyman County","SD",55,2080,2067,68.2,1889,70.7,503,82.2,96.6,2775,73.4,2664,87.9,2406,90.1,638,99.9,"C",12,12,12,12,"Non-metro",8,8,8,8
"2024",2020,"SOUTH DAKOTA","SD","MCCOOK",46087,"US PRESIDENT","DONALD J TRUMP","REPUBLICAN",2068,2900,20210622,"TOTAL",0.713103448275862,"11/30/2021",48,"McCook County","SD",51.5,2878,2870,63.4,2726,67.6,1007,95.3,96.6,3525,63.1,3460,76.5,3245,80.4,1170,99.9,"A",4,4,4,4,"Metro",4,4,4,4
"2025",2020,"SOUTH DAKOTA","SD","MCPHERSON",46089,"US PRESIDENT","DONALD J TRUMP","REPUBLICAN",1075,1324,20210622,"TOTAL",0.811933534743202,"11/30/2021",48,"McPherson County","SD",13.2,314,314,15.8,300,16.8,106,15.7,96.6,381,16,379,19.1,364,20.3,132,19.6,"B",5,5,5,5,"Non-metro",5,5,5,5
"2026",2020,"SOUTH DAKOTA","SD","MARSHALL",46091,"US PRESIDENT","DONALD J TRUMP","REPUBLICAN",1287,2178,20210622,"TOTAL",0.590909090909091,"11/30/2021",48,"Marshall County","SD",48.8,2408,2407,58.6,2295,61.2,885,84.5,96.6,2734,55.4,2692,65.5,2550,67.9,958,91.5,"A",3,4,4,4,"Non-metro",7,8,8,8
"2027",2020,"SOUTH DAKOTA","SD","MEADE",46093,"US PRESIDENT","DONALD J TRUMP","REPUBLICAN",9875,13670,20210622,"TOTAL",0.722384784198976,"11/30/2021",48,"Meade County","SD",50.5,14319,14310,59.1,13603,61.9,3702,81.7,96.6,17189,60.7,17063,70.5,16166,73.5,4397,97.1,"A",4,4,4,4,"Metro",4,4,4,4
"2028",2020,"SOUTH DAKOTA","SD","MELLETTE",46095,"US PRESIDENT","DONALD J TRUMP","REPUBLICAN",449,769,20210622,"TOTAL",0.583875162548765,"11/30/2021",48,"Mellette County","SD",30.4,627,627,38.3,563,39.5,137,44.9,96.6,769,37.3,762,46.5,686,48.1,158,51.8,"D",14,14,14,14,"Non-metro",6,6,6,6
"2029",2020,"SOUTH DAKOTA","SD","MINER",46097,"US PRESIDENT","DONALD J TRUMP","REPUBLICAN",787,1138,20210622,"TOTAL",0.691564147627416,"11/30/2021",48,"Miner County","SD",50.4,1117,1117,59.5,1074,63.8,441,94.8,96.6,1284,57.9,1278,68.1,1219,72.4,490,99.9,"A",4,4,4,4,"Non-metro",8,8,8,8
"2030",2020,"SOUTH DAKOTA","SD","MINNEHAHA",46099,"US PRESIDENT","DONALD J TRUMP","REPUBLICAN",49249,92326,20210622,"TOTAL",0.533425037367589,"11/30/2021",48,"Minnehaha County","SD",59.6,115115,114600,71.9,107239,74.2,26167,99.9,96.6,144097,74.6,140440,88.1,130726,90.5,32980,99.9,"B",8,8,8,8,"Metro",4,4,4,4
"2031",2020,"SOUTH DAKOTA","SD","MOODY",46101,"US PRESIDENT","DONALD J TRUMP","REPUBLICAN",1951,3206,20210622,"TOTAL",0.608546475358702,"11/30/2021",48,"Moody County","SD",43.8,2883,2883,53.2,2708,56.1,875,69.4,96.6,3642,55.4,3593,66.3,3346,69.3,1073,85.1,"B",7,8,8,7,"Non-metro",7,8,8,7
"2032",2020,"SOUTH DAKOTA","SD","PENNINGTON",46103,"US PRESIDENT","DONALD J TRUMP","REPUBLICAN",35063,57518,20210622,"TOTAL",0.609600472895441,"11/30/2021",48,"Pennington County","SD",52.5,59763,59617,61.9,56070,63.9,18248,86.5,96.6,74173,65.2,73112,75.9,68620,78.2,22388,99.9,"B",8,8,8,8,"Metro",4,4,4,4
"2033",2020,"SOUTH DAKOTA","SD","PERKINS",46105,"US PRESIDENT","DONALD J TRUMP","REPUBLICAN",1401,1669,20210622,"TOTAL",0.839424805272618,"11/30/2021",48,"Perkins County","SD",30.6,878,878,35.7,866,38.1,429,56.4,96.6,995,34.7,993,40.4,982,43.2,468,61.6,"A",2,2,2,3,"Non-metro",6,6,6,7
"2034",2020,"SOUTH DAKOTA","SD","POTTER",46107,"US PRESIDENT","DONALD J TRUMP","REPUBLICAN",1139,1380,20210622,"TOTAL",0.82536231884058,"11/30/2021",48,"Potter County","SD",56.5,1216,1216,65.2,1174,69.1,535,85.2,96.6,1383,64.2,1364,73.1,1315,77.4,613,97.6,"A",4,4,4,4,"Non-metro",8,8,8,8
"2035",2020,"SOUTH DAKOTA","SD","ROBERTS",46109,"US PRESIDENT","DONALD J TRUMP","REPUBLICAN",2404,4307,20210622,"TOTAL",0.558161133039238,"11/30/2021",48,"Roberts County","SD",63.1,6557,6557,79.5,6026,82,1781,86.8,96.6,7928,76.3,7766,94.1,7015,95.5,2072,99.9,"C",12,12,12,12,"Non-metro",8,8,8,8
"2036",2020,"SOUTH DAKOTA","SD","SANBORN",46111,"US PRESIDENT","DONALD J TRUMP","REPUBLICAN",905,1185,20210622,"TOTAL",0.763713080168776,"11/30/2021",48,"Sanborn County","SD",50.5,1183,1183,61,1136,64.6,425,89.7,96.6,1419,60.5,1394,71.9,1340,76.2,512,99.9,"A",4,4,4,4,"Non-metro",8,8,8,8
"2037",2020,"SOUTH DAKOTA","SD","OGLALA LAKOTA",46113,"US PRESIDENT","DONALD J TRUMP","REPUBLICAN",297,3200,20210622,"TOTAL",0.0928125,NA,NA,NA,NA,NA,NA,NA,NA,NA,NA,NA,NA,NA,NA,NA,NA,NA,NA,NA,NA,NA,NA,NA,NA,NA,NA,NA,NA,NA,NA,NA
"2038",2020,"SOUTH DAKOTA","SD","SPINK",46115,"US PRESIDENT","DONALD J TRUMP","REPUBLICAN",2104,3163,20210622,"TOTAL",0.665191274106861,"11/30/2021",48,"Spink County","SD",49,3125,3125,57.2,2975,60.6,1105,81.8,96.6,3468,54.4,3456,63.3,3262,66.4,1225,90.7,"A",3,4,4,4,"Non-metro",7,8,8,8
"2039",2020,"SOUTH DAKOTA","SD","STANLEY",46117,"US PRESIDENT","DONALD J TRUMP","REPUBLICAN",1203,1652,20210622,"TOTAL",0.728208232445521,"11/30/2021",48,"Stanley County","SD",54.4,1684,1684,64.9,1597,69,563,89.2,96.6,2005,64.7,1980,76.3,1873,80.9,675,99.9,"A",4,4,4,4,"Non-metro",8,8,8,8
"2040",2020,"SOUTH DAKOTA","SD","SULLY",46119,"US PRESIDENT","DONALD J TRUMP","REPUBLICAN",726,930,20210622,"TOTAL",0.780645161290323,"11/30/2021",48,"Sully County","SD",41.5,577,577,48,551,50.4,203,55.9,96.6,684,49.2,675,56.1,646,59,241,66.4,"A",3,3,4,3,"Non-metro",7,7,8,7
"2041",2020,"SOUTH DAKOTA","SD","TODD",46121,"US PRESIDENT","DONALD J TRUMP","REPUBLICAN",532,2539,20210622,"TOTAL",0.209531311539976,"11/30/2021",48,"Todd County","SD",50.7,5163,5160,71.1,4412,74.3,640,83.9,96.6,6507,63.9,6268,86.4,5266,88.7,753,98.7,"D",16,16,16,16,"Non-metro",8,8,8,8
"2042",2020,"SOUTH DAKOTA","SD","TRIPP",46123,"US PRESIDENT","DONALD J TRUMP","REPUBLICAN",2161,2696,20210622,"TOTAL",0.801557863501484,"11/30/2021",48,"Tripp County","SD",42,2287,2287,50.1,2233,53.7,889,71.8,96.6,2579,47.4,2565,56.2,2495,60,971,78.4,"B",7,8,8,8,"Non-metro",7,8,8,8
"2043",2020,"SOUTH DAKOTA","SD","TURNER",46125,"US PRESIDENT","DONALD J TRUMP","REPUBLICAN",3290,4548,20210622,"TOTAL",0.72339489885664,"11/30/2021",48,"Turner County","SD",49.1,4113,4110,58.3,3891,61.4,1502,83.8,96.6,4795,57.2,4720,67,4440,70,1689,94.3,"A",3,4,4,4,"Metro",3,4,4,4
"2044",2020,"SOUTH DAKOTA","SD","UNION",46127,"US PRESIDENT","DONALD J TRUMP","REPUBLICAN",5944,8855,20210622,"TOTAL",0.671259175607002,"11/30/2021",48,"Union County","SD",46.9,7465,7462,55.7,7043,58.4,2211,74.6,96.6,9299,58.4,9132,68.1,8615,71.5,2914,98.4,"A",3,4,4,4,"Metro",3,4,4,4
"2045",2020,"SOUTH DAKOTA","SD","WALWORTH",46129,"US PRESIDENT","DONALD J TRUMP","REPUBLICAN",1966,2580,20210622,"TOTAL",0.762015503875969,"11/30/2021",48,"Walworth County","SD",44.3,2408,2408,52.5,2322,55.7,1058,80.1,96.6,2694,49.6,2693,58.7,2589,62.1,1148,86.9,"B",7,8,8,8,"Non-metro",7,8,8,8
"2046",2020,"SOUTH DAKOTA","SD","YANKTON",46135,"US PRESIDENT","DONALD J TRUMP","REPUBLICAN",6581,10900,20210622,"TOTAL",0.603761467889908,"11/30/2021",48,"Yankton County","SD",58.9,13431,13406,68.2,12628,70.1,4047,91.1,96.6,16198,71,15880,80.8,14959,83.1,4986,99.9,"B",8,8,8,8,"Non-metro",8,8,8,8
"2047",2020,"SOUTH DAKOTA","SD","ZIEBACH",46137,"US PRESIDENT","DONALD J TRUMP","REPUBLICAN",404,906,20210622,"TOTAL",0.445916114790287,"11/30/2021",48,"Ziebach County","SD",25.4,701,701,30.1,624,31.2,133,50.4,96.6,901,32.7,848,36.4,739,37,145,54.9,"D",13,14,14,15,"Non-metro",5,6,6,7
"2048",2020,"TENNESSEE","TN","ANDERSON",47001,"US PRESIDENT","DONALD J TRUMP","REPUBLICAN",23184,35570,20210622,"TOTAL",0.65178521225752,"11/30/2021",48,"Anderson County","TN",51.6,39722,39713,59.6,37807,62.3,12888,82.6,97.9,44740,58.1,44296,66.5,41941,69.1,13741,88.1,"C",12,12,12,12,"Metro",4,4,4,4
"2049",2020,"TENNESSEE","TN","BEDFORD",47003,"US PRESIDENT","DONALD J TRUMP","REPUBLICAN",14354,19088,20210622,"TOTAL",0.75199077954736,"11/30/2021",48,"Bedford County","TN",38.8,19271,19268,46.4,18270,49.2,5827,77.2,97.9,22152,44.6,22038,53.1,20815,56.1,6270,83.1,"D",14,15,15,16,"Non-metro",6,7,7,8
"2050",2020,"TENNESSEE","TN","BENTON",47005,"US PRESIDENT","DONALD J TRUMP","REPUBLICAN",5668,7260,20210622,"TOTAL",0.780716253443526,"11/30/2021",48,"Benton County","TN",41.1,6645,6645,47.4,6443,49.7,2823,73.1,97.9,7402,45.8,7383,52.7,7157,55.3,2977,77.1,"C",11,11,11,12,"Non-metro",7,7,7,8
"2051",2020,"TENNESSEE","TN","BLEDSOE",47007,"US PRESIDENT","DONALD J TRUMP","REPUBLICAN",4725,5758,20210622,"TOTAL",0.820597429663077,"11/30/2021",48,"Bledsoe County","TN",32.7,4926,4926,35.9,4794,37.2,1822,64.2,97.9,5735,38.1,5709,41.7,5549,43.1,2000,70.4,"D",14,14,14,15,"Non-metro",6,6,6,7
"2052",2020,"TENNESSEE","TN","BLOUNT",47009,"US PRESIDENT","DONALD J TRUMP","REPUBLICAN",47369,66609,20210622,"TOTAL",0.711150144875317,"11/30/2021",48,"Blount County","TN",48.4,64481,64476,55.5,61654,57.9,21842,79.8,97.9,72455,54.4,71839,61.8,68440,64.2,23343,85.3,"A",3,4,4,4,"Metro",3,4,4,4
"2053",2020,"TENNESSEE","TN","BRADLEY",47011,"US PRESIDENT","DONALD J TRUMP","REPUBLICAN",35204,45865,20210622,"TOTAL",0.767556960645372,"11/30/2021",48,"Bradley County","TN",38.5,41637,41633,44.8,39911,47.2,13130,70.1,97.9,47159,43.6,46870,50.4,44777,53,14072,75.2,"C",10,11,11,12,"Metro",2,3,3,4
"2054",2020,"TENNESSEE","TN","CAMPBELL",47013,"US PRESIDENT","DONALD J TRUMP","REPUBLICAN",12331,14933,20210622,"TOTAL",0.825755039174982,"11/30/2021",48,"Campbell County","TN",40.5,16149,16149,46.6,15616,49.2,5916,70.7,97.9,18456,46.3,18397,53.1,17756,55.9,6468,77.3,"C",11,11,11,12,"Metro",3,3,3,4
"2055",2020,"TENNESSEE","TN","CANNON",47015,"US PRESIDENT","DONALD J TRUMP","REPUBLICAN",5190,6557,20210622,"TOTAL",0.791520512429465,"11/30/2021",48,"Cannon County","TN",29.6,4348,4348,34.6,4239,36.8,1542,56.6,97.9,4917,33.5,4901,39,4763,41.3,1669,61.3,"B",5,6,6,7,"Metro",1,2,2,3
"2056",2020,"TENNESSEE","TN","CARROLL",47017,"US PRESIDENT","DONALD J TRUMP","REPUBLICAN",9205,11905,20210622,"TOTAL",0.773204535909282,"11/30/2021",48,"Carroll County","TN",44.6,12390,12390,52,12035,55.2,4829,84.2,97.9,14221,51.2,14184,59.5,13737,63,5257,91.7,"C",11,12,12,12,"Non-metro",7,8,8,8
"2057",2020,"TENNESSEE","TN","CARTER",47019,"US PRESIDENT","DONALD J TRUMP","REPUBLICAN",19584,24492,20210622,"TOTAL",0.799608035276825,"11/30/2021",48,"Carter County","TN",37.4,21105,21104,42.2,20273,43.9,7986,63.3,97.9,24013,42.6,23872,47.7,22875,49.5,8754,69.4,"C",10,11,11,11,"Metro",2,3,3,3
"2058",2020,"TENNESSEE","TN","CHEATHAM",47021,"US PRESIDENT","DONALD J TRUMP","REPUBLICAN",14438,20260,20210622,"TOTAL",0.712635735439289,"11/30/2021",48,"Cheatham County","TN",46.7,18974,18966,54.1,18010,56.7,5225,82.7,97.9,21264,52.3,21094,60.1,19990,62.9,5596,88.6,"A",3,4,4,4,"Metro",3,4,4,4
"2059",2020,"TENNESSEE","TN","CHESTER",47023,"US PRESIDENT","DONALD J TRUMP","REPUBLICAN",5952,7584,20210622,"TOTAL",0.784810126582278,"11/30/2021",48,"Chester County","TN",32.9,5690,5690,38.2,5430,40.1,1880,63,97.9,6376,36.9,6351,42.6,6049,44.7,2029,68,"C",10,10,11,11,"Metro",2,2,3,3
"2060",2020,"TENNESSEE","TN","CLAIBORNE",47025,"US PRESIDENT","DONALD J TRUMP","REPUBLICAN",10604,12945,20210622,"TOTAL",0.81915797605253,"11/30/2021",48,"Claiborne County","TN",41.3,13202,13202,47.1,12862,49.7,4799,74.1,97.9,15176,47.5,15150,54,14694,56.8,5247,81,"C",11,11,11,12,"Non-metro",7,7,7,8
"2061",2020,"TENNESSEE","TN","CLAY",47027,"US PRESIDENT","DONALD J TRUMP","REPUBLICAN",2733,3506,20210622,"TOTAL",0.779520821448945,"11/30/2021",48,"Clay County","TN",27.2,2069,2069,31.2,2019,33.1,941,48.9,97.9,2329,30.6,2319,34.9,2258,37.1,991,51.5,"C",9,10,10,10,"Non-metro",5,6,6,6
"2062",2020,"TENNESSEE","TN","COCKE",47029,"US PRESIDENT","DONALD J TRUMP","REPUBLICAN",12162,14859,20210622,"TOTAL",0.818493842115889,"11/30/2021",48,"Cocke County","TN",46.3,16682,16680,53.2,16132,56.2,6137,78.9,97.9,18652,51.8,18606,59.4,17920,62.4,6530,84,"C",11,12,12,12,"Non-metro",7,8,8,8
"2063",2020,"TENNESSEE","TN","COFFEE",47031,"US PRESIDENT","DONALD J TRUMP","REPUBLICAN",17883,24282,20210622,"TOTAL",0.736471460340993,"11/30/2021",48,"Coffee County","TN",42.5,24014,24013,50.4,23100,53.8,8278,84.2,97.9,27628,48.9,27474,57.7,26356,61.4,9103,92.5,"B",7,8,8,8,"Non-metro",7,8,8,8
"2064",2020,"TENNESSEE","TN","CROCKETT",47033,"US PRESIDENT","DONALD J TRUMP","REPUBLICAN",4673,6114,20210622,"TOTAL",0.764311416421328,"11/30/2021",48,"Crockett County","TN",44.3,6309,6307,52.1,6041,55.4,2091,76.5,97.9,7191,50.5,7165,59.2,6843,62.7,2278,83.4,"D",15,16,16,16,"Metro",3,4,4,4
"2065",2020,"TENNESSEE","TN","CUMBERLAND",47035,"US PRESIDENT","DONALD J TRUMP","REPUBLICAN",25168,32279,20210622,"TOTAL",0.779701973419251,"11/30/2021",48,"Cumberland County","TN",44.1,26671,26669,49.7,26020,52,14506,76.7,97.9,29652,49,29534,55,28771,57.4,15758,83.4,"C",11,11,12,12,"Non-metro",7,7,8,8
"2066",2020,"TENNESSEE","TN","DAVIDSON",47037,"US PRESIDENT","DONALD J TRUMP","REPUBLICAN",100218,309658,20210622,"TOTAL",0.323640919982691,"11/30/2021",48,"Davidson County","TN",59.3,411938,411796,69.4,390026,70.8,75657,86.9,97.9,467357,67.3,459462,77.4,433588,78.7,81392,93.5,"C",12,12,12,12,"Metro",4,4,4,4
"2067",2020,"TENNESSEE","TN","DECATUR",47039,"US PRESIDENT","DONALD J TRUMP","REPUBLICAN",4229,5241,20210622,"TOTAL",0.806907078801755,"11/30/2021",48,"Decatur County","TN",35.6,4148,4148,40.9,4037,43.6,1747,62.3,97.9,4647,39.8,4631,45.6,4491,48.5,1865,66.5,"C",10,11,11,11,"Non-metro",6,7,7,7
"2068",2020,"TENNESSEE","TN","DEKALB",47041,"US PRESIDENT","DONALD J TRUMP","REPUBLICAN",6672,8513,20210622,"TOTAL",0.783742511453072,"11/30/2021",48,"DeKalb County","TN",38.2,7817,7817,44.3,7611,47.3,2782,72.2,97.9,8942,43.6,8912,50.6,8668,53.9,3003,77.9,"B",6,7,7,8,"Non-metro",6,7,7,8
"2069",2020,"TENNESSEE","TN","DICKSON",47043,"US PRESIDENT","DONALD J TRUMP","REPUBLICAN",17643,24323,20210622,"TOTAL",0.725362825309378,"11/30/2021",48,"Dickson County","TN",44.5,24028,24026,52.2,22866,54.9,7210,80.2,97.9,27479,50.9,27252,59.2,25873,62.2,7837,87.2,"B",7,8,8,8,"Metro",3,4,4,4
"2070",2020,"TENNESSEE","TN","DYER",47045,"US PRESIDENT","DONALD J TRUMP","REPUBLICAN",11768,15079,20210622,"TOTAL",0.780423104980436,"11/30/2021",48,"Dyer County","TN",36.9,13730,13726,43.6,13159,46.4,4578,68.6,97.9,15681,42.2,15618,49.7,14914,52.6,4888,73.3,"D",14,15,15,15,"Non-metro",6,7,7,7
"2071",2020,"TENNESSEE","TN","FAYETTE",47047,"US PRESIDENT","DONALD J TRUMP","REPUBLICAN",15690,22984,20210622,"TOTAL",0.682648799164636,"11/30/2021",48,"Fayette County","TN",51.2,21069,21068,58.2,20146,60.1,7072,77.9,97.9,24255,59,24090,66.5,22955,68.5,7781,85.7,"B",8,8,8,8,"Metro",4,4,4,4
"2072",2020,"TENNESSEE","TN","FENTRESS",47049,"US PRESIDENT","DONALD J TRUMP","REPUBLICAN",7441,8729,20210622,"TOTAL",0.852445870088212,"11/30/2021",48,"Fentress County","TN",31.4,5823,5823,36.2,5707,38.7,2611,62.9,97.9,6493,35.1,6468,40.2,6334,43,2724,65.7,"C",10,10,10,11,"Non-metro",6,6,6,7
"2073",2020,"TENNESSEE","TN","FRANKLIN",47051,"US PRESIDENT","DONALD J TRUMP","REPUBLICAN",13987,19132,20210622,"TOTAL",0.731078820823751,"11/30/2021",48,"Franklin County","TN",37.9,15994,15992,43.3,15521,45.8,6202,72.2,97.9,18327,43.4,18228,49.4,17671,52.2,6734,78.4,"B",6,7,7,8,"Non-metro",6,7,7,8
"2074",2020,"TENNESSEE","TN","GIBSON",47053,"US PRESIDENT","DONALD J TRUMP","REPUBLICAN",16259,22335,20210622,"TOTAL",0.727960599955227,"11/30/2021",48,"Gibson County","TN",41.7,20470,20470,49.4,19840,53.1,7535,83.9,97.9,23099,47,23031,55.6,22236,59.6,8057,89.7,"C",11,11,12,12,"Non-metro",7,7,8,8
"2075",2020,"TENNESSEE","TN","GILES",47055,"US PRESIDENT","DONALD J TRUMP","REPUBLICAN",9784,13203,20210622,"TOTAL",0.741043702188896,"11/30/2021",48,"Giles County","TN",36,10615,10614,41.6,10310,44.2,4190,69.2,97.9,12083,41,12047,47.3,11661,50,4528,74.8,"C",10,11,11,11,"Non-metro",6,7,7,7
"2076",2020,"TENNESSEE","TN","GRAINGER",47057,"US PRESIDENT","DONALD J TRUMP","REPUBLICAN",8565,10134,20210622,"TOTAL",0.845174659561871,"11/30/2021",48,"Grainger County","TN",46.2,10770,10769,52.7,10437,55.9,3944,80.8,97.9,11991,51.4,11950,58.5,11578,62.1,4201,86.1,"C",11,12,12,12,"Metro",3,4,4,4
"2077",2020,"TENNESSEE","TN","GREENE",47059,"US PRESIDENT","DONALD J TRUMP","REPUBLICAN",22259,28087,20210622,"TOTAL",0.792501869192153,"11/30/2021",48,"Greene County","TN",43.5,30051,30051,49.4,28731,51.5,11459,75.1,97.9,33398,48.4,33248,54.7,31706,56.9,12181,79.8,"C",11,11,12,12,"Non-metro",7,7,8,8
"2078",2020,"TENNESSEE","TN","GRUNDY",47061,"US PRESIDENT","DONALD J TRUMP","REPUBLICAN",4802,5855,20210622,"TOTAL",0.820153714773698,"11/30/2021",48,"Grundy County","TN",28.4,3813,3813,32.8,3705,35.1,1446,51.3,97.9,4421,32.9,4409,38,4283,40.6,1584,56.2,"D",13,14,14,15,"Non-metro",5,6,6,7
"2079",2020,"TENNESSEE","TN","HAMBLEN",47063,"US PRESIDENT","DONALD J TRUMP","REPUBLICAN",18811,24631,20210622,"TOTAL",0.763712394949454,"11/30/2021",48,"Hamblen County","TN",39.5,25621,25621,46.4,24474,48.9,8300,69.1,97.9,28989,44.6,28854,52.2,27494,55,8933,74.4,"D",14,15,15,15,"Metro",2,3,3,3
"2080",2020,"TENNESSEE","TN","HAMILTON",47065,"US PRESIDENT","DONALD J TRUMP","REPUBLICAN",92108,171113,20210622,"TOTAL",0.538287564358056,"11/30/2021",48,"Hamilton County","TN",52.4,192886,192850,60.8,182003,62.4,53073,80.4,97.9,220903,60.1,217467,68.6,204419,70,57672,87.4,"B",8,8,8,8,"Metro",4,4,4,4
"2081",2020,"TENNESSEE","TN","HANCOCK",47067,"US PRESIDENT","DONALD J TRUMP","REPUBLICAN",2372,2744,20210622,"TOTAL",0.864431486880466,"11/30/2021",48,"Hancock County","TN",30.6,2024,2024,35.4,1975,37.7,743,51.6,97.9,2267,34.2,2254,39.4,2193,41.9,791,55,"D",14,14,14,15,"Non-metro",6,6,6,7
"2082",2020,"TENNESSEE","TN","HARDEMAN",47069,"US PRESIDENT","DONALD J TRUMP","REPUBLICAN",5760,10063,20210622,"TOTAL",0.572393918314618,"11/30/2021",48,"Hardeman County","TN",42.1,10551,10551,48.1,10089,49.7,3457,74.3,97.9,12172,48.6,12094,55.1,11544,56.9,3852,82.8,"D",15,15,15,16,"Non-metro",7,7,7,8
"2083",2020,"TENNESSEE","TN","HARDIN",47071,"US PRESIDENT","DONALD J TRUMP","REPUBLICAN",9559,11538,20210622,"TOTAL",0.828479805858901,"11/30/2021",48,"Hardin County","TN",37.7,9681,9680,43.4,9380,45.9,3860,64.5,97.9,11064,43.1,11021,49.4,10639,52.1,4268,71.3,"C",10,11,11,11,"Non-metro",6,7,7,7
"2084",2020,"TENNESSEE","TN","HAWKINS",47073,"US PRESIDENT","DONALD J TRUMP","REPUBLICAN",20405,24824,20210622,"TOTAL",0.821986786980342,"11/30/2021",48,"Hawkins County","TN",41.4,23514,23513,47.1,22662,49.6,8773,71.3,97.9,26445,46.6,26351,52.8,25347,55.5,9503,77.2,"C",11,11,11,12,"Metro",3,3,3,4
"2085",2020,"TENNESSEE","TN","HAYWOOD",47075,"US PRESIDENT","DONALD J TRUMP","REPUBLICAN",3343,7439,20210622,"TOTAL",0.449388358650356,"11/30/2021",48,"Haywood County","TN",47.6,8238,8238,55.5,7878,58.6,2686,78.7,97.9,9529,55.1,9474,63.9,9011,67,2918,85.4,"D",15,16,16,16,"Non-metro",7,8,8,8
"2086",2020,"TENNESSEE","TN","HENDERSON",47077,"US PRESIDENT","DONALD J TRUMP","REPUBLICAN",9797,12020,20210622,"TOTAL",0.815058236272879,"11/30/2021",48,"Henderson County","TN",38.8,10906,10905,45.4,10544,48.4,3971,74.5,97.9,12307,43.8,12272,51.1,11836,54.4,4278,80.3,"C",10,11,11,12,"Non-metro",6,7,7,8
"2087",2020,"TENNESSEE","TN","HENRY",47079,"US PRESIDENT","DONALD J TRUMP","REPUBLICAN",11239,15047,20210622,"TOTAL",0.746926297600851,"11/30/2021",48,"Henry County","TN",43.8,14159,14159,50.3,13652,53,5862,76.3,97.9,15797,48.8,15746,55.9,15158,58.9,6260,81.5,"C",11,12,12,12,"Non-metro",7,8,8,8
"2088",2020,"TENNESSEE","TN","HICKMAN",47081,"US PRESIDENT","DONALD J TRUMP","REPUBLICAN",7577,9832,20210622,"TOTAL",0.770646867371847,"11/30/2021",48,"Hickman County","TN",39.4,9913,9912,45.4,9622,48.1,3457,76.6,97.9,11148,44.3,11101,50.9,10746,53.7,3690,81.7,"C",10,11,11,12,"Metro",2,3,3,4
"2089",2020,"TENNESSEE","TN","HOUSTON",47083,"US PRESIDENT","DONALD J TRUMP","REPUBLICAN",2718,3686,20210622,"TOTAL",0.737384698860553,"11/30/2021",48,"Houston County","TN",38.9,3190,3190,44.9,3080,47.6,1194,70,97.9,3543,43.2,3529,49.7,3402,52.6,1269,74.4,"C",10,11,11,12,"Non-metro",6,7,7,8
"2090",2020,"TENNESSEE","TN","HUMPHREYS",47085,"US PRESIDENT","DONALD J TRUMP","REPUBLICAN",6120,8236,20210622,"TOTAL",0.743079164643031,"11/30/2021",48,"Humphreys County","TN",39,7252,7250,45.2,7000,48,2784,74,97.9,8241,44.3,8203,51.2,7891,54.1,2999,79.7,"B",6,7,7,8,"Non-metro",6,7,7,8
"2091",2020,"TENNESSEE","TN","JACKSON",47087,"US PRESIDENT","DONALD J TRUMP","REPUBLICAN",4118,5323,20210622,"TOTAL",0.773623896299079,"11/30/2021",48,"Jackson County","TN",31.6,3727,3725,35.7,3643,37.6,1524,56.4,97.9,4148,35.2,4130,39.6,4034,41.6,1636,60.5,"C",10,10,10,11,"Non-metro",6,6,6,7
"2092",2020,"TENNESSEE","TN","JEFFERSON",47089,"US PRESIDENT","DONALD J TRUMP","REPUBLICAN",18651,23616,20210622,"TOTAL",0.789761178861789,"11/30/2021",48,"Jefferson County","TN",46.7,25429,25426,53.1,24348,55.3,9074,81.5,97.9,28300,51.9,28145,58.8,26882,61,9660,86.8,"C",11,12,12,12,"Metro",3,4,4,4
"2093",2020,"TENNESSEE","TN","JOHNSON",47091,"US PRESIDENT","DONALD J TRUMP","REPUBLICAN",6468,7801,20210622,"TOTAL",0.829124471221638,"11/30/2021",48,"Johnson County","TN",34.7,6178,6178,38.9,6007,40.6,2529,61,97.9,7244,40.7,7225,45.5,6993,47.3,2833,68.3,"C",10,10,11,11,"Non-metro",6,6,7,7
"2094",2020,"TENNESSEE","TN","KNOX",47093,"US PRESIDENT","DONALD J TRUMP","REPUBLICAN",124540,220556,20210622,"TOTAL",0.56466384954388,"11/30/2021",48,"Knox County","TN",55.5,261042,260965,64.3,247060,66.4,67271,88.5,97.9,291916,62.1,287677,70.9,271478,73,71933,94.6,"B",8,8,8,8,"Metro",4,4,4,4
"2095",2020,"TENNESSEE","TN","LAKE",47095,"US PRESIDENT","DONALD J TRUMP","REPUBLICAN",1492,2034,20210622,"TOTAL",0.733529990167158,"11/30/2021",48,"Lake County","TN",32.4,2273,2273,35.8,2208,36.7,790,67.2,97.9,2609,37.2,2605,41,2529,42.1,855,72.8,"D",14,14,14,15,"Non-metro",6,6,6,7
"2096",2020,"TENNESSEE","TN","LAUDERDALE",47097,"US PRESIDENT","DONALD J TRUMP","REPUBLICAN",5674,8965,20210622,"TOTAL",0.632905744562186,"11/30/2021",48,"Lauderdale County","TN",34.8,8923,8922,40.5,8667,43.4,2989,71.5,97.9,10242,40,10228,46.5,9918,49.7,3271,78.3,"D",14,15,15,16,"Non-metro",6,7,7,8
"2097",2020,"TENNESSEE","TN","LAWRENCE",47099,"US PRESIDENT","DONALD J TRUMP","REPUBLICAN",15334,18718,20210622,"TOTAL",0.819211454215194,"11/30/2021",48,"Lawrence County","TN",34.1,15032,15032,40.7,14435,43.5,5573,70.3,97.9,17136,38.8,17083,46.3,16357,49.3,6087,76.8,"D",14,15,15,16,"Non-metro",6,7,7,8
"2098",2020,"TENNESSEE","TN","LEWIS",47101,"US PRESIDENT","DONALD J TRUMP","REPUBLICAN",4474,5609,20210622,"TOTAL",0.797646639329649,"11/30/2021",48,"Lewis County","TN",33.4,4097,4097,38.9,3982,41.6,1654,63.3,97.9,4589,37.4,4573,43.4,4437,46.3,1763,67.5,"C",10,10,11,11,"Non-metro",6,6,7,7
"2099",2020,"TENNESSEE","TN","LINCOLN",47103,"US PRESIDENT","DONALD J TRUMP","REPUBLICAN",12281,15608,20210622,"TOTAL",0.786840082009226,"11/30/2021",48,"Lincoln County","TN",39.1,13443,13443,45.5,13032,48.8,5383,79.7,97.9,14965,43.5,14908,50.5,14403,53.9,5697,84.3,"C",10,11,11,12,"Non-metro",6,7,7,8
"2100",2020,"TENNESSEE","TN","LOUDON",47105,"US PRESIDENT","DONALD J TRUMP","REPUBLICAN",21713,29347,20210622,"TOTAL",0.739871196374416,"11/30/2021",48,"Loudon County","TN",59.9,32373,32370,68.4,31357,71.7,13590,93.5,97.9,35849,66.3,35684,75.4,34488,78.9,14522,99.9,"B",8,8,8,8,"Metro",4,4,4,4
"2101",2020,"TENNESSEE","TN","MCMINN",47107,"US PRESIDENT","DONALD J TRUMP","REPUBLICAN",18198,22844,20210622,"TOTAL",0.796620556820172,"11/30/2021",48,"McMinn County","TN",37.1,19944,19944,42.9,19295,45.5,7423,69.4,97.9,22263,41.4,22173,47.7,21422,50.5,7914,74,"C",10,11,11,11,"Non-metro",6,7,7,7
"2102",2020,"TENNESSEE","TN","MCNAIRY",47109,"US PRESIDENT","DONALD J TRUMP","REPUBLICAN",9093,11275,20210622,"TOTAL",0.806474501108647,"11/30/2021",48,"McNairy County","TN",44.3,11379,11378,51.2,11042,54.8,4510,82.9,97.9,13150,51.2,13117,59,12680,62.9,4994,91.8,"C",11,12,12,12,"Non-metro",7,8,8,8
"2103",2020,"TENNESSEE","TN","MACON",47111,"US PRESIDENT","DONALD J TRUMP","REPUBLICAN",8096,9487,20210622,"TOTAL",0.853378307157162,"11/30/2021",48,"Macon County","TN",29.3,7214,7213,35.2,7053,38,2560,64.6,97.9,8077,32.8,8059,39.3,7858,42.3,2730,68.9,"C",9,10,10,11,"Metro",1,2,2,3
"2104",2020,"TENNESSEE","TN","MADISON",47113,"US PRESIDENT","DONALD J TRUMP","REPUBLICAN",23943,42950,20210622,"TOTAL",0.557462165308498,"11/30/2021",48,"Madison County","TN",50.5,49469,49463,59.2,46793,61.5,14671,85.3,97.9,54936,56.1,54622,65.4,51542,67.7,15450,89.8,"C",12,12,12,12,"Metro",4,4,4,4
"2105",2020,"TENNESSEE","TN","MARION",47115,"US PRESIDENT","DONALD J TRUMP","REPUBLICAN",9911,13256,20210622,"TOTAL",0.747661436330718,"11/30/2021",48,"Marion County","TN",41.9,12112,12112,48.5,11669,51.1,4386,74.7,97.9,14088,48.7,14017,56.1,13434,58.8,4749,80.9,"C",11,11,12,12,"Metro",3,3,4,4
"2106",2020,"TENNESSEE","TN","MARSHALL",47117,"US PRESIDENT","DONALD J TRUMP","REPUBLICAN",11043,14878,20210622,"TOTAL",0.742236859792983,"11/30/2021",48,"Marshall County","TN",39.3,13501,13500,46.2,13023,49.3,4279,76.1,97.9,15701,45.7,15621,53.5,15041,56.9,4821,85.8,"C",10,11,11,12,"Non-metro",6,7,7,8
"2107",2020,"TENNESSEE","TN","MAURY",47119,"US PRESIDENT","DONALD J TRUMP","REPUBLICAN",31464,46657,20210622,"TOTAL",0.674368261997128,"11/30/2021",48,"Maury County","TN",59.2,57059,57049,70.2,53758,72.7,15188,96.5,97.9,64291,66.7,63423,78,59649,80.7,16353,99.9,"B",8,8,8,8,"Metro",4,4,4,4
"2108",2020,"TENNESSEE","TN","MEIGS",47121,"US PRESIDENT","DONALD J TRUMP","REPUBLICAN",4467,5532,20210622,"TOTAL",0.807483731019523,"11/30/2021",48,"Meigs County","TN",64.2,7976,7976,73.8,7731,77.8,3087,99.9,97.9,8915,71.8,8885,82.2,8598,86.5,3252,99.9,"B",8,8,8,8,"Non-metro",8,8,8,8
"2109",2020,"TENNESSEE","TN","MONROE",47123,"US PRESIDENT","DONALD J TRUMP","REPUBLICAN",16783,20797,20210622,"TOTAL",0.806991392989374,"11/30/2021",48,"Monroe County","TN",40.6,18878,18878,46.8,18359,49.9,7419,74.3,97.9,20829,44.8,20778,51.5,20183,54.8,7839,78.6,"C",11,11,11,12,"Non-metro",7,7,7,8
"2110",2020,"TENNESSEE","TN","MONTGOMERY",47125,"US PRESIDENT","DONALD J TRUMP","REPUBLICAN",42187,76758,20210622,"TOTAL",0.549610464055864,"11/30/2021",48,"Montgomery County","TN",53.3,111324,111313,65.6,105080,68.7,17435,88.2,97.9,125361,60,124032,73.1,116695,76.2,18984,96.1,"C",12,12,12,12,"Metro",4,4,4,4
"2111",2020,"TENNESSEE","TN","MOORE",47127,"US PRESIDENT","DONALD J TRUMP","REPUBLICAN",2888,3539,20210622,"TOTAL",0.816049731562588,"11/30/2021",48,"Moore County","TN",20.5,1330,1330,23.3,1298,24.8,561,39.2,97.9,1528,23.6,1524,26.6,1484,28.4,617,43.1,"A",1,1,1,2,"Non-metro",5,5,5,6
"2112",2020,"TENNESSEE","TN","MORGAN",47129,"US PRESIDENT","DONALD J TRUMP","REPUBLICAN",6930,8228,20210622,"TOTAL",0.842245989304813,"11/30/2021",48,"Morgan County","TN",48.4,10351,10351,54.8,10067,58,3613,90.9,97.9,11624,54.3,11580,61.4,11245,64.8,3854,97,"C",11,12,12,12,"Metro",3,4,4,4
"2113",2020,"TENNESSEE","TN","OBION",47131,"US PRESIDENT","DONALD J TRUMP","REPUBLICAN",10790,13521,20210622,"TOTAL",0.798017898084461,"11/30/2021",48,"Obion County","TN",37.5,11277,11276,43.7,10982,46.6,4519,72.5,97.9,13028,43.3,12991,50.4,12614,53.5,4906,78.7,"D",14,15,15,16,"Non-metro",6,7,7,8
"2114",2020,"TENNESSEE","TN","OVERTON",47133,"US PRESIDENT","DONALD J TRUMP","REPUBLICAN",7918,10037,20210622,"TOTAL",0.788881139782804,"11/30/2021",48,"Overton County","TN",33.3,7416,7416,38.5,7201,41.1,3020,65.7,97.9,8255,37.1,8232,42.7,7979,45.6,3195,69.5,"B",6,6,7,7,"Non-metro",6,6,7,7
"2115",2020,"TENNESSEE","TN","PERRY",47135,"US PRESIDENT","DONALD J TRUMP","REPUBLICAN",2775,3428,20210622,"TOTAL",0.80950991831972,"11/30/2021",48,"Perry County","TN",37.8,3056,3056,44.6,2943,46.8,1234,71.5,97.9,3420,42.3,3414,49.8,3293,52.4,1323,76.7,"C",10,11,11,12,"Non-metro",6,7,7,8
"2116",2020,"TENNESSEE","TN","PICKETT",47137,"US PRESIDENT","DONALD J TRUMP","REPUBLICAN",2381,2931,20210622,"TOTAL",0.812350733538042,"11/30/2021",48,"Pickett County","TN",41.3,2083,2083,45.8,2032,48.6,953,67.9,97.9,2340,46.4,2328,51.2,2266,54.1,1047,74.6,"B",7,7,7,7,"Non-metro",7,7,7,7
"2117",2020,"TENNESSEE","TN","POLK",47139,"US PRESIDENT","DONALD J TRUMP","REPUBLICAN",6792,8360,20210622,"TOTAL",0.81244019138756,"11/30/2021",48,"Polk County","TN",39.4,6636,6635,44.8,6493,47.7,2614,71.6,97.9,7288,43.3,7263,49.1,7100,52.1,2794,76.5,"B",6,7,7,8,"Metro",2,3,3,4
"2118",2020,"TENNESSEE","TN","PUTNAM",47141,"US PRESIDENT","DONALD J TRUMP","REPUBLICAN",23759,33593,20210622,"TOTAL",0.707260441163338,"11/30/2021",48,"Putnam County","TN",47.6,38176,38171,55.1,36628,57.7,12158,90.3,97.9,42351,52.8,42088,60.7,40277,63.4,12865,95.6,"C",11,12,12,12,"Non-metro",7,8,8,8
"2119",2020,"TENNESSEE","TN","RHEA",47143,"US PRESIDENT","DONALD J TRUMP","REPUBLICAN",11050,13637,20210622,"TOTAL",0.810295519542421,"11/30/2021",48,"Rhea County","TN",40,13266,13266,46.7,12885,50.1,4840,77.5,97.9,14940,45,14888,52.4,14399,55.9,5162,82.6,"D",15,15,16,16,"Non-metro",7,7,8,8
"2120",2020,"TENNESSEE","TN","ROANE",47145,"US PRESIDENT","DONALD J TRUMP","REPUBLICAN",19230,25917,20210622,"TOTAL",0.741984025928927,"11/30/2021",48,"Roane County","TN",41.9,22359,22358,47.4,21593,49.7,8169,66.1,97.9,24759,46.4,24667,52.3,23780,54.7,8681,70.2,"B",7,7,7,7,"Metro",3,3,3,3
"2121",2020,"TENNESSEE","TN","ROBERTSON",47147,"US PRESIDENT","DONALD J TRUMP","REPUBLICAN",24536,33717,20210622,"TOTAL",0.727704125515319,"11/30/2021",48,"Robertson County","TN",48,34485,34480,56.7,32832,59.8,9252,83.9,97.9,38879,54.1,38581,63.4,36561,66.6,9951,90.3,"B",7,8,8,8,"Metro",3,4,4,4
"2122",2020,"TENNESSEE","TN","RUTHERFORD",47149,"US PRESIDENT","DONALD J TRUMP","REPUBLICAN",81480,143878,20210622,"TOTAL",0.566313126398755,"11/30/2021",48,"Rutherford County","TN",48.9,162404,162383,58.2,150944,60.2,31254,87.2,97.9,184801,55.6,182355,65.4,168983,67.4,33827,94.4,"B",7,8,8,8,"Metro",3,4,4,4
"2123",2020,"TENNESSEE","TN","SCOTT",47151,"US PRESIDENT","DONALD J TRUMP","REPUBLICAN",8004,9052,20210622,"TOTAL",0.884224480777729,"11/30/2021",48,"Scott County","TN",33.9,7491,7491,40,7241,43.2,2547,67.2,97.9,8409,38.1,8384,44.8,8098,48.4,2672,70.5,"D",14,15,15,15,"Non-metro",6,7,7,7
"2124",2020,"TENNESSEE","TN","SEQUATCHIE",47153,"US PRESIDENT","DONALD J TRUMP","REPUBLICAN",5855,7252,20210622,"TOTAL",0.807363485934914,"11/30/2021",48,"Sequatchie County","TN",32.2,4833,4833,36.9,4658,39.1,1868,59.7,97.9,5683,37.8,5657,43.2,5431,45.5,2086,66.6,"C",10,10,10,11,"Metro",2,2,2,3
"2125",2020,"TENNESSEE","TN","SEVIER",47155,"US PRESIDENT","DONALD J TRUMP","REPUBLICAN",33783,43535,20210622,"TOTAL",0.775996324796141,"11/30/2021",48,"Sevier County","TN",46.5,45716,45715,53.6,43852,56.1,15348,76.8,97.9,52448,53.4,52200,61.2,49894,63.8,16570,83,"C",11,12,12,12,"Non-metro",7,8,8,8
"2126",2020,"TENNESSEE","TN","SHELBY",47157,"US PRESIDENT","DONALD J TRUMP","REPUBLICAN",129815,382055,20210622,"TOTAL",0.339780921595058,"11/30/2021",48,"Shelby County","TN",49.4,462984,462922,59.4,432365,61.4,106227,80.9,97.9,567073,60.5,559163,71.7,520434,73.9,122842,93.5,"D",15,16,16,16,"Metro",3,4,4,4
"2127",2020,"TENNESSEE","TN","SMITH",47159,"US PRESIDENT","DONALD J TRUMP","REPUBLICAN",7136,9051,20210622,"TOTAL",0.78842116893161,"11/30/2021",48,"Smith County","TN",30.5,6144,6144,35.6,5979,38.2,2140,61.4,97.9,6990,34.7,6958,40.4,6763,43.2,2305,66.1,"B",6,6,6,7,"Metro",2,2,2,3
"2128",2020,"TENNESSEE","TN","STEWART",47161,"US PRESIDENT","DONALD J TRUMP","REPUBLICAN",4950,6296,20210622,"TOTAL",0.786213468869123,"11/30/2021",48,"Stewart County","TN",39.4,5398,5398,45.2,5177,47.6,2041,72,97.9,6096,44.4,6078,50.9,5813,53.5,2184,77.1,"B",6,7,7,8,"Non-metro",6,7,7,8
"2129",2020,"TENNESSEE","TN","SULLIVAN",47163,"US PRESIDENT","DONALD J TRUMP","REPUBLICAN",55860,74357,20210622,"TOTAL",0.751240636389311,"11/30/2021",48,"Sullivan County","TN",52.2,82628,82594,59.4,78920,61.6,29036,82.5,97.9,93760,59.2,92944,66.8,88626,69.2,31633,89.9,"C",12,12,12,12,"Metro",4,4,4,4
"2130",2020,"TENNESSEE","TN","SUMNER",47165,"US PRESIDENT","DONALD J TRUMP","REPUBLICAN",63454,92630,20210622,"TOTAL",0.685026449314477,"11/30/2021",48,"Sumner County","TN",44.1,84376,84365,52,79682,54.4,23492,75.7,97.9,95535,49.9,94506,58.2,88962,60.7,25608,82.5,"A",3,4,4,4,"Metro",3,4,4,4
"2131",2020,"TENNESSEE","TN","TIPTON",47167,"US PRESIDENT","DONALD J TRUMP","REPUBLICAN",20070,27308,20210622,"TOTAL",0.734949465358137,"11/30/2021",48,"Tipton County","TN",36.9,22721,22719,43.6,21579,46.2,6537,71.1,97.9,26053,42.3,25864,49.6,24474,52.4,7104,77.3,"B",6,7,7,8,"Metro",2,3,3,4
"2132",2020,"TENNESSEE","TN","TROUSDALE",47169,"US PRESIDENT","DONALD J TRUMP","REPUBLICAN",2936,3998,20210622,"TOTAL",0.734367183591796,"11/30/2021",48,"Trousdale County","TN",33.8,3815,3815,38.5,3704,40,1144,78.2,97.9,4311,38.2,4299,43.4,4170,45,1231,84.1,"C",10,10,11,12,"Metro",2,2,3,4
"2133",2020,"TENNESSEE","TN","UNICOI",47171,"US PRESIDENT","DONALD J TRUMP","REPUBLICAN",6599,8307,20210622,"TOTAL",0.794390273263513,"11/30/2021",48,"Unicoi County","TN",50.5,9022,9019,57.1,8690,59.7,3357,80.6,97.9,10171,56.9,10123,64.1,9703,66.6,3608,86.6,"D",16,16,16,16,"Metro",4,4,4,4
"2134",2020,"TENNESSEE","TN","UNION",47173,"US PRESIDENT","DONALD J TRUMP","REPUBLICAN",6803,8123,20210622,"TOTAL",0.83749846115967,"11/30/2021",48,"Union County","TN",32.5,6490,6489,37.7,6295,40.2,2217,59.7,97.9,7364,36.9,7349,42.7,7107,45.3,2374,63.9,"C",10,10,11,11,"Metro",2,2,3,3
"2135",2020,"TENNESSEE","TN","VAN BUREN",47175,"US PRESIDENT","DONALD J TRUMP","REPUBLICAN",2342,2921,20210622,"TOTAL",0.801780212256077,"11/30/2021",48,"Van Buren County","TN",54.2,3182,3182,62.3,3088,65.5,1281,93.2,97.9,3580,61,3575,70,3472,73.6,1371,99.7,"C",12,12,12,12,"Non-metro",8,8,8,8
"2136",2020,"TENNESSEE","TN","WARREN",47177,"US PRESIDENT","DONALD J TRUMP","REPUBLICAN",11850,16009,20210622,"TOTAL",0.740208632644138,"11/30/2021",48,"Warren County","TN",38.1,15725,15723,44.8,15085,47.6,5444,73.6,97.9,17862,43.3,17770,50.6,16997,53.7,5839,79,"D",14,15,15,16,"Non-metro",6,7,7,8
"2137",2020,"TENNESSEE","TN","WASHINGTON",47179,"US PRESIDENT","DONALD J TRUMP","REPUBLICAN",40444,60203,20210622,"TOTAL",0.671793764430344,"11/30/2021",48,"Washington County","TN",54.9,71072,71065,62.6,67656,64.5,21736,89.5,97.9,80701,62.4,79755,70.2,75634,72.1,23532,96.9,"B",8,8,8,8,"Metro",4,4,4,4
"2138",2020,"TENNESSEE","TN","WAYNE",47181,"US PRESIDENT","DONALD J TRUMP","REPUBLICAN",5795,6669,20210622,"TOTAL",0.868945868945869,"11/30/2021",48,"Wayne County","TN",38.5,6413,6411,42.9,6199,44.6,2333,70.4,97.9,7194,43.1,7169,48,6918,49.8,2514,75.8,"D",14,15,15,16,"Non-metro",6,7,7,8
"2139",2020,"TENNESSEE","TN","WEAKLEY",47183,"US PRESIDENT","DONALD J TRUMP","REPUBLICAN",10396,13735,20210622,"TOTAL",0.756898434655988,"11/30/2021",48,"Weakley County","TN",35.4,11796,11795,40.6,11396,42.3,4219,66.5,97.9,13358,40.1,13294,45.7,12843,47.7,4538,71.5,"C",10,11,11,11,"Non-metro",6,7,7,7
"2140",2020,"TENNESSEE","TN","WHITE",47185,"US PRESIDENT","DONALD J TRUMP","REPUBLICAN",9606,11895,20210622,"TOTAL",0.807566204287516,"11/30/2021",48,"White County","TN",39.8,10892,10889,46.4,10572,49.4,4431,78.9,97.9,12167,44.5,12109,51.6,11732,54.9,4746,84.5,"C",10,11,11,12,"Non-metro",6,7,7,8
"2141",2020,"TENNESSEE","TN","WILLIAMSON",47187,"US PRESIDENT","DONALD J TRUMP","REPUBLICAN",86469,139016,20210622,"TOTAL",0.622007538700581,"11/30/2021",48,"Williamson County","TN",60.4,143998,143955,72.2,131701,75.5,31462,97.7,97.9,161503,67.7,157244,78.9,143216,82.1,33713,99.9,"A",4,4,4,4,"Metro",4,4,4,4
"2142",2020,"TENNESSEE","TN","WILSON",47189,"US PRESIDENT","DONALD J TRUMP","REPUBLICAN",50296,74330,20210622,"TOTAL",0.676658146105206,"11/30/2021",48,"Wilson County","TN",48.7,70463,70447,57.4,66141,59.7,18389,79.3,97.9,79059,54.7,77837,63.5,72903,65.8,19756,85.2,"A",3,4,4,4,"Metro",3,4,4,4
"2143",2020,"UTAH","UT","BEAVER",49001,"US PRESIDENT","DONALD J TRUMP","REPUBLICAN",2695,3100,20210622,"TOTAL",0.869354838709677,"11/30/2021",48,"Beaver County","UT",42.4,2844,2843,53.7,2660,58.7,830,87.7,97.5,3376,50.3,3362,63.6,3115,68.7,931,98.4,"B",7,8,8,8,"Non-metro",7,8,8,8
"2144",2020,"UTAH","UT","BOX ELDER",49003,"US PRESIDENT","DONALD J TRUMP","REPUBLICAN",21548,27023,20210622,"TOTAL",0.797394811826962,"11/30/2021",48,"Box Elder County","UT",44.8,25124,25120,56.2,22810,59.1,6069,82,97.5,29667,52.9,29223,65.4,26389,68.4,6921,93.5,"A",3,4,4,4,"Metro",3,4,4,4
"2145",2020,"UTAH","UT","CACHE",49005,"US PRESIDENT","DONALD J TRUMP","REPUBLICAN",38032,58358,20210622,"TOTAL",0.651701566194866,"11/30/2021",48,"Cache County","UT",50.1,64307,64297,62.7,57924,64.6,11246,89.5,97.5,76663,59.8,75216,73.3,67497,75.3,12735,99.9,"B",8,8,8,8,"Metro",4,4,4,4
"2146",2020,"UTAH","UT","CARBON",49007,"US PRESIDENT","DONALD J TRUMP","REPUBLICAN",6693,9369,20210622,"TOTAL",0.714377201408902,"11/30/2021",48,"Carbon County","UT",43.2,8849,8849,51.7,8329,54.7,2958,80.2,97.5,10423,50.9,10296,60.2,9609,63.1,3292,89.3,"C",11,12,12,12,"Non-metro",7,8,8,8
"2147",2020,"UTAH","UT","DAGGETT",49009,"US PRESIDENT","DONALD J TRUMP","REPUBLICAN",496,619,20210622,"TOTAL",0.801292407108239,"11/30/2021",48,"Daggett County","UT",57.9,550,550,66.2,527,71.6,201,77.6,97.5,718,75.6,713,85.8,676,91.8,262,99.9,"A",4,4,4,4,"Non-metro",8,8,8,8
"2148",2020,"UTAH","UT","DAVIS",49011,"US PRESIDENT","DONALD J TRUMP","REPUBLICAN",104135,169814,20210622,"TOTAL",0.613229769041422,"11/30/2021",48,"Davis County","UT",57.9,205772,205734,73.1,181256,74.7,33345,91,97.5,231138,65,224590,79.8,197287,81.3,33952,92.7,"A",4,4,4,4,"Metro",4,4,4,4
"2149",2020,"UTAH","UT","DUCHESNE",49013,"US PRESIDENT","DONALD J TRUMP","REPUBLICAN",7512,8561,20210622,"TOTAL",0.877467585562434,"11/30/2021",48,"Duchesne County","UT",38.9,7759,7751,50.1,7121,53.6,2054,82.8,97.5,9538,47.8,9396,60.8,8548,64.4,2349,94.7,"B",6,8,8,8,"Non-metro",6,8,8,8
"2150",2020,"UTAH","UT","EMERY",49015,"US PRESIDENT","DONALD J TRUMP","REPUBLICAN",4207,4898,20210622,"TOTAL",0.858922008983258,"11/30/2021",48,"Emery County","UT",40.8,4086,4086,49.5,3856,53.8,1397,79,97.5,4678,46.7,4633,56.2,4335,60.5,1562,88.3,"B",7,7,8,8,"Non-metro",7,7,8,8
"2151",2020,"UTAH","UT","GARFIELD",49017,"US PRESIDENT","DONALD J TRUMP","REPUBLICAN",2158,2732,20210622,"TOTAL",0.789897510980966,"11/30/2021",48,"Garfield County","UT",51.8,2614,2614,59.9,2489,64,886,73,97.5,2971,58.8,2965,68,2815,72.4,964,79.4,"B",8,8,8,8,"Non-metro",8,8,8,8
"2152",2020,"UTAH","UT","GRAND",49019,"US PRESIDENT","DONALD J TRUMP","REPUBLICAN",2248,5185,20210622,"TOTAL",0.433558341369335,"11/30/2021",48,"Grand County","UT",60.9,5937,5937,71,5647,73.8,1580,83.6,97.5,7077,72.6,6962,83.3,6622,86.5,1796,95,"C",12,12,12,12,"Non-metro",8,8,8,8
"2153",2020,"UTAH","UT","IRON",49021,"US PRESIDENT","DONALD J TRUMP","REPUBLICAN",18989,25104,20210622,"TOTAL",0.756413320586361,"11/30/2021",48,"Iron County","UT",40.4,22132,22126,49.5,20716,52.8,5846,82.7,97.5,25673,46.8,25449,57,23680,60.3,6305,89.2,"B",7,7,8,8,"Non-metro",7,7,8,8
"2154",2020,"UTAH","UT","JUAB",49023,"US PRESIDENT","DONALD J TRUMP","REPUBLICAN",5087,5865,20210622,"TOTAL",0.867348678601875,"11/30/2021",48,"Juab County","UT",32.9,3951,3951,42.4,3700,46.8,1151,80.7,97.5,4708,39.2,4695,50.3,4386,55.4,1289,90.3,"A",2,3,3,4,"Metro",2,3,3,4
"2155",2020,"UTAH","UT","KANE",49025,"US PRESIDENT","DONALD J TRUMP","REPUBLICAN",2998,4180,20210622,"TOTAL",0.717224880382775,"11/30/2021",48,"Kane County","UT",46.1,3636,3633,54.4,3499,58.1,1440,78,97.5,4120,52.2,4099,61.4,3929,65.3,1581,85.6,"A",3,4,4,4,"Non-metro",7,8,8,8
"2156",2020,"UTAH","UT","MILLARD",49027,"US PRESIDENT","DONALD J TRUMP","REPUBLICAN",5404,6190,20210622,"TOTAL",0.873021001615509,"11/30/2021",48,"Millard County","UT",39.7,5233,5233,49.6,4887,53.7,1661,70.7,97.5,6190,46.9,6149,58.2,5774,63.5,1924,81.9,"B",6,7,8,8,"Non-metro",6,7,8,8
"2157",2020,"UTAH","UT","MORGAN",49029,"US PRESIDENT","DONALD J TRUMP","REPUBLICAN",5181,6606,20210622,"TOTAL",0.784287011807448,"11/30/2021",48,"Morgan County","UT",46.2,5600,5599,58.7,4975,62.8,1240,85.8,97.5,6572,54.2,6484,68,5722,72.2,1380,95.5,"A",3,4,4,4,"Metro",3,4,4,4
"2158",2020,"UTAH","UT","PIUTE",49031,"US PRESIDENT","DONALD J TRUMP","REPUBLICAN",773,871,20210622,"TOTAL",0.887485648679678,"11/30/2021",48,"Piute County","UT",36.1,534,534,41,514,45.8,263,63.2,97.5,638,43.1,638,49,606,54,298,71.6,"B",6,7,7,7,"Non-metro",6,7,7,7
"2159",2020,"UTAH","UT","RICH",49033,"US PRESIDENT","DONALD J TRUMP","REPUBLICAN",1157,1369,20210622,"TOTAL",0.845142439737034,"11/30/2021",48,"Rich County","UT",44,1092,1092,54.4,1035,59,369,80.6,97.5,1402,56.5,1392,69.3,1313,74.9,461,99.9,"A",3,4,4,4,"Non-metro",7,8,8,8
"2160",2020,"UTAH","UT","SAN JUAN",49037,"US PRESIDENT","DONALD J TRUMP","REPUBLICAN",3535,6877,20210622,"TOTAL",0.514032281518104,"11/30/2021",48,"San Juan County","UT",53.8,8241,8237,66.1,7399,68.4,1806,79.2,97.5,9761,63.8,9551,76.7,8562,79.1,1968,86.3,"D",16,16,16,16,"Non-metro",8,8,8,8
"2161",2020,"UTAH","UT","SANPETE",49039,"US PRESIDENT","DONALD J TRUMP","REPUBLICAN",10459,12625,20210622,"TOTAL",0.828435643564356,"11/30/2021",48,"Sanpete County","UT",35.6,11014,11014,42,10046,43.4,3194,71.2,97.5,12967,41.9,12876,49.1,11641,50.3,3587,79.9,"C",10,11,11,12,"Non-metro",6,7,7,8
"2162",2020,"UTAH","UT","SEVIER",49041,"US PRESIDENT","DONALD J TRUMP","REPUBLICAN",9052,10362,20210622,"TOTAL",0.873576529627485,"11/30/2021",48,"Sevier County","UT",38.7,8364,8363,47.4,7764,50.5,2822,79.1,97.5,9815,45.4,9747,55.2,8999,58.6,3152,88.4,"B",6,7,8,8,"Non-metro",6,7,8,8
"2163",2020,"UTAH","UT","SUMMIT",49043,"US PRESIDENT","DONALD J TRUMP","REPUBLICAN",10252,26086,20210622,"TOTAL",0.393007743617266,"11/30/2021",48,"Summit County","UT",77.7,32762,32740,90.8,30095,93.9,5997,99.9,97.5,39230,93.1,37948,99.9,34775,99.9,6765,99.9,"A",4,4,4,4,"Non-metro",8,8,8,8
"2164",2020,"UTAH","UT","TOOELE",49045,"US PRESIDENT","DONALD J TRUMP","REPUBLICAN",21014,31506,20210622,"TOTAL",0.666984066527011,"11/30/2021",48,"Tooele County","UT",50.7,36620,36616,64,32441,66.2,6122,90.7,97.5,42398,58.7,41690,72.8,36870,75.2,6671,98.9,"B",8,8,8,8,"Metro",4,4,4,4
"2165",2020,"UTAH","UT","UINTAH",49047,"US PRESIDENT","DONALD J TRUMP","REPUBLICAN",13261,15303,20210622,"TOTAL",0.866562112004182,"11/30/2021",48,"Uintah County","UT",36.9,13172,13163,47,11872,49.5,3060,76.1,97.5,16536,46.3,16264,58,14383,60,3446,85.7,"B",6,7,7,8,"Non-metro",6,7,7,8
"2166",2020,"UTAH","UT","UTAH",49049,"US PRESIDENT","DONALD J TRUMP","REPUBLICAN",192812,284286,20210622,"TOTAL",0.678232484188458,"11/30/2021",48,"Utah County","UT",48,305263,305218,61.5,275322,64.5,42905,85,97.5,362668,57,357251,72,320689,75.1,48260,95.6,"B",7,8,8,8,"Metro",3,4,4,4
"2167",2020,"UTAH","UT","WASATCH",49051,"US PRESIDENT","DONALD J TRUMP","REPUBLICAN",10795,17790,20210622,"TOTAL",0.606801573917931,"11/30/2021",48,"Wasatch County","UT",52.9,18027,18024,65.7,16143,68.3,3743,89.3,97.5,20459,60,20069,73.2,17934,75.9,4081,97.4,"A",4,4,4,4,"Non-metro",8,8,8,8
"2168",2020,"UTAH","UT","WASHINGTON",49053,"US PRESIDENT","DONALD J TRUMP","REPUBLICAN",67294,91070,20210622,"TOTAL",0.738926100801581,"11/30/2021",48,"Washington County","UT",46.5,82600,82590,55.7,77824,58.9,31180,79.8,97.5,94037,53,93440,63,87642,66.3,34121,87.3,"B",7,8,8,8,"Metro",3,4,4,4
"2169",2020,"UTAH","UT","WAYNE",49055,"US PRESIDENT","DONALD J TRUMP","REPUBLICAN",1229,1621,20210622,"TOTAL",0.75817396668723,"11/30/2021",48,"Wayne County","UT",49.9,1354,1353,58.8,1302,63.1,483,80.9,97.5,1511,55.7,1510,65.7,1440,69.8,545,91.3,"B",7,8,8,8,"Non-metro",7,8,8,8
"2170",2020,"UTAH","UT","WEBER",49057,"US PRESIDENT","DONALD J TRUMP","REPUBLICAN",65949,111403,20210622,"TOTAL",0.591985853163739,"11/30/2021",48,"Weber County","UT",52.7,137178,137169,64.7,124819,66.5,27069,87.7,97.5,157511,60.5,154728,73,140620,74.9,29976,97.1,"B",8,8,8,8,"Metro",4,4,4,4
"2171",2020,"WASHINGTON","WA","ADAMS",53001,"US PRESIDENT","DONALD J TRUMP","REPUBLICAN",3907,5862,20210622,"TOTAL",0.666496076424429,"11/30/2021",48,"Adams County","WA",53.3,10653,10653,70.7,9842,76.8,2004,88.5,96.1,11823,59.2,11729,77.8,10768,84,2132,94.2,"D",16,16,16,16,"Non-metro",8,8,8,8
"2172",2020,"WASHINGTON","WA","ASOTIN",53003,"US PRESIDENT","DONALD J TRUMP","REPUBLICAN",7319,11951,20210622,"TOTAL",0.612417370931303,"11/30/2021",48,"Asotin County","WA",38.7,8737,8736,44.5,8380,46.4,3818,70.6,96.1,9801,43.4,9776,49.7,9383,52,4226,78.1,"B",6,7,7,8,"Metro",2,3,3,4
"2173",2020,"WASHINGTON","WA","BENTON",53005,"US PRESIDENT","DONALD J TRUMP","REPUBLICAN",60365,103033,20210622,"TOTAL",0.585880251958111,"11/30/2021",48,"Benton County","WA",51.8,105790,105758,62.8,98202,65.4,26144,83.1,96.1,117488,57.5,115593,68.6,107095,71.3,27735,88.2,"C",12,12,12,12,"Metro",4,4,4,4
"2174",2020,"WASHINGTON","WA","CHELAN",53007,"US PRESIDENT","DONALD J TRUMP","REPUBLICAN",22746,43306,20210622,"TOTAL",0.52523899690574,"11/30/2021",48,"Chelan County","WA",64.9,50127,50124,76.8,46724,78.8,13795,90.9,96.1,55692,72.1,54804,84,50978,86,14669,96.7,"C",12,12,12,12,"Metro",4,4,4,4
"2175",2020,"WASHINGTON","WA","CLALLAM",53009,"US PRESIDENT","DONALD J TRUMP","REPUBLICAN",23062,49264,20210622,"TOTAL",0.46813088665151,"11/30/2021",48,"Clallam County","WA",63.8,49335,49326,71.7,47211,73.3,20073,85.2,96.1,53615,69.3,52881,76.9,50585,78.6,21700,92.1,"C",12,12,12,12,"Non-metro",8,8,8,8
"2176",2020,"WASHINGTON","WA","CLARK",53011,"US PRESIDENT","DONALD J TRUMP","REPUBLICAN",126303,275403,20210622,"TOTAL",0.458611561965556,"11/30/2021",48,"Clark County","WA",58.9,287585,287517,69.4,265820,71.2,70817,90.9,96.1,320484,65.6,314809,76,290722,77.8,75860,97.3,"B",8,8,8,8,"Metro",4,4,4,4
"2177",2020,"WASHINGTON","WA","COLUMBIA",53013,"US PRESIDENT","DONALD J TRUMP","REPUBLICAN",1754,2495,20210622,"TOTAL",0.703006012024048,"11/30/2021",48,"Columbia County","WA",44.1,1757,1757,49.9,1676,51.3,689,60.8,96.1,1974,49.5,1962,55.7,1880,57.5,806,71.1,"B",7,7,8,7,"Metro",3,3,4,3
"2178",2020,"WASHINGTON","WA","COWLITZ",53015,"US PRESIDENT","DONALD J TRUMP","REPUBLICAN",34424,60280,20210622,"TOTAL",0.571068347710683,"11/30/2021",48,"Cowlitz County","WA",54.5,60231,60225,64.1,56966,66.7,18664,87.3,96.1,66403,60,65686,69.9,61956,72.5,19810,92.7,"D",16,16,16,16,"Metro",4,4,4,4
"2179",2020,"WASHINGTON","WA","DOUGLAS",53017,"US PRESIDENT","DONALD J TRUMP","REPUBLICAN",12955,21308,20210622,"TOTAL",0.607987610287216,"11/30/2021",48,"Douglas County","WA",56.8,24671,24669,68.5,22998,71.3,6122,77.6,96.1,27098,62.4,26762,74.3,24926,77.3,6447,81.8,"D",16,16,16,16,"Metro",4,4,4,4
"2180",2020,"WASHINGTON","WA","FERRY",53019,"US PRESIDENT","DONALD J TRUMP","REPUBLICAN",2771,4367,20210622,"TOTAL",0.634531715136249,"11/30/2021",48,"Ferry County","WA",50.9,3880,3880,57,3676,57.7,1517,70.4,96.1,4338,56.9,4289,63,4042,63.4,1600,74.3,"D",16,16,16,16,"Non-metro",8,8,8,8
"2181",2020,"WASHINGTON","WA","FRANKLIN",53021,"US PRESIDENT","DONALD J TRUMP","REPUBLICAN",18039,32404,20210622,"TOTAL",0.556690532033082,"11/30/2021",48,"Franklin County","WA",46.8,44589,44579,59.7,40818,63.1,7503,81.6,96.1,49869,52.4,49267,65.9,44812,69.2,7965,86.7,"D",15,16,16,16,"Metro",3,4,4,4
"2182",2020,"WASHINGTON","WA","GARFIELD",53023,"US PRESIDENT","DONALD J TRUMP","REPUBLICAN",1069,1489,20210622,"TOTAL",0.717931497649429,"11/30/2021",48,"Garfield County","WA",36.9,820,820,43.2,766,43.6,288,51.1,96.1,1086,48.8,1082,56.9,1028,58.5,480,85.1,"A",2,3,3,3,"Non-metro",6,7,7,7
"2183",2020,"WASHINGTON","WA","GRANT",53025,"US PRESIDENT","DONALD J TRUMP","REPUBLICAN",24764,37680,20210622,"TOTAL",0.657218683651805,"11/30/2021",48,"Grant County","WA",51.8,50602,50597,64.3,46902,67.9,11182,81.4,96.1,55389,56.7,54871,69.8,50649,73.3,11652,84.9,"D",16,16,16,16,"Non-metro",8,8,8,8
"2184",2020,"WASHINGTON","WA","GRAYS HARBOR",53027,"US PRESIDENT","DONALD J TRUMP","REPUBLICAN",19877,38441,20210622,"TOTAL",0.517078119715928,"11/30/2021",48,"Grays Harbor County","WA",54.3,40790,40779,62.8,38620,64.6,13600,81.2,96.1,44746,59.6,44228,68.1,41804,69.9,14633,87.4,"D",16,16,16,16,"Non-metro",8,8,8,8
"2185",2020,"WASHINGTON","WA","ISLAND",53029,"US PRESIDENT","DONALD J TRUMP","REPUBLICAN",22746,53925,20210622,"TOTAL",0.421808066759388,"11/30/2021",48,"Island County","WA",60.8,51769,51754,69.6,49182,70.5,18880,87.9,96.1,59788,70.2,58766,79,55752,79.9,20299,94.5,"A",4,4,4,4,"Non-metro",8,8,8,8
"2186",2020,"WASHINGTON","WA","JEFFERSON",53031,"US PRESIDENT","DONALD J TRUMP","REPUBLICAN",6931,24792,20210622,"TOTAL",0.279565989028719,"11/30/2021",48,"Jefferson County","WA",72.5,23365,23354,78.4,22558,79.3,11198,91.6,96.1,25148,78,24749,83.1,23906,84.1,11855,97,"A",4,4,4,4,"Non-metro",8,8,8,8
"2187",2020,"WASHINGTON","WA","KING",53033,"US PRESIDENT","DONALD J TRUMP","REPUBLICAN",269167,1210507,20210622,"TOTAL",0.222358895900643,"11/30/2021",48,"King County","WA",73.1,1646817,1643719,84.4,1524470,84.6,277572,91.2,96.1,1823117,80.9,1760333,90.4,1632043,90.6,293047,96.3,"B",8,8,8,8,"Metro",4,4,4,4
"2188",2020,"WASHINGTON","WA","KITSAP",53035,"US PRESIDENT","DONALD J TRUMP","REPUBLICAN",61563,158672,20210622,"TOTAL",0.387989059191288,"11/30/2021",48,"Kitsap County","WA",60.2,163403,163325,69.6,152090,70.2,44415,89.1,96.1,190398,70.1,185788,79.2,173601,80.2,47915,96.1,"B",8,8,8,8,"Metro",4,4,4,4
"2189",2020,"WASHINGTON","WA","KITTITAS",53037,"US PRESIDENT","DONALD J TRUMP","REPUBLICAN",14105,26364,20210622,"TOTAL",0.535009861932939,"11/30/2021",48,"Kittitas County","WA",50.1,24006,24003,56.4,22903,57.4,6784,84.5,96.1,26883,56.1,26495,62.3,25252,63.3,7308,91,"B",8,8,8,8,"Non-metro",8,8,8,8
"2190",2020,"WASHINGTON","WA","KLICKITAT",53039,"US PRESIDENT","DONALD J TRUMP","REPUBLICAN",7237,13560,20210622,"TOTAL",0.533702064896755,"11/30/2021",48,"Klickitat County","WA",44.7,10021,10021,51,9558,52.7,3950,71.8,96.1,10976,48.9,10853,55.2,10333,57,4151,75.5,"C",11,12,12,12,"Non-metro",7,8,8,8
"2191",2020,"WASHINGTON","WA","LEWIS",53041,"US PRESIDENT","DONALD J TRUMP","REPUBLICAN",29391,45309,20210622,"TOTAL",0.648679070383368,"11/30/2021",48,"Lewis County","WA",47.3,38178,38175,55.1,36188,57,12559,73,96.1,42248,52.3,41869,60.4,39624,62.4,13505,78.5,"D",15,16,16,16,"Non-metro",7,8,8,8
"2192",2020,"WASHINGTON","WA","LINCOLN",53043,"US PRESIDENT","DONALD J TRUMP","REPUBLICAN",5150,7033,20210622,"TOTAL",0.732262192520973,"11/30/2021",48,"Lincoln County","WA",49.7,5440,5440,57.6,5185,60.6,2136,75.4,96.1,5749,52.6,5702,60.4,5427,63.4,2230,78.7,"A",3,4,4,4,"Non-metro",7,8,8,8
"2193",2020,"WASHINGTON","WA","MASON",53045,"US PRESIDENT","DONALD J TRUMP","REPUBLICAN",18710,37303,20210622,"TOTAL",0.501568238479479,"11/30/2021",48,"Mason County","WA",55.5,37046,37038,63.7,35141,65.4,12767,82.1,96.1,40954,61.3,40536,69.7,38363,71.4,13677,88,"C",12,12,12,12,"Non-metro",8,8,8,8
"2194",2020,"WASHINGTON","WA","OKANOGAN",53047,"US PRESIDENT","DONALD J TRUMP","REPUBLICAN",11840,21282,20210622,"TOTAL",0.556338689972747,"11/30/2021",48,"Okanogan County","WA",63.2,26713,26707,74.9,25423,78.4,8061,86.6,96.1,29138,69,28716,80.5,27193,83.9,8414,90.4,"D",16,16,16,16,"Non-metro",8,8,8,8
"2195",2020,"WASHINGTON","WA","PACIFIC",53049,"US PRESIDENT","DONALD J TRUMP","REPUBLICAN",6953,14064,20210622,"TOTAL",0.494382821387941,"11/30/2021",48,"Pacific County","WA",51.6,11599,11598,57.3,11122,58.4,5395,74.6,96.1,13067,58.2,12997,64.2,12403,65.2,5865,81.1,"C",12,12,12,12,"Non-metro",8,8,8,8
"2196",2020,"WASHINGTON","WA","PEND OREILLE",53051,"US PRESIDENT","DONALD J TRUMP","REPUBLICAN",5728,8553,20210622,"TOTAL",0.669706535718461,"11/30/2021",48,"Pend Oreille County","WA",37.3,5121,5119,42.5,4919,44.3,2219,60.1,96.1,5803,42.3,5770,47.9,5545,50,2514,68.1,"C",10,11,11,11,"Metro",2,3,3,3
"2197",2020,"WASHINGTON","WA","PIERCE",53053,"US PRESIDENT","DONALD J TRUMP","REPUBLICAN",197730,464081,20210622,"TOTAL",0.4260678631532,"11/30/2021",48,"Pierce County","WA",58.1,525477,524824,68.9,487913,70.3,111260,86.6,96.1,589019,65.1,578934,76,536955,77.3,121775,94.8,"B",8,8,8,8,"Metro",4,4,4,4
"2198",2020,"WASHINGTON","WA","SAN JUAN",53055,"US PRESIDENT","DONALD J TRUMP","REPUBLICAN",3057,13197,20210622,"TOTAL",0.231643555353489,"11/30/2021",48,"San Juan County","WA",75.1,13198,13198,81.4,12517,81.5,5167,83.6,96.1,14396,81.9,14143,87.2,13387,87.2,5339,86.4,"A",4,4,4,4,"Non-metro",8,8,8,8
"2199",2020,"WASHINGTON","WA","SKAGIT",53057,"US PRESIDENT","DONALD J TRUMP","REPUBLICAN",32762,73423,20210622,"TOTAL",0.446208953597647,"11/30/2021",48,"Skagit County","WA",61.6,79551,79490,71.8,74485,73.4,25051,90.2,96.1,87837,68,86426,78.1,80700,79.6,26561,95.6,"C",12,12,12,12,"Metro",4,4,4,4
"2200",2020,"WASHINGTON","WA","SKAMANIA",53059,"US PRESIDENT","DONALD J TRUMP","REPUBLICAN",3885,7312,20210622,"TOTAL",0.531318380743983,"11/30/2021",48,"Skamania County","WA",35.8,4330,4330,40.6,4091,41.5,1424,53.2,96.1,4674,38.7,4635,43.5,4374,44.3,1488,55.6,"A",2,3,3,3,"Metro",2,3,3,3
"2201",2020,"WASHINGTON","WA","SNOHOMISH",53061,"US PRESIDENT","DONALD J TRUMP","REPUBLICAN",166428,438796,20210622,"TOTAL",0.379283311607216,"11/30/2021",48,"Snohomish County","WA",63.4,521221,520950,74.6,482339,75.6,102255,89,96.1,574001,69.8,559300,80.1,517040,81,108420,94.4,"B",8,8,8,8,"Metro",4,4,4,4
"2202",2020,"WASHINGTON","WA","SPOKANE",53063,"US PRESIDENT","DONALD J TRUMP","REPUBLICAN",148576,295430,20210622,"TOTAL",0.502914395965203,"11/30/2021",48,"Spokane County","WA",55.7,291309,291281,65.2,273723,67.1,76204,88,96.1,325732,62.3,320317,71.7,300707,73.7,81687,94.3,"B",8,8,8,8,"Metro",4,4,4,4
"2203",2020,"WASHINGTON","WA","STEVENS",53065,"US PRESIDENT","DONALD J TRUMP","REPUBLICAN",19808,28430,20210622,"TOTAL",0.696728807597608,"11/30/2021",48,"Stevens County","WA",36.3,16597,16595,42,15890,44.1,6601,60.5,96.1,18689,40.9,18494,46.8,17587,48.8,7231,66.3,"B",6,7,7,7,"Metro",2,3,3,3
"2204",2020,"WASHINGTON","WA","THURSTON",53067,"US PRESIDENT","DONALD J TRUMP","REPUBLICAN",65277,168134,20210622,"TOTAL",0.388243900698253,"11/30/2021",48,"Thurston County","WA",60.3,175188,175137,70.2,162656,71.1,45218,87.2,96.1,195187,67.2,189732,76.1,175854,76.8,48422,93.4,"B",8,8,8,8,"Metro",4,4,4,4
"2205",2020,"WASHINGTON","WA","WAHKIAKUM",53069,"US PRESIDENT","DONALD J TRUMP","REPUBLICAN",1741,2981,20210622,"TOTAL",0.584032203958403,"11/30/2021",48,"Wahkiakum County","WA",46.7,2095,2095,52,2026,54.5,981,66.2,96.1,2250,50.1,2222,55.2,2142,57.6,1024,69.1,"A",3,4,4,3,"Non-metro",7,8,8,7
"2206",2020,"WASHINGTON","WA","WALLA WALLA",53071,"US PRESIDENT","DONALD J TRUMP","REPUBLICAN",16400,31261,20210622,"TOTAL",0.524615335401938,"11/30/2021",48,"Walla Walla County","WA",58.5,35569,35564,67.6,33321,69.1,9566,84.2,96.1,39995,65.8,39080,74.3,36592,75.9,10709,94.2,"C",12,12,12,12,"Metro",4,4,4,4
"2207",2020,"WASHINGTON","WA","WHATCOM",53073,"US PRESIDENT","DONALD J TRUMP","REPUBLICAN",50489,138620,20210622,"TOTAL",0.364225941422594,"11/30/2021",48,"Whatcom County","WA",65.8,150807,150703,75.4,141682,76.5,36850,89.4,96.1,167539,73.1,164001,82,153905,83.1,39561,96,"B",8,8,8,8,"Metro",4,4,4,4
"2208",2020,"WASHINGTON","WA","WHITMAN",53075,"US PRESIDENT","DONALD J TRUMP","REPUBLICAN",9067,21126,20210622,"TOTAL",0.429186784057559,"11/30/2021",48,"Whitman County","WA",42.4,21243,21242,47.1,20131,47.3,4389,81.7,96.1,25483,50.9,24834,55,23518,55.2,4985,92.8,"C",11,11,11,12,"Non-metro",7,7,7,8
"2209",2020,"WASHINGTON","WA","YAKIMA",53077,"US PRESIDENT","DONALD J TRUMP","REPUBLICAN",50555,96193,20210622,"TOTAL",0.525557992785338,"11/30/2021",48,"Yakima County","WA",55.8,140003,139965,69.4,127980,72.3,29614,84.1,96.1,158869,63.3,157012,77.9,143121,80.9,32397,92,"D",16,16,16,16,"Metro",4,4,4,4
"2210",2020,"WISCONSIN","WI","ADAMS",55001,"US PRESIDENT","DONALD J TRUMP","REPUBLICAN",7362,11818,20210622,"TOTAL",0.622948045354544,"11/30/2021",48,"Adams County","WI",52.5,10608,10607,57.4,10324,59.4,4537,74.4,96.8,11523,57,11421,61.8,11074,63.7,4804,78.8,"C",12,12,12,12,"Non-metro",8,8,8,8
"2211",2020,"WISCONSIN","WI","ASHLAND",55003,"US PRESIDENT","DONALD J TRUMP","REPUBLICAN",3841,8757,20210622,"TOTAL",0.438620532145712,"11/30/2021",48,"Ashland County","WI",64,9959,9942,74.5,9313,76.7,3107,98.6,96.8,11039,70.9,10724,80.3,9955,82,3228,99.9,"C",12,12,12,12,"Non-metro",8,8,8,8
"2212",2020,"WISCONSIN","WI","BARRON",55005,"US PRESIDENT","DONALD J TRUMP","REPUBLICAN",15803,25346,20210622,"TOTAL",0.623490886135879,"11/30/2021",48,"Barron County","WI",49.8,22516,22515,57.7,21566,60.7,8505,83.3,96.8,24291,53.7,24024,61.6,22925,64.5,8956,87.7,"B",7,8,8,8,"Non-metro",7,8,8,8
"2213",2020,"WISCONSIN","WI","BAYFIELD",55007,"US PRESIDENT","DONALD J TRUMP","REPUBLICAN",4617,10880,20210622,"TOTAL",0.424356617647059,"11/30/2021",48,"Bayfield County","WI",76,11428,11425,85.5,10930,87.9,4398,99.9,96.8,12648,84.1,12451,93.1,11879,95.6,4673,99.9,"A",4,4,4,4,"Non-metro",8,8,8,8
"2214",2020,"WISCONSIN","WI","BROWN",55009,"US PRESIDENT","DONALD J TRUMP","REPUBLICAN",75871,144017,20210622,"TOTAL",0.526819750446128,"11/30/2021",48,"Brown County","WI",58.9,155820,155605,69.6,144776,71.6,39028,95.6,96.8,169734,64.2,165715,74.1,153596,75.9,40827,99.9,"B",8,8,8,8,"Metro",4,4,4,4
"2215",2020,"WISCONSIN","WI","BUFFALO",55011,"US PRESIDENT","DONALD J TRUMP","REPUBLICAN",4834,7816,20210622,"TOTAL",0.618474923234391,"11/30/2021",48,"Buffalo County","WI",46.7,6087,6087,53.8,5754,55.5,2353,79.3,96.8,6676,51.2,6546,57.8,6172,59.5,2476,83.5,"A",3,4,4,4,"Non-metro",7,8,8,8
"2216",2020,"WISCONSIN","WI","BURNETT",55013,"US PRESIDENT","DONALD J TRUMP","REPUBLICAN",6462,10141,20210622,"TOTAL",0.637215264766788,"11/30/2021",48,"Burnett County","WI",52.6,8104,8098,59,7835,61.5,3791,83.7,96.8,9108,59.1,9041,65.9,8687,68.2,4062,89.7,"A",4,4,4,4,"Non-metro",8,8,8,8
"2217",2020,"WISCONSIN","WI","CALUMET",55015,"US PRESIDENT","DONALD J TRUMP","REPUBLICAN",18156,30774,20210622,"TOTAL",0.589978553324235,"11/30/2021",48,"Calumet County","WI",51.5,25805,25784,60.1,24107,62.7,6942,88.3,96.8,27691,55.3,27107,63.2,25263,65.7,7204,91.6,"A",4,4,4,4,"Metro",4,4,4,4
"2218",2020,"WISCONSIN","WI","CHIPPEWA",55017,"US PRESIDENT","DONALD J TRUMP","REPUBLICAN",21317,35938,20210622,"TOTAL",0.593160442985141,"11/30/2021",48,"Chippewa County","WI",52.6,34016,34009,61.2,32211,63.8,10965,92,96.8,36646,56.7,36041,64.8,33993,67.3,11339,95.2,"A",4,4,4,4,"Metro",4,4,4,4
"2219",2020,"WISCONSIN","WI","CLARK",55019,"US PRESIDENT","DONALD J TRUMP","REPUBLICAN",10002,14898,20210622,"TOTAL",0.671365283930729,"11/30/2021",48,"Clark County","WI",34.5,11990,11987,42.8,11461,46.7,4519,76.3,96.8,12704,36.5,12604,45,12010,49,4617,77.9,"C",10,11,11,12,"Non-metro",6,7,7,8
"2220",2020,"WISCONSIN","WI","COLUMBIA",55021,"US PRESIDENT","DONALD J TRUMP","REPUBLICAN",16927,33869,20210622,"TOTAL",0.499778558563878,"11/30/2021",48,"Columbia County","WI",61.3,35284,35262,70.8,33044,72.7,10253,96.9,96.8,38382,66.7,37435,75.2,34958,76.9,10634,99.9,"A",4,4,4,4,"Metro",4,4,4,4
"2221",2020,"WISCONSIN","WI","CRAWFORD",55023,"US PRESIDENT","DONALD J TRUMP","REPUBLICAN",4620,8695,20210622,"TOTAL",0.531339850488787,"11/30/2021",48,"Crawford County","WI",53.8,8674,8674,61.2,8242,63.9,3340,86.4,96.8,9409,58.3,9221,65.1,8724,67.6,3466,89.6,"B",8,8,8,8,"Non-metro",8,8,8,8
"2222",2020,"WISCONSIN","WI","DANE",55025,"US PRESIDENT","DONALD J TRUMP","REPUBLICAN",78800,344791,20210622,"TOTAL",0.228544248544771,"11/30/2021",48,"Dane County","WI",75,409819,408682,86.3,379976,87.1,78967,99.9,96.8,457407,83.7,436885,92.3,404809,92.8,82844,99.9,"A",4,4,4,4,"Metro",4,4,4,4
"2223",2020,"WISCONSIN","WI","DODGE",55027,"US PRESIDENT","DONALD J TRUMP","REPUBLICAN",31355,48436,20210622,"TOTAL",0.647349079197291,"11/30/2021",48,"Dodge County","WI",47.7,41883,41882,54.3,39764,56.3,13529,84.6,96.8,45104,51.3,44639,57.9,42213,59.7,14110,88.2,"A",3,4,4,4,"Non-metro",7,8,8,8
"2224",2020,"WISCONSIN","WI","DOOR",55029,"US PRESIDENT","DONALD J TRUMP","REPUBLICAN",9752,20117,20210622,"TOTAL",0.484764129840433,"11/30/2021",48,"Door County","WI",72.7,20127,20126,80.9,19317,83.4,8420,99.8,96.8,21939,79.3,21618,86.9,20645,89.1,9014,99.9,"A",4,4,4,4,"Non-metro",8,8,8,8
"2225",2020,"WISCONSIN","WI","DOUGLAS",55031,"US PRESIDENT","DONALD J TRUMP","REPUBLICAN",10923,24677,20210622,"TOTAL",0.442638894517162,"11/30/2021",48,"Douglas County","WI",39.9,17200,17198,45.7,16380,47.2,5573,67.2,96.8,21521,49.9,21198,56.4,20160,58.1,6671,80.5,"B",6,7,7,7,"Metro",2,3,3,3
"2226",2020,"WISCONSIN","WI","DUNN",55033,"US PRESIDENT","DONALD J TRUMP","REPUBLICAN",13173,23524,20210622,"TOTAL",0.559981295698011,"11/30/2021",48,"Dunn County","WI",44.9,20383,20372,51.5,19147,52.5,5985,82,96.8,21993,48.5,21517,54.4,20158,55.2,6176,84.6,"A",3,4,4,4,"Non-metro",7,8,8,8
"2227",2020,"WISCONSIN","WI","EAU CLAIRE",55035,"US PRESIDENT","DONALD J TRUMP","REPUBLICAN",25341,58275,20210622,"TOTAL",0.434851994851995,"11/30/2021",48,"Eau Claire County","WI",56.6,59232,59198,65.3,55639,66.6,15352,90.5,96.8,63746,60.9,61923,68.3,57792,69.2,15907,93.8,"A",4,4,4,4,"Metro",4,4,4,4
"2228",2020,"WISCONSIN","WI","FLORENCE",55037,"US PRESIDENT","DONALD J TRUMP","REPUBLICAN",2133,2940,20210622,"TOTAL",0.725510204081633,"11/30/2021",48,"Florence County","WI",52.9,2271,2270,58.2,2217,60.2,1085,93.4,96.8,2410,56.1,2406,61.6,2349,63.8,1142,98.3,"A",4,4,4,4,"Non-metro",8,8,8,8
"2229",2020,"WISCONSIN","WI","FOND DU LAC",55039,"US PRESIDENT","DONALD J TRUMP","REPUBLICAN",35754,57251,20210622,"TOTAL",0.624513108941328,"11/30/2021",48,"Fond du Lac County","WI",51,52743,52717,59,50196,61.6,16642,84.7,96.8,57603,55.7,56864,63.6,53745,66,17704,90.1,"A",4,4,4,4,"Metro",4,4,4,4
"2230",2020,"WISCONSIN","WI","FOREST",55041,"US PRESIDENT","DONALD J TRUMP","REPUBLICAN",3285,5053,20210622,"TOTAL",0.650108846229962,"11/30/2021",48,"Forest County","WI",55.7,5012,5009,64,4814,66.6,1914,92.1,96.8,5581,62,5551,70.9,5335,73.8,2168,99.9,"C",12,12,12,12,"Non-metro",8,8,8,8
"2231",2020,"WISCONSIN","WI","GRANT",55043,"US PRESIDENT","DONALD J TRUMP","REPUBLICAN",14142,25608,20210622,"TOTAL",0.552249297094658,"11/30/2021",48,"Grant County","WI",51,26231,26227,58.9,24785,60.8,9103,99.9,96.8,28715,55.8,28137,63.2,26529,65,9703,99.9,"A",4,4,4,4,"Non-metro",8,8,8,8
"2232",2020,"WISCONSIN","WI","GREEN",55045,"US PRESIDENT","DONALD J TRUMP","REPUBLICAN",10169,21406,20210622,"TOTAL",0.475053723255162,"11/30/2021",48,"Green County","WI",58.6,21676,21663,67.9,20163,70,6441,90.5,96.8,23309,63.1,22668,71.1,21000,72.9,6624,93.1,"A",4,4,4,4,"Metro",4,4,4,4
"2233",2020,"WISCONSIN","WI","GREEN LAKE",55047,"US PRESIDENT","DONALD J TRUMP","REPUBLICAN",7168,10671,20210622,"TOTAL",0.671727110861213,"11/30/2021",48,"Green Lake County","WI",51.4,9715,9713,59.7,9302,63,3766,87.3,96.8,10433,55.2,10325,63.4,9843,66.6,3918,90.8,"B",8,8,8,8,"Non-metro",8,8,8,8
"2234",2020,"WISCONSIN","WI","IOWA",55049,"US PRESIDENT","DONALD J TRUMP","REPUBLICAN",5909,13992,20210622,"TOTAL",0.422312750142939,"11/30/2021",48,"Iowa County","WI",63.7,15087,15055,74.1,14075,76.5,4385,95.1,96.8,16464,69.5,15943,78.5,14822,80.6,4550,98.7,"A",4,4,4,4,"Metro",4,4,4,4
"2235",2020,"WISCONSIN","WI","IRON",55051,"US PRESIDENT","DONALD J TRUMP","REPUBLICAN",2438,4010,20210622,"TOTAL",0.607980049875312,"11/30/2021",48,"Iron County","WI",62.6,3562,3562,68.9,3428,71,1619,88.8,96.8,3947,69.4,3915,75.7,3771,78.1,1712,93.9,"B",8,8,8,8,"Non-metro",8,8,8,8
"2236",2020,"WISCONSIN","WI","JACKSON",55053,"US PRESIDENT","DONALD J TRUMP","REPUBLICAN",5791,10184,20210622,"TOTAL",0.568637077769049,"11/30/2021",48,"Jackson County","WI",46.1,9525,9519,53.8,8926,55.3,3151,79.3,96.8,10340,50.1,10144,57.3,9492,58.8,3303,83.1,"C",11,12,12,12,"Non-metro",7,8,8,8
"2237",2020,"WISCONSIN","WI","JEFFERSON",55055,"US PRESIDENT","DONALD J TRUMP","REPUBLICAN",27208,47979,20210622,"TOTAL",0.567081431459597,"11/30/2021",48,"Jefferson County","WI",52.6,44559,44509,60.3,41657,62.1,12554,83.8,96.8,48519,57.2,47430,64.3,44260,65.9,13174,88,"A",4,4,4,4,"Non-metro",8,8,8,8
"2238",2020,"WISCONSIN","WI","JUNEAU",55057,"US PRESIDENT","DONALD J TRUMP","REPUBLICAN",8749,13709,20210622,"TOTAL",0.638193887227369,"11/30/2021",48,"Juneau County","WI",48.5,12935,12934,55.6,12337,57.8,4707,84.6,96.8,14277,53.5,14140,60.8,13445,63,4911,88.3,"B",7,8,8,8,"Non-metro",7,8,8,8
"2239",2020,"WISCONSIN","WI","KENOSHA",55059,"US PRESIDENT","DONALD J TRUMP","REPUBLICAN",44972,88738,20210622,"TOTAL",0.506795284996281,"11/30/2021",48,"Kenosha County","WI",53.9,91439,91406,62.9,85562,65,21909,88.7,96.8,101774,60,100159,69,93579,71.1,23522,95.2,"C",12,12,12,12,"Metro",4,4,4,4
"2240",2020,"WISCONSIN","WI","KEWAUNEE",55061,"US PRESIDENT","DONALD J TRUMP","REPUBLICAN",7927,12095,20210622,"TOTAL",0.655394791236048,"11/30/2021",48,"Kewaunee County","WI",48.4,9882,9880,56,9398,58.6,3478,81.3,96.8,10533,51.5,10406,58.9,9855,61.4,3596,84.1,"A",3,4,4,4,"Metro",3,4,4,4
"2241",2020,"WISCONSIN","WI","LA CROSSE",55063,"US PRESIDENT","DONALD J TRUMP","REPUBLICAN",28684,67884,20210622,"TOTAL",0.422544340345295,"11/30/2021",48,"La Crosse County","WI",62.8,74101,74043,71.9,68917,72.6,19242,96.5,96.8,80977,68.6,78772,76.4,72955,76.9,20096,99.9,"A",4,4,4,4,"Metro",4,4,4,4
"2242",2020,"WISCONSIN","WI","LAFAYETTE",55065,"US PRESIDENT","DONALD J TRUMP","REPUBLICAN",4821,8555,20210622,"TOTAL",0.563530099357101,"11/30/2021",48,"Lafayette County","WI",55.5,9252,9251,65.6,8680,68.5,3037,94.1,96.8,10093,60.6,9873,70,9230,72.8,3164,98,"A",4,4,4,4,"Non-metro",8,8,8,8
"2243",2020,"WISCONSIN","WI","LANGLADE",55067,"US PRESIDENT","DONALD J TRUMP","REPUBLICAN",7330,11165,20210622,"TOTAL",0.656515897895208,"11/30/2021",48,"Langlade County","WI",50.5,9698,9698,57.6,9332,60.4,4002,84.4,96.8,10277,53.6,10217,60.7,9820,63.6,4150,87.6,"B",8,8,8,8,"Non-metro",8,8,8,8
"2244",2020,"WISCONSIN","WI","LINCOLN",55069,"US PRESIDENT","DONALD J TRUMP","REPUBLICAN",10017,16497,20210622,"TOTAL",0.607201309328969,"11/30/2021",48,"Lincoln County","WI",51.4,14184,14181,58,13624,60.4,5625,91.9,96.8,15208,55.1,15066,61.6,14452,64,5867,95.9,"A",4,4,4,4,"Non-metro",8,8,8,8
"2245",2020,"WISCONSIN","WI","MANITOWOC",55071,"US PRESIDENT","DONALD J TRUMP","REPUBLICAN",27218,44829,20210622,"TOTAL",0.607151620602735,"11/30/2021",48,"Manitowoc County","WI",55.8,44071,44047,64.1,41835,66.6,15130,90.7,96.8,47499,60.1,46948,68.3,44483,70.8,15794,94.7,"A",4,4,4,4,"Non-metro",8,8,8,8
"2246",2020,"WISCONSIN","WI","MARATHON",55073,"US PRESIDENT","DONALD J TRUMP","REPUBLICAN",44624,76751,20210622,"TOTAL",0.581412620031009,"11/30/2021",48,"Marathon County","WI",55,74698,74582,64.4,69869,66.6,21674,87.8,96.8,81381,60,79920,69,74727,71.2,22973,93.1,"A",4,4,4,4,"Metro",4,4,4,4
"2247",2020,"WISCONSIN","WI","MARINETTE",55075,"US PRESIDENT","DONALD J TRUMP","REPUBLICAN",15304,22979,20210622,"TOTAL",0.665999390748074,"11/30/2021",48,"Marinette County","WI",49.5,19967,19950,56.1,19273,58.9,8435,85.3,96.8,21573,53.5,21389,60.2,20627,63,8787,88.8,"B",7,8,8,8,"Non-metro",7,8,8,8
"2248",2020,"WISCONSIN","WI","MARQUETTE",55077,"US PRESIDENT","DONALD J TRUMP","REPUBLICAN",5719,9065,20210622,"TOTAL",0.630888030888031,"11/30/2021",48,"Marquette County","WI",49.6,7731,7730,56.7,7412,58.9,3222,82.5,96.8,8263,53.1,8159,59.9,7798,62,3355,85.9,"B",7,8,8,8,"Non-metro",7,8,8,8
"2249",2020,"WISCONSIN","WI","MENOMINEE",55078,"US PRESIDENT","DONALD J TRUMP","REPUBLICAN",278,1590,20210622,"TOTAL",0.174842767295597,"11/30/2021",48,"Menominee County","WI",71.1,3241,3240,92.1,2823,92.8,635,99.7,96.8,3555,78,3358,95.5,2903,95.5,648,99.9,"D",16,16,16,16,"Non-metro",8,8,8,8
"2250",2020,"WISCONSIN","WI","MILWAUKEE",55079,"US PRESIDENT","DONALD J TRUMP","REPUBLICAN",134357,458971,20210622,"TOTAL",0.292735270855893,"11/30/2021",48,"Milwaukee County","WI",57.6,544778,544312,68.6,507703,70.5,114951,86.9,96.8,611795,64.7,598744,75.5,556589,77.3,123240,93.2,"D",16,16,16,16,"Metro",4,4,4,4
"2251",2020,"WISCONSIN","WI","MONROE",55081,"US PRESIDENT","DONALD J TRUMP","REPUBLICAN",13775,22611,20210622,"TOTAL",0.609216752907877,"11/30/2021",48,"Monroe County","WI",48.8,22560,22552,58.5,21221,61.4,7169,88.5,96.8,25127,54.3,24720,64.1,23131,66.9,7509,92.7,"B",7,8,8,8,"Non-metro",7,8,8,8
"2252",2020,"WISCONSIN","WI","OCONTO",55083,"US PRESIDENT","DONALD J TRUMP","REPUBLICAN",16226,23215,20210622,"TOTAL",0.698944647856989,"11/30/2021",48,"Oconto County","WI",49.3,18687,18681,56.5,17869,59,6899,87.2,96.8,19968,52.6,19765,59.8,18862,62.2,7175,90.6,"A",3,4,4,4,"Metro",3,4,4,4
"2253",2020,"WISCONSIN","WI","ONEIDA",55085,"US PRESIDENT","DONALD J TRUMP","REPUBLICAN",13671,24159,20210622,"TOTAL",0.56587607102943,"11/30/2021",48,"Oneida County","WI",61.4,21856,21842,69.1,21029,71.2,9137,96.2,96.8,23442,65.9,23201,73.4,22281,75.5,9594,99.9,"A",4,4,4,4,"Non-metro",8,8,8,8
"2254",2020,"WISCONSIN","WI","OUTAGAMIE",55087,"US PRESIDENT","DONALD J TRUMP","REPUBLICAN",58385,108022,20210622,"TOTAL",0.540491751680213,"11/30/2021",48,"Outagamie County","WI",58.5,110005,109935,69,102212,71,26946,94,96.8,119924,63.8,117125,73.6,108581,75.4,28478,99.4,"A",4,4,4,4,"Metro",4,4,4,4
"2255",2020,"WISCONSIN","WI","OZAUKEE",55089,"US PRESIDENT","DONALD J TRUMP","REPUBLICAN",33912,61486,20210622,"TOTAL",0.551540188010279,"11/30/2021",48,"Ozaukee County","WI",65.6,58548,58462,75.7,54160,77.1,17125,94.3,96.8,64749,72.6,62761,81.3,58084,82.7,18343,99.9,"A",4,4,4,4,"Metro",4,4,4,4
"2256",2020,"WISCONSIN","WI","PEPIN",55091,"US PRESIDENT","DONALD J TRUMP","REPUBLICAN",2584,4144,20210622,"TOTAL",0.623552123552124,"11/30/2021",48,"Pepin County","WI",46.3,3371,3368,53.6,3156,54.7,1342,78.3,96.8,3588,49.2,3556,56.6,3330,57.7,1378,80.4,"A",3,4,4,4,"Non-metro",7,8,8,8
"2257",2020,"WISCONSIN","WI","PIERCE",55093,"US PRESIDENT","DONALD J TRUMP","REPUBLICAN",12815,23317,20210622,"TOTAL",0.549599005017798,"11/30/2021",48,"Pierce County","WI",40.3,17245,17233,46.3,16308,48,5445,83.5,96.8,19277,45.1,18839,50.6,17814,52.5,5780,88.6,"A",3,3,3,4,"Metro",3,3,3,4
"2258",2020,"WISCONSIN","WI","POLK",55095,"US PRESIDENT","DONALD J TRUMP","REPUBLICAN",16611,26371,20210622,"TOTAL",0.629896477190854,"11/30/2021",48,"Polk County","WI",47.1,20607,20606,54,19713,56.7,8114,86.9,96.8,22755,52,22502,58.9,21460,61.7,8648,92.7,"A",3,4,4,4,"Non-metro",7,8,8,8
"2259",2020,"WISCONSIN","WI","PORTAGE",55097,"US PRESIDENT","DONALD J TRUMP","REPUBLICAN",19299,40603,20210622,"TOTAL",0.475309706179346,"11/30/2021",48,"Portage County","WI",57,40340,40248,64.8,37736,65.8,11107,90.6,96.8,44542,62.9,43595,70.2,40807,71.2,12293,99.9,"A",4,4,4,4,"Non-metro",8,8,8,8
"2260",2020,"WISCONSIN","WI","PRICE",55099,"US PRESIDENT","DONALD J TRUMP","REPUBLICAN",5394,8546,20210622,"TOTAL",0.631172478352446,"11/30/2021",48,"Price County","WI",57.8,7712,7711,64.9,7363,67.2,3173,89.8,96.8,8208,61.5,8126,68.4,7744,70.7,3304,93.5,"A",4,4,4,4,"Non-metro",8,8,8,8
"2261",2020,"WISCONSIN","WI","RACINE",55101,"US PRESIDENT","DONALD J TRUMP","REPUBLICAN",54479,106451,20210622,"TOTAL",0.511775370827893,"11/30/2021",48,"Racine County","WI",55.1,108126,108064,64.7,101786,67.2,30161,89.7,96.8,118743,60.5,116953,70,109793,72.5,31957,95,"B",8,8,8,8,"Metro",4,4,4,4
"2262",2020,"WISCONSIN","WI","RICHLAND",55103,"US PRESIDENT","DONALD J TRUMP","REPUBLICAN",4871,9014,20210622,"TOTAL",0.540381628577768,"11/30/2021",48,"Richland County","WI",54.4,9389,9383,62.8,8784,65,3445,84.8,96.8,10175,59,10021,67.1,9313,68.9,3555,87.5,"B",8,8,8,8,"Non-metro",8,8,8,8
"2263",2020,"WISCONSIN","WI","ROCK",55105,"US PRESIDENT","DONALD J TRUMP","REPUBLICAN",37138,85360,20210622,"TOTAL",0.435074976569822,"11/30/2021",48,"Rock County","WI",63.1,103136,103028,74,96918,76.9,29832,99.9,96.8,114064,69.8,111621,80.2,104575,83,31436,99.9,"B",8,8,8,8,"Metro",4,4,4,4
"2264",2020,"WISCONSIN","WI","RUSK",55107,"US PRESIDENT","DONALD J TRUMP","REPUBLICAN",5257,7886,20210622,"TOTAL",0.666624397666751,"11/30/2021",48,"Rusk County","WI",38.1,5398,5397,43.8,5185,45.9,2294,65.2,96.8,5824,41.1,5786,46.9,5550,49.1,2448,69.6,"B",6,7,7,7,"Non-metro",6,7,7,7
"2265",2020,"WISCONSIN","WI","ST. CROIX",55109,"US PRESIDENT","DONALD J TRUMP","REPUBLICAN",32199,56707,20210622,"TOTAL",0.567813497451814,"11/30/2021",48,"St. Croix County","WI",45.1,40914,40825,53.3,37833,55.2,11048,82.9,96.8,47043,51.9,45622,59.5,42257,61.7,12219,91.7,"A",3,4,4,4,"Metro",3,4,4,4
"2266",2020,"WISCONSIN","WI","SAUK",55111,"US PRESIDENT","DONALD J TRUMP","REPUBLICAN",17493,36203,20210622,"TOTAL",0.483192000662929,"11/30/2021",48,"Sauk County","WI",58.1,37444,37328,68,35119,70.5,11431,93.1,96.8,40988,63.6,40066,73,37549,75.4,11960,97.4,"A",4,4,4,4,"Non-metro",8,8,8,8
"2267",2020,"WISCONSIN","WI","SAWYER",55113,"US PRESIDENT","DONALD J TRUMP","REPUBLICAN",5909,10510,20210622,"TOTAL",0.562226450999049,"11/30/2021",48,"Sawyer County","WI",54.9,9098,9097,62.8,8612,64.4,3874,87.7,96.8,10710,64.7,10436,72,9813,73.3,4493,99.9,"B",8,8,8,8,"Non-metro",8,8,8,8
"2268",2020,"WISCONSIN","WI","SHAWANO",55115,"US PRESIDENT","DONALD J TRUMP","REPUBLICAN",15173,22615,20210622,"TOTAL",0.670926376298917,"11/30/2021",48,"Shawano County","WI",49.1,20079,20073,56.8,19015,59.1,6964,78.9,96.8,21696,53,21415,60.5,20203,62.8,7259,82.3,"A",3,4,4,4,"Non-metro",7,8,8,8
"2269",2020,"WISCONSIN","WI","SHEBOYGAN",55117,"US PRESIDENT","DONALD J TRUMP","REPUBLICAN",37609,66011,20210622,"TOTAL",0.569738376937177,"11/30/2021",48,"Sheboygan County","WI",56.5,65141,65120,65.6,61205,67.9,19263,90,96.8,70624,61.2,69527,70,65180,72.3,20132,94.1,"A",4,4,4,4,"Metro",4,4,4,4
"2270",2020,"WISCONSIN","WI","TAYLOR",55119,"US PRESIDENT","DONALD J TRUMP","REPUBLICAN",7657,10686,20210622,"TOTAL",0.71654501216545,"11/30/2021",48,"Taylor County","WI",32.7,6662,6656,38.4,6389,41,2631,66.1,96.8,7064,34.7,6996,40.4,6698,43,2709,68.1,"A",2,2,3,3,"Non-metro",6,6,7,7
"2271",2020,"WISCONSIN","WI","TREMPEALEAU",55121,"US PRESIDENT","DONALD J TRUMP","REPUBLICAN",8833,15380,20210622,"TOTAL",0.574317295188557,"11/30/2021",48,"Trempealeau County","WI",60.3,17893,17887,72.4,16738,75.4,5708,99.9,96.8,19396,65.4,19061,77.1,17740,79.9,5877,99.9,"B",8,8,8,8,"Non-metro",8,8,8,8
"2272",2020,"WISCONSIN","WI","VERNON",55123,"US PRESIDENT","DONALD J TRUMP","REPUBLICAN",8218,15923,20210622,"TOTAL",0.516108773472336,"11/30/2021",48,"Vernon County","WI",51,15722,15718,61.4,14711,64.5,5468,88.9,96.8,16874,54.7,16513,64.5,15388,67.5,5650,91.8,"B",8,8,8,8,"Non-metro",8,8,8,8
"2273",2020,"WISCONSIN","WI","VILAS",55125,"US PRESIDENT","DONALD J TRUMP","REPUBLICAN",9261,15369,20210622,"TOTAL",0.602576615264493,"11/30/2021",48,"Vilas County","WI",62.1,13793,13787,69.6,13341,72.3,6412,93.1,96.8,15030,67.7,14946,75.5,14433,78.2,6923,99.9,"A",4,4,4,4,"Non-metro",8,8,8,8
"2274",2020,"WISCONSIN","WI","WALWORTH",55127,"US PRESIDENT","DONALD J TRUMP","REPUBLICAN",33851,57600,20210622,"TOTAL",0.587690972222222,"11/30/2021",48,"Walworth County","WI",49.5,51413,51383,56.5,48593,58.7,16164,84.8,96.8,56753,54.6,56054,61.7,52883,63.8,17494,91.8,"B",7,8,8,8,"Non-metro",7,8,8,8
"2275",2020,"WISCONSIN","WI","WASHBURN",55129,"US PRESIDENT","DONALD J TRUMP","REPUBLICAN",6334,10378,20210622,"TOTAL",0.610329543264598,"11/30/2021",48,"Washburn County","WI",59.4,9331,9326,67.4,8957,70.2,4225,98.2,96.8,10111,64.3,9998,72.2,9565,75,4478,99.9,"A",4,4,4,4,"Non-metro",8,8,8,8
"2276",2020,"WISCONSIN","WI","WASHINGTON",55131,"US PRESIDENT","DONALD J TRUMP","REPUBLICAN",60237,88070,20210622,"TOTAL",0.683967298739639,"11/30/2021",48,"Washington County","WI",53.2,72384,72351,61.5,68362,64.1,22249,88.5,96.8,78311,57.6,77106,65.6,72720,68.2,23415,93.2,"A",4,4,4,4,"Metro",4,4,4,4
"2277",2020,"WISCONSIN","WI","WAUKESHA",55133,"US PRESIDENT","DONALD J TRUMP","REPUBLICAN",159649,267996,20210622,"TOTAL",0.595714115136047,"11/30/2021",48,"Waukesha County","WI",64.1,259056,258800,73.8,240990,75.7,71993,92.8,96.8,285070,70.5,277880,79.3,258156,81.1,76595,98.8,"A",4,4,4,4,"Metro",4,4,4,4
"2278",2020,"WISCONSIN","WI","WAUPACA",55135,"US PRESIDENT","DONALD J TRUMP","REPUBLICAN",18952,29130,20210622,"TOTAL",0.650600755235153,"11/30/2021",48,"Waupaca County","WI",50.2,25580,25575,57.5,24389,59.9,9589,88.3,96.8,27341,53.6,27022,60.8,25704,63.2,9869,90.9,"A",4,4,4,4,"Non-metro",8,8,8,8
"2279",2020,"WISCONSIN","WI","WAUSHARA",55137,"US PRESIDENT","DONALD J TRUMP","REPUBLICAN",9016,13568,20210622,"TOTAL",0.664504716981132,"11/30/2021",48,"Waushara County","WI",41.6,10160,10159,47,9767,48.9,4302,70.3,96.8,10906,44.6,10793,49.9,10321,51.6,4483,73.3,"B",7,7,7,8,"Non-metro",7,7,7,8
"2280",2020,"WISCONSIN","WI","WINNEBAGO",55139,"US PRESIDENT","DONALD J TRUMP","REPUBLICAN",47796,94032,20210622,"TOTAL",0.50829504849413,"11/30/2021",48,"Winnebago County","WI",56,96327,96278,64.6,90258,65.9,25760,89.1,96.8,105136,61.2,102965,69.1,96204,70.3,27454,95,"A",4,4,4,4,"Metro",4,4,4,4
"2281",2020,"WISCONSIN","WI","WOOD",55141,"US PRESIDENT","DONALD J TRUMP","REPUBLICAN",24308,41298,20210622,"TOTAL",0.588599932200107,"11/30/2021",48,"Wood County","WI",56.8,41446,41359,65.9,39087,68.3,14015,91,96.8,45351,62.1,44646,71.2,42085,73.5,14969,97.2,"A",4,4,4,4,"Non-metro",8,8,8,8
"2282",2020,"WYOMING","WY","ALBANY",56001,"US PRESIDENT","DONALD J TRUMP","REPUBLICAN",8579,18744,20210622,"TOTAL",0.457693128467776,"11/30/2021",48,"Albany County","WY",49,19066,19065,55.1,18001,55.2,4065,85.5,96.4,22202,57.1,21655,62.5,20424,62.6,4401,92.6,"A",3,4,4,4,"Non-metro",7,8,8,8
"2283",2020,"WYOMING","WY","BIG HORN",56003,"US PRESIDENT","DONALD J TRUMP","REPUBLICAN",4806,5784,20210622,"TOTAL",0.830912863070539,"11/30/2021",48,"Big Horn County","WY",34.6,4075,4075,40.8,3863,43.4,1749,67.8,96.4,4664,39.6,4639,46.5,4400,49.5,1890,73.3,"B",6,7,7,7,"Non-metro",6,7,7,7
"2284",2020,"WYOMING","WY","CAMPBELL",56005,"US PRESIDENT","DONALD J TRUMP","REPUBLICAN",16975,19735,20210622,"TOTAL",0.860146947048391,"11/30/2021",48,"Campbell County","WY",26.8,12413,12413,32.7,11936,35.3,3456,69.6,96.4,15014,32.4,14925,39.3,14276,42.3,3972,79.9,"B",5,6,6,7,"Non-metro",5,6,6,7
"2285",2020,"WYOMING","WY","CARBON",56007,"US PRESIDENT","DONALD J TRUMP","REPUBLICAN",5014,6706,20210622,"TOTAL",0.747688637041455,"11/30/2021",48,"Carbon County","WY",41,6065,6065,48.3,5855,51.2,1860,69.8,96.4,7565,51.1,7525,59.9,7229,63.2,2174,81.5,"C",11,11,12,11,"Non-metro",7,7,8,7
"2286",2020,"WYOMING","WY","CONVERSE",56009,"US PRESIDENT","DONALD J TRUMP","REPUBLICAN",5917,7010,20210622,"TOTAL",0.844079885877318,"11/30/2021",48,"Converse County","WY",30.6,4224,4224,36.4,4076,39,1571,66,96.4,4803,34.7,4780,41.2,4608,44.1,1739,73.1,"A",2,2,2,3,"Non-metro",6,6,6,7
"2287",2020,"WYOMING","WY","CROOK",56011,"US PRESIDENT","DONALD J TRUMP","REPUBLICAN",3651,4143,20210622,"TOTAL",0.88124547429399,"11/30/2021",48,"Crook County","WY",27.1,2056,2056,32.7,2001,35,998,62.3,96.4,2397,31.6,2390,38,2302,40.3,1083,67.6,"A",1,2,2,3,"Non-metro",5,6,6,7
"2288",2020,"WYOMING","WY","FREMONT",56013,"US PRESIDENT","DONALD J TRUMP","REPUBLICAN",12007,18234,20210622,"TOTAL",0.658495119008446,"11/30/2021",48,"Fremont County","WY",57.7,22659,22657,69.4,20628,70.5,6391,86.5,96.4,27450,69.9,26942,82.6,24348,83.2,7182,97.2,"C",12,12,12,12,"Non-metro",8,8,8,8
"2289",2020,"WYOMING","WY","GOSHEN",56015,"US PRESIDENT","DONALD J TRUMP","REPUBLICAN",4878,6272,20210622,"TOTAL",0.777742346938776,"11/30/2021",48,"Goshen County","WY",36,4752,4751,41.3,4576,43.1,2028,68.7,96.4,5240,39.7,5202,45.2,4996,47,2113,71.6,"B",6,7,7,7,"Non-metro",6,7,7,7
"2290",2020,"WYOMING","WY","HOT SPRINGS",56017,"US PRESIDENT","DONALD J TRUMP","REPUBLICAN",1999,2588,20210622,"TOTAL",0.77241112828439,"11/30/2021",48,"Hot Springs County","WY",44.7,1972,1971,51.3,1910,54.5,922,75.5,96.4,2104,47.7,2084,54.3,2010,57.3,956,78.3,"A",3,4,4,4,"Non-metro",7,8,8,8
"2291",2020,"WYOMING","WY","JOHNSON",56019,"US PRESIDENT","DONALD J TRUMP","REPUBLICAN",3881,4952,20210622,"TOTAL",0.783723747980614,"11/30/2021",48,"Johnson County","WY",39.2,3307,3307,45.3,3170,47.9,1499,72.1,96.4,3758,44.5,3721,51,3547,53.6,1622,78.1,"A",2,3,3,4,"Non-metro",6,7,7,8
"2292",2020,"WYOMING","WY","LARAMIE",56021,"US PRESIDENT","DONALD J TRUMP","REPUBLICAN",27891,45237,20210622,"TOTAL",0.616552821805159,"11/30/2021",48,"Laramie County","WY",49.1,48833,48829,58,46086,60.2,13777,84.1,96.4,57217,57.5,56723,67.4,53467,69.8,15339,93.6,"B",7,8,8,8,"Metro",3,4,4,4
"2293",2020,"WYOMING","WY","LINCOLN",56023,"US PRESIDENT","DONALD J TRUMP","REPUBLICAN",8643,10525,20210622,"TOTAL",0.821187648456057,"11/30/2021",48,"Lincoln County","WY",38,7539,7539,45.8,7162,49.1,2626,73.4,96.4,8658,43.7,8589,52.2,8124,55.6,2928,81.9,"A",2,3,3,4,"Non-metro",6,7,7,8
"2294",2020,"WYOMING","WY","NATRONA",56025,"US PRESIDENT","DONALD J TRUMP","REPUBLICAN",25271,35391,20210622,"TOTAL",0.714051595038287,"11/30/2021",48,"Natrona County","WY",40.4,32245,32237,48,30575,50.3,9831,77.3,96.4,37986,47.6,37586,56,35503,58.5,10790,84.8,"B",7,7,8,8,"Metro",3,3,4,4
"2295",2020,"WYOMING","WY","NIOBRARA",56027,"US PRESIDENT","DONALD J TRUMP","REPUBLICAN",1118,1322,20210622,"TOTAL",0.845688350983359,"11/30/2021",48,"Niobrara County","WY",29.2,687,687,33.3,681,35,332,60.4,96.4,768,32.6,761,36.9,754,38.8,369,67.1,"B",5,6,6,7,"Non-metro",5,6,6,7
"2296",2020,"WYOMING","WY","PARK",56029,"US PRESIDENT","DONALD J TRUMP","REPUBLICAN",12813,16815,20210622,"TOTAL",0.76199821587868,"11/30/2021",48,"Park County","WY",42.7,12461,12461,49.2,12012,51.7,5284,74.2,96.4,14310,49,14233,56.3,13681,58.9,5796,81.4,"A",3,3,4,4,"Non-metro",7,7,8,8
"2297",2020,"WYOMING","WY","PLATTE",56031,"US PRESIDENT","DONALD J TRUMP","REPUBLICAN",3898,4963,20210622,"TOTAL",0.785412049163812,"11/30/2021",48,"Platte County","WY",38,3191,3191,43.8,3082,46.1,1529,70.2,96.4,3458,41.2,3440,47.3,3318,49.6,1618,74.3,"A",2,3,3,4,"Non-metro",6,7,7,8
"2298",2020,"WYOMING","WY","SHERIDAN",56033,"US PRESIDENT","DONALD J TRUMP","REPUBLICAN",11843,16546,20210622,"TOTAL",0.715762117732382,"11/30/2021",48,"Sheridan County","WY",46.7,14235,14235,54,13655,56.8,5688,86.1,96.4,16485,54.1,16266,61.7,15490,64.4,6138,92.9,"A",3,4,4,4,"Non-metro",7,8,8,8
"2299",2020,"WYOMING","WY","SUBLETTE",56035,"US PRESIDENT","DONALD J TRUMP","REPUBLICAN",3957,5000,20210622,"TOTAL",0.7914,"11/30/2021",48,"Sublette County","WY",31,3049,3049,36.2,2932,38.3,1101,54.6,96.4,3870,39.4,3830,45.4,3660,47.8,1288,63.9,"A",2,2,2,3,"Non-metro",6,6,6,7
"2300",2020,"WYOMING","WY","SWEETWATER",56037,"US PRESIDENT","DONALD J TRUMP","REPUBLICAN",12229,16698,20210622,"TOTAL",0.732363157264343,"11/30/2021",48,"Sweetwater County","WY",41.9,17761,17761,50.5,16771,53.5,4733,86.2,96.4,22155,52.3,21989,62.5,20663,65.9,5634,99.9,"B",7,8,8,8,"Non-metro",7,8,8,8
"2301",2020,"WYOMING","WY","TETON",56039,"US PRESIDENT","DONALD J TRUMP","REPUBLICAN",4341,14787,20210622,"TOTAL",0.293568675187665,"11/30/2021",48,"Teton County","WY",83.3,19541,19540,94.6,18383,95.4,3523,94.8,96.4,22919,97.7,22227,99.9,20935,99.9,3990,99.9,"A",4,4,4,4,"Non-metro",8,8,8,8
"2302",2020,"WYOMING","WY","UINTA",56041,"US PRESIDENT","DONALD J TRUMP","REPUBLICAN",7496,9459,20210622,"TOTAL",0.792472777249181,"11/30/2021",48,"Uinta County","WY",44,8893,8892,53.8,8312,57.4,2522,83.4,96.4,10571,52.3,10446,63.2,9745,67.3,2855,94.4,"B",7,8,8,8,"Non-metro",7,8,8,8
"2303",2020,"WYOMING","WY","WASHAKIE",56043,"US PRESIDENT","DONALD J TRUMP","REPUBLICAN",3245,4032,20210622,"TOTAL",0.804811507936508,"11/30/2021",48,"Washakie County","WY",38.8,3030,3030,44.8,2905,48.2,1329,76.8,96.4,3347,42.9,3314,49,3166,52.6,1409,81.4,"B",6,7,7,8,"Non-metro",6,7,7,8
"2304",2020,"WYOMING","WY","WESTON",56045,"US PRESIDENT","DONALD J TRUMP","REPUBLICAN",3107,3560,20210622,"TOTAL",0.872752808988764,"11/30/2021",48,"Weston County","WY",33.3,2307,2307,38.4,2256,40.9,1001,67.7,96.4,2580,37.2,2574,42.9,2508,45.5,1078,72.9,"B",6,6,7,7,"Non-metro",6,6,7,7
